1768846394
-255
-91.67
56.12
-42.79
115.05
3.70
1768846394
-245
-61.69
35.02
-28.49
112.63
3.68
1768846394
-235
-61.18
35.29
-28.30
110.19
4.33
1768846394
-225
-61.05
35.12
-26.87
107.73
4.31
1768846394
-215
-61.10
36.40
-27.93
105.26
4.29
1768846394
-205
-61.35
36.42
-27.30
102.78
4.07
1768846394
-195
-59.30
33.98
-28.29
100.28
3.81
1768846394
-185
-58.55
33.86
-27.73
97.77
3.37
1768846394
-175
-58.71
33.05
-26.05
95.25
3.76
1768846394
-165
-60.23
36.30
-26.32
92.72
3.67
1768846394
-155
-60.19
36.25
-26.28
90.18
3.38
1768846394
-145
-59.80
36.57
-25.67
87.62
4.26
1768846394
-135
-58.97
35.25
-26.79
85.06
3.37
1768846394
-125
-56.55
33.97
-27.01
82.48
4.23
1768846394
-115
-56.05
34.80
-26.37
79.90
3.49
1768846394
-105
-57.14
33.85
-25.76
77.31
3.42
1768846394
-95
-58.33
36.62
-25.94
74.71
3.70
1768846394
-85
-57.47
36.22
-25.28
72.11
4.13
1768846394
-75
-57.10
36.12
-25.67
69.50
4.21
1768846394
-65
-56.94
36.80
-25.39
66.88
3.72
1768846394
-55
-55.51
34.45
-24.83
64.25
3.38
1768846394
-45
-55.61
34.78
-25.05
61.63
4.32
1768846394
-35
-54.75
34.50
-24.29
58.99
4.17
1768846394
-25
-55.79
37.07
-24.28
56.36
3.46
1768846394
-15
-55.50
36.87
-24.87
53.72
3.85
1768846394
-5
-55.67
37.38
-24.14
51.07
4.00
1768846394
5
-54.72
36.62
-25.45
48.43
3.78
1768846394
15
-53.17
34.49
-25.36
45.78
3.67
1768846394
25
-53.34
35.19
-24.98
43.13
3.36
1768846394
35
-54.10
37.73
-24.16
40.49
4.16
1768846394
45
-55.27
38.08
-24.34
37.84
3.99
1768846394
55
-54.43
37.63
-24.06
35.19
4.04
1768846394
65
-53.29
38.26
-24.24
32.54
3.64
1768846394
75
-51.96
35.72
-23.81
29.90
3.87
1768846394
85
-52.51
35.73
-24.71
27.25
3.42
1768846394
95
-51.81
35.96
-23.95
24.61
4.06
1768846394
105
-53.38
38.10
-24.03
21.97
3.74
1768846394
115
-52.54
38.40
-24.50
19.34
3.82
1768846394
125
-52.70
37.94
-24.13
16.71
3.79
1768846394
135
-52.01
37.94
-23.55
14.09
4.03
1768846394
145
-50.40
35.97
-23.50
11.47
3.48
1768846394
155
-50.81
35.67
-24.38
8.86
3.87
1768846394
165
-49.39
36.86
-23.91
6.25
3.39
1768846394
175
-50.61
38.97
-23.41
3.65
4.45
1768846394
185
-49.63
39.03
-23.12
1.06
3.39
1768846394
195
-49.96
39.56
-23.06
-1.53
4.29
1768846394
205
-50.10
38.75
-24.37
-4.10
3.69
1768846394
215
-50.33
39.37
-23.99
-6.67
4.26
1768846394
225
-49.06
36.55
-24.40
-9.22
3.68
1768846394
235
-48.37
36.64
-23.38
-11.77
3.65
1768846394
245
-48.52
39.27
-22.95
-14.30
3.79
1768846394
255
-47.82
39.37
-22.65
-16.83
3.89