1768846394
-255
-93.91
57.38
-43.69
115.05
3.84
1768846394
-245
-61.35
32.84
-28.38
112.63
3.48
1768846394
-235
-61.28
32.53
-27.54
110.19
4.22
1768846394
-225
-62.16
35.44
-27.11
107.73
3.81
1768846394
-215
-62.31
35.14
-27.10
105.26
4.39
1768846394
-205
-61.99
35.32
-27.24
102.78
3.62
1768846394
-195
-61.63
35.31
-27.09
100.28
3.56
1768846394
-185
-60.58
33.54
-26.90
97.77
4.06
1768846394
-175
-60.52
33.86
-26.80
95.25
3.69
1768846394
-165
-59.52
33.68
-27.29
92.72
4.10
1768846394
-155
-61.06
35.53
-26.40
90.18
4.41
1768846394
-145
-59.68
35.57
-26.52
87.62
3.70
1768846394
-135
-60.90
35.44
-26.13
85.06
4.18
1768846394
-125
-58.74
34.08
-26.59
82.48
4.30
1768846394
-115
-59.37
34.29
-26.16
79.90
3.54
1768846394
-105
-57.98
34.13
-26.65
77.31
4.07
1768846394
-95
-57.48
33.68
-26.30
74.71
3.75
1768846394
-85
-58.51
35.59
-25.35
72.11
4.20
1768846394
-75
-58.57
36.44
-26.11
69.50
3.95
1768846394
-65
-56.86
36.13
-25.74
66.88
3.98
1768846394
-55
-56.66
33.71
-26.31
64.25
3.52
1768846394
-45
-56.41
34.02
-25.91
61.63
3.99
1768846394
-35
-56.31
35.31
-26.26
58.99
4.22
1768846394
-25
-55.93
34.04
-25.63
56.36
3.52
1768846394
-15
-56.46
36.55
-24.98
53.72
3.93
1768846394
-5
-56.54
37.47
-24.92
51.07
3.49
1768846394
5
-55.58
36.49
-24.83
48.43
3.76
1768846394
15
-54.81
34.33
-25.56
45.78
3.57
1768846394
25
-54.08
35.02
-25.36
43.13
4.34
1768846394
35
-54.46
34.43
-24.87
40.49
3.83
1768846394
45
-55.54
37.22
-25.18
37.84
3.67
1768846394
55
-55.01
37.19
-24.74
35.19
3.72
1768846394
65
-53.98
37.62
-24.42
32.54
4.08
1768846394
75
-53.67
37.21
-24.50
29.90
3.51
1768846394
85
-52.01
35.39
-24.33
27.25
3.70
1768846394
95
-52.35
35.42
-24.22
24.61
3.62
1768846394
105
-52.20
36.41
-24.50
21.97
3.90
1768846394
115
-52.76
37.12
-23.92
19.34
3.82
1768846394
125
-53.24
38.14
-24.23
16.71
3.95
1768846394
135
-52.81
37.42
-23.65
14.09
3.62
1768846394
145
-52.34
37.07
-23.95
11.47
4.07
1768846394
155
-50.25
35.76
-23.27
8.86
4.24
1768846394
165
-51.58
35.69
-23.35
6.25
4.39
1768846394
175
-49.69
36.23
-23.88
3.65
3.81
1768846394
185
-51.51
38.78
-23.57
1.06
4.18
1768846394
195
-49.95
38.58
-24.00
-1.53
4.30
1768846394
205
-50.23
38.66
-23.36
-4.10
3.49
1768846394
215
-48.89
36.26
-24.29
-6.67
4.30
1768846394
225
-48.26
37.42
-24.24
-9.22
3.87
1768846394
235
-48.30
37.16
-24.18
-11.77
4.05
1768846394
245
-49.36
39.16
-23.90
-14.30
3.50
1768846394
255
-49.12
39.54
-23.47
-16.83
4.19