1768846394
-255
-94.59
58.35
-36.57
115.05
3.86
1768846394
-245
-62.59
33.88
-25.91
112.63
3.82
1768846394
-235
-62.39
33.32
-26.46
110.19
3.83
1768846394
-225
-62.29
33.02
-25.48
107.73
3.83
1768846394
-215
-61.60
33.56
-24.96
105.26
3.84
1768846394
-205
-61.06
33.56
-23.84
102.78
3.84
1768846394
-195
-61.89
33.36
-24.69
100.28
3.84
1768846394
-185
-60.75
33.81
-25.45
97.77
3.85
1768846394
-175
-59.87
33.92
-24.35
95.25
3.85
1768846394
-165
-59.88
34.17
-25.17
92.72
3.86
1768846394
-155
-59.15
33.86
-24.73
90.18
3.86
1768846394
-145
-60.08
34.00
-23.41
87.62
3.86
1768846394
-135
-59.22
33.94
-24.37
85.06
3.86
1768846394
-125
-58.96
33.72
-23.18
82.48
3.86
1768846394
-115
-58.49
33.91
-23.40
79.90
3.86
1768846394
-105
-57.47
34.00
-23.78
77.31
3.87
1768846394
-95
-57.63
34.16
-23.12
74.71
3.87
1768846394
-85
-55.90
33.06
-24.38
72.11
3.86
1768846394
-75
-55.79
33.57
-22.81
69.50
3.85
1768846394
-65
-55.45
34.10
-23.22
66.88
3.83
1768846394
-55
-56.29
34.50
-23.04
64.25
3.81
1768846394
-45
-56.34
36.27
-22.46
61.63
3.82
1768846394
-35
-56.43
35.52
-22.49
58.99
3.84
1768846394
-25
-55.55
35.80
-21.36
56.36
3.86
1768846394
-15
-54.71
35.28
-20.98
53.72
3.86
1768846394
-5
-55.04
35.39
-21.38
51.07
3.87
1768846394
5
-54.53
35.57
-20.61
48.43
3.87
1768846394
15
-53.54
35.49
-20.87
45.78
3.88
1768846394
25
-53.70
36.14
-20.37
43.13
3.88
1768846394
35
-53.33
35.80
-21.01
40.49
3.88
1768846394
45
-52.34
35.18
-20.46
37.84
3.88
1768846394
55
-52.18
36.14
-21.25
35.19
3.88
1768846394
65
-51.54
35.61
-21.34
32.54
3.87
1768846394
75
-51.32
36.05
-21.17
29.90
3.88
1768846394
85
-51.33
36.28
-21.45
27.25
3.87
1768846394
95
-51.62
36.13
-21.55
24.61
3.87
1768846394
105
-50.19
36.49
-20.34
21.97
3.87
1768846394
115
-49.64
36.54
-20.20
19.34
3.87
1768846394
125
-49.46
36.00
-20.32
16.71
3.86
1768846394
135
-49.42
36.31
-19.93
14.09
3.86
1768846394
145
-48.70
36.86
-20.14
11.47
3.86
1768846394
155
-49.52
36.78
-20.83
8.86
3.86
1768846394
165
-48.76
37.37
-19.75
6.25
3.86
1768846394
175
-47.84
37.05
-19.56
3.65
3.86
1768846394
185
-47.87
37.16
-19.73
1.06
3.86
1768846394
195
-48.44
37.63
-20.53
-1.53
3.86
1768846394
205
-47.44
38.10
-20.34
-4.10
3.85
1768846394
215
-47.54
37.78
-20.40
-6.67
3.85
1768846394
225
-46.85
37.64
-20.53
-9.22
3.85
1768846394
235
-46.75
38.39
-20.23
-11.77
3.84
1768846394
245
-46.40
38.92
-20.11
-14.30
3.84
1768846394
255
-46.08
38.97
-19.96
-16.83
3.83