1768846394
-255
-93.81
59.13
-37.24
115.05
3.95
1768846394
-245
-63.26
33.71
-26.31
112.63
3.92
1768846394
-235
-63.00
33.09
-25.10
110.19
3.92
1768846394
-225
-62.64
33.38
-26.14
107.73
3.93
1768846394
-215
-62.39
33.22
-25.37
105.26
3.94
1768846394
-205
-62.15
33.35
-24.25
102.78
3.94
1768846394
-195
-62.72
33.72
-24.39
100.28
3.95
1768846394
-185
-61.05
33.52
-24.70
97.77
3.95
1768846394
-175
-60.60
33.58
-24.67
95.25
3.95
1768846394
-165
-60.42
32.42
-24.17
92.72
3.95
1768846394
-155
-60.86
32.87
-23.76
90.18
3.93
1768846394
-145
-59.12
33.25
-24.52
87.62
3.92
1768846394
-135
-58.45
33.19
-24.00
85.06
3.90
1768846394
-125
-60.19
34.61
-23.41
82.48
3.90
1768846394
-115
-58.17
34.52
-24.00
79.90
3.93
1768846394
-105
-59.69
34.32
-22.31
77.31
3.95
1768846394
-95
-57.12
34.16
-22.38
74.71
3.95
1768846394
-85
-57.96
35.03
-22.30
72.11
3.96
1768846394
-75
-57.03
33.94
-22.41
69.50
3.97
1768846394
-65
-57.38
34.64
-21.12
66.88
3.97
1768846394
-55
-55.59
34.55
-21.85
64.25
3.97
1768846394
-45
-56.24
34.79
-21.56
61.63
3.98
1768846394
-35
-55.36
34.60
-21.75
58.99
3.98
1768846394
-25
-54.81
34.45
-21.29
56.36
3.98
1768846394
-15
-54.73
34.68
-21.07
53.72
3.98
1768846394
-5
-54.51
35.05
-21.14
51.07
3.99
1768846394
5
-54.20
35.05
-20.76
48.43
3.99
1768846394
15
-53.84
35.15
-20.90
45.78
3.99
1768846394
25
-53.30
35.41
-20.96
43.13
3.99
1768846394
35
-53.33
35.87
-21.12
40.49
3.99
1768846394
45
-52.59
35.85
-19.92
37.84
3.98
1768846394
55
-52.25
36.26
-20.59
35.19
3.98
1768846394
65
-51.48
35.65
-20.70
32.54
3.98
1768846394
75
-50.75
36.47
-20.26
29.90
3.98
1768846394
85
-51.98
35.95
-20.60
27.25
3.98
1768846394
95
-51.18
36.28
-19.83
24.61
3.98
1768846394
105
-50.78
35.40
-20.53
21.97
3.98
1768846394
115
-49.28
36.23
-19.74
19.34
3.97
1768846394
125
-49.16
36.88
-19.11
16.71
3.97
1768846394
135
-49.43
37.02
-19.81
14.09
3.97
1768846394
145
-48.60
35.97
-18.88
11.47
3.97
1768846394
155
-48.22
36.60
-19.37
8.86
3.97
1768846394
165
-48.87
37.34
-20.14
6.25
3.96
1768846394
175
-47.61
37.15
-20.44
3.65
3.96
1768846394
185
-48.37
37.74
-20.94
1.06
3.95
1768846394
195
-47.08
37.85
-20.30
-1.53
3.95
1768846394
205
-47.66
38.09
-19.77
-4.10
3.95
1768846394
215
-46.61
37.80
-19.92
-6.67
3.95
1768846394
225
-45.88
38.40
-19.48
-9.22
3.95
1768846394
235
-45.90
37.48
-19.74
-11.77
3.94
1768846394
245
-45.14
38.76
-20.43
-14.30
3.94
1768846394
255
-44.86
38.92
-21.32
-16.83
3.93