1768846394
-255
-94.95
60.99
-45.55
115.05
4.23
1768846394
-245
-62.66
35.46
-28.66
112.63
3.96
1768846394
-235
-62.15
34.79
-28.72
110.19
3.67
1768846394
-225
-60.89
32.84
-28.09
107.73
4.05
1768846394
-215
-60.18
33.40
-27.81
105.26
4.27
1768846394
-205
-59.66
32.51
-27.18
102.78
3.96
1768846394
-195
-60.81
35.61
-28.05
100.28
4.05
1768846394
-185
-60.99
35.59
-27.30
97.77
3.79
1768846394
-175
-60.41
35.90
-27.20
95.25
4.12
1768846394
-165
-60.30
35.29
-26.70
92.72
4.28
1768846394
-155
-58.99
33.57
-27.38
90.18
3.49
1768846394
-145
-58.01
32.99
-27.64
87.62
4.04
1768846394
-135
-58.64
33.31
-26.94
85.06
3.45
1768846394
-125
-58.37
35.48
-26.47
82.48
3.82
1768846394
-115
-59.04
36.00
-26.35
79.90
3.51
1768846394
-105
-57.70
35.93
-26.03
77.31
4.04
1768846394
-95
-57.57
33.61
-26.22
74.71
4.07
1768846394
-85
-56.66
34.28
-25.61
72.11
4.02
1768846394
-75
-56.64
33.89
-25.37
69.50
3.44
1768846394
-65
-55.72
34.78
-25.21
66.88
3.47
1768846394
-55
-56.81
36.66
-24.82
64.25
4.25
1768846394
-45
-56.62
36.38
-25.07
61.63
4.25
1768846394
-35
-56.41
36.04
-25.03
58.99
4.12
1768846394
-25
-55.16
34.28
-24.81
56.36
3.74
1768846394
-15
-54.89
34.15
-24.98
53.72
4.32
1768846394
-5
-54.24
34.10
-23.85
51.07
3.64
1768846394
5
-55.60
36.28
-24.10
48.43
3.44
1768846394
15
-54.74
36.96
-23.60
45.78
3.56
1768846394
25
-54.71
37.52
-24.51
43.13
4.23
1768846394
35
-53.75
36.18
-24.60
40.49
3.48
1768846394
45
-53.17
34.78
-23.77
37.84
3.53
1768846394
55
-52.05
34.67
-24.41
35.19
3.49
1768846394
65
-51.89
35.36
-24.00
32.54
3.50
1768846394
75
-53.81
36.92
-24.33
29.90
3.44
1768846394
85
-53.28
37.72
-23.40
27.25
3.58
1768846394
95
-53.31
37.40
-23.56
24.61
4.21
1768846394
105
-52.30
37.11
-23.67
21.97
3.89
1768846394
115
-50.65
35.57
-23.57
19.34
3.49
1768846394
125
-51.65
35.77
-23.68
16.71
3.44
1768846394
135
-49.37
35.76
-23.48
14.09
3.45
1768846394
145
-51.12
38.16
-23.73
11.47
4.35
1768846394
155
-50.62
38.36
-23.87
8.86
3.75
1768846394
165
-50.89
37.90
-23.82
6.25
3.96
1768846394
175
-49.73
37.99
-24.09
3.65
3.88
1768846394
185
-49.30
36.37
-23.38
1.06
3.50
1768846394
195
-48.38
36.10
-23.49
-1.53
3.43
1768846394
205
-48.87
36.35
-23.97
-4.10
3.58
1768846394
215
-49.49
38.35
-23.92
-6.67
3.48
1768846394
225
-49.28
38.81
-23.57
-9.22
3.43
1768846394
235
-48.80
39.23
-23.53
-11.77
4.02
1768846394
245
-48.14
36.94
-23.02
-14.30
4.11
1768846394
255
-47.22
37.20
-23.74
-16.83
3.43