1768846394
-255
-95.28
59.49
-37.21
115.05
4.04
1768846394
-245
-63.47
33.25
-26.30
112.63
4.01
1768846394
-235
-62.98
33.22
-26.76
110.19
4.02
1768846394
-225
-62.74
33.50
-26.34
107.73
4.03
1768846394
-215
-62.44
33.15
-25.84
105.26
4.03
1768846394
-205
-62.00
33.01
-25.92
102.78
4.04
1768846394
-195
-62.53
33.16
-24.57
100.28
4.05
1768846394
-185
-62.14
33.19
-25.25
97.77
4.05
1768846394
-175
-60.34
33.22
-25.77
95.25
4.05
1768846394
-165
-59.87
33.39
-24.84
92.72
4.06
1768846394
-155
-59.44
33.55
-24.74
90.18
4.06
1768846394
-145
-59.80
33.66
-24.55
87.62
4.06
1768846394
-135
-59.76
33.84
-24.58
85.06
4.06
1768846394
-125
-58.29
34.15
-24.13
82.48
4.07
1768846394
-115
-58.05
33.72
-23.63
79.90
4.07
1768846394
-105
-58.92
33.97
-23.67
77.31
4.07
1768846394
-95
-56.77
34.39
-23.10
74.71
4.08
1768846394
-85
-56.43
34.42
-22.61
72.11
4.08
1768846394
-75
-56.65
34.35
-23.09
69.50
4.09
1768846394
-65
-55.99
34.11
-22.29
66.88
4.08
1768846394
-55
-55.51
34.52
-22.73
64.25
4.09
1768846394
-45
-55.64
34.17
-21.69
61.63
4.09
1768846394
-35
-55.26
34.42
-21.72
58.99
4.09
1768846394
-25
-55.02
34.34
-21.20
56.36
4.09
1768846394
-15
-54.98
34.68
-21.72
53.72
4.10
1768846394
-5
-54.71
34.98
-21.16
51.07
4.09
1768846394
5
-54.22
34.57
-21.05
48.43
4.09
1768846394
15
-53.60
34.90
-20.64
45.78
4.09
1768846394
25
-53.92
34.94
-20.66
43.13
4.09
1768846394
35
-53.41
35.58
-20.47
40.49
4.09
1768846394
45
-53.22
34.97
-20.41
37.84
4.09
1768846394
55
-51.87
35.69
-19.95
35.19
4.09
1768846394
65
-52.84
36.06
-20.36
32.54
4.09
1768846394
75
-52.05
36.13
-19.95
29.90
4.09
1768846394
85
-51.96
36.32
-21.24
27.25
4.08
1768846394
95
-51.02
36.60
-20.54
24.61
4.09
1768846394
105
-49.79
36.77
-20.46
21.97
4.08
1768846394
115
-50.13
36.43
-20.43
19.34
4.08
1768846394
125
-48.51
37.28
-19.61
16.71
4.08
1768846394
135
-48.04
37.10
-19.64
14.09
4.07
1768846394
145
-49.46
36.88
-19.78
11.47
4.07
1768846394
155
-47.75
37.07
-19.39
8.86
4.07
1768846394
165
-48.26
36.98
-19.89
6.25
4.07
1768846394
175
-48.56
38.05
-19.57
3.65
4.06
1768846394
185
-48.61
37.12
-19.77
1.06
4.06
1768846394
195
-46.31
36.66
-19.68
-1.53
4.06
1768846394
205
-47.14
38.14
-19.00
-4.10
4.05
1768846394
215
-47.19
37.85
-19.57
-6.67
4.05
1768846394
225
-46.00
38.91
-19.95
-9.22
4.05
1768846394
235
-46.28
38.70
-19.54
-11.77
4.04
1768846394
245
-45.93
37.89
-19.95
-14.30
4.04
1768846394
255
-45.66
38.45
-20.36
-16.83
4.04