1768846394
-255
-95.42
59.60
-46.21
115.05
3.59
1768846394
-245
-62.75
35.60
-28.53
112.63
3.97
1768846394
-235
-62.81
36.01
-28.39
110.19
4.05
1768846394
-225
-62.35
35.72
-28.17
107.73
3.99
1768846394
-215
-61.86
35.16
-27.35
105.26
3.59
1768846394
-205
-61.44
35.36
-27.56
102.78
3.58
1768846394
-195
-61.60
35.64
-26.31
100.28
3.59
1768846394
-185
-61.34
35.11
-28.09
97.77
4.23
1768846394
-175
-61.14
35.96
-26.54
95.25
3.62
1768846394
-165
-60.64
36.35
-25.83
92.72
3.60
1768846394
-155
-61.11
35.99
-25.56
90.18
3.61
1768846394
-145
-59.54
36.23
-25.77
87.62
3.63
1768846394
-135
-59.93
35.87
-25.92
85.06
3.61
1768846394
-125
-59.75
35.49
-25.30
82.48
3.68
1768846394
-115
-58.50
34.26
-25.87
79.90
3.60
1768846394
-105
-58.33
34.47
-25.29
77.31
3.99
1768846394
-95
-57.73
34.11
-25.57
74.71
4.17
1768846394
-85
-56.97
34.60
-25.26
72.11
3.59
1768846394
-75
-58.18
36.26
-25.34
69.50
4.08
1768846394
-65
-57.70
37.28
-25.10
66.88
4.10
1768846394
-55
-57.86
36.42
-25.14
64.25
3.85
1768846394
-45
-56.59
36.12
-25.29
61.63
3.61
1768846394
-35
-57.19
36.49
-24.21
58.99
4.09
1768846394
-25
-56.82
36.60
-23.93
56.36
3.85
1768846394
-15
-56.28
36.04
-24.32
53.72
3.86
1768846394
-5
-55.73
37.09
-23.49
51.07
3.74
1768846394
5
-55.43
36.86
-24.24
48.43
3.65
1768846394
15
-55.66
37.01
-23.66
45.78
4.01
1768846394
25
-55.09
37.35
-23.16
43.13
3.66
1768846394
35
-54.80
37.35
-23.08
40.49
3.66
1768846394
45
-54.52
37.91
-23.49
37.84
3.63
1768846394
55
-53.86
37.16
-23.06
35.19
3.76
1768846394
65
-54.10
37.77
-23.22
32.54
3.63
1768846394
75
-53.58
37.71
-22.38
29.90
3.70
1768846394
85
-54.57
37.17
-23.81
27.25
3.60
1768846394
95
-53.29
38.34
-23.61
24.61
3.59
1768846394
105
-55.88
39.60
-24.07
21.97
3.51
1768846394
115
-53.71
38.31
-22.47
19.34
3.57
1768846394
125
-52.30
38.70
-21.37
16.71
3.66
1768846394
135
-50.46
36.11
-20.38
14.09
3.67
1768846394
145
-49.41
36.90
-21.32
11.47
3.66
1768846394
155
-49.90
37.56
-20.56
8.86
3.66
1768846394
165
-50.47
37.38
-21.21
6.25
3.65
1768846394
175
-50.14
39.18
-21.56
3.65
3.66
1768846394
185
-49.92
37.85
-20.51
1.06
3.69
1768846394
195
-48.47
38.50
-20.18
-1.53
3.71
1768846394
205
-48.94
38.49
-20.57
-4.10
3.71
1768846394
215
-48.14
38.37
-21.30
-6.67
3.72
1768846394
225
-48.13
37.94
-20.90
-9.22
3.72
1768846394
235
-46.88
38.53
-20.09
-11.77
3.72
1768846394
245
-46.78
38.73
-20.26
-14.30
3.72
1768846394
255
-46.43
38.62
-20.93
-16.83
3.72