1768846394
-255
-122.46
155.37
-80.12
115.05
4.22
1768846394
-245
-77.84
90.75
-50.85
112.63
3.54
1768846394
-235
-78.11
90.38
-50.59
110.19
3.41
1768846394
-225
-77.42
91.62
-49.25
107.73
4.16
1768846394
-215
-76.83
91.25
-49.31
105.26
4.10
1768846394
-205
-77.54
91.20
-49.93
102.78
3.39
1768846394
-195
-76.53
90.91
-49.85
100.28
3.58
1768846394
-185
-76.27
89.40
-48.52
97.77
3.90
1768846394
-175
-75.29
89.27
-48.25
95.25
3.57
1768846394
-165
-75.95
91.69
-47.45
92.72
4.27
1768846394
-155
-75.10
91.80
-48.00
90.18
3.50
1768846394
-145
-76.30
91.75
-47.78
87.62
3.55
1768846394
-135
-74.37
92.13
-48.60
85.06
3.39
1768846394
-125
-74.52
91.51
-47.63
82.48
4.05
1768846394
-115
-73.69
92.71
-48.33
79.90
3.55
1768846394
-105
-72.74
90.52
-47.75
77.31
4.01
1768846394
-95
-72.43
90.01
-46.38
74.71
4.30
1768846394
-85
-73.43
91.68
-46.61
72.11
3.77
1768846394
-75
-73.60
91.99
-46.42
69.50
3.45
1768846394
-65
-72.20
92.50
-47.40
66.88
4.33
1768846394
-55
-72.86
92.48
-46.12
64.25
3.86
1768846394
-45
-72.40
92.88
-46.09
61.63
3.99
1768846394
-35
-71.76
92.86
-45.01
58.99
4.01
1768846394
-25
-70.50
90.18
-46.69
56.36
3.94
1768846394
-15
-70.43
90.11
-45.36
53.72
4.29
1768846394
-5
-71.03
93.10
-45.09
51.07
4.02
1768846394
5
-71.44
92.71
-45.25
48.43
4.14
1768846394
15
-70.82
93.17
-45.74
45.78
3.72
1768846394
25
-70.90
93.92
-45.04
43.13
3.77
1768846394
35
-71.20
93.40
-46.22
40.49
3.37
1768846394
45
-69.61
91.68
-45.12
37.84
3.57
1768846394
55
-68.96
92.01
-46.24
35.19
4.14
1768846394
65
-68.17
90.93
-45.38
32.54
3.77
1768846394
75
-70.06
93.17
-46.21
29.90
4.30
1768846394
85
-69.18
93.79
-45.07
27.25
4.03
1768846394
95
-68.84
94.27
-45.26
24.61
4.11
1768846394
105
-69.42
93.86
-45.78
21.97
4.01
1768846394
115
-68.63
94.09
-45.14
19.34
4.02
1768846394
125
-67.64
94.09
-45.22
16.71
4.07
1768846394
135
-66.76
91.60
-44.88
14.09
3.82
1768846394
145
-66.43
92.18
-45.66
11.47
3.63
1768846394
155
-67.66
93.85
-45.30
8.86
4.16
1768846394
165
-67.15
94.14
-44.25
6.25
4.14
1768846394
175
-66.60
94.28
-44.27
3.65
3.82
1768846394
185
-66.81
94.94
-44.49
1.06
3.81
1768846394
195
-67.01
95.13
-45.48
-1.53
4.13
1768846394
205
-66.26
93.79
-45.49
-4.10
3.36
1768846394
215
-63.99
92.26
-44.34
-6.67
3.62
1768846394
225
-64.31
92.96
-45.12
-9.22
4.26
1768846394
235
-65.19
95.39
-45.00
-11.77
4.24
1768846394
245
-63.98
94.96
-44.45
-14.30
4.02
1768846394
255
-64.56
95.47
-44.75
-16.83
3.40