---START---
-36.53, 30.68, 24.97, 19.88, 0.20, 0.30, 0.10, 4.20,
-19.73, 30.02, 25.40, 20.01, 0.20, 0.30, 0.10, 4.19,
-22.60, 31.38, 23.62, 18.55, 0.20, 0.30, 0.10, 4.20,
-4.33, 31.06, 24.29, 18.74, 0.20, 0.30, 0.11, 4.20,
-48.43, 32.00, 26.23, 17.88, 0.21, 0.30, 0.11, 4.19,
-56.26, 31.41, 24.05, 17.44, 0.21, 0.31, 0.11, 4.20,
-30.57, 32.75, 24.14, 16.67, 0.21, 0.31, 0.11, 4.16,
-15.43, 32.23, 24.20, 15.51, 0.21, 0.31, 0.11, 4.20,
-43.20, 32.78, 25.15, 15.49, 0.21, 0.31, 0.11, 4.19,
-51.72, 32.87, 25.29, 14.84, 0.21, 0.31, 0.11, 4.20,
1.65, 33.77, 24.48, 14.01, 0.21, 0.31, 0.12, 4.20,
-45.94, 33.64, 23.91, 14.01, 0.21, 0.31, 0.12, 4.18,
-41.37, 34.44, 24.59, 13.56, 0.22, 0.31, 0.12, 4.18,
-20.80, 35.78, 25.02, 12.51, 0.22, 0.31, 0.12, 4.20,
-2.57, 34.91, 24.59, 11.83, 0.22, 0.31, 0.12, 4.20,
-54.10, 35.24, 24.86, 10.33, 0.22, 0.31, 0.12, 4.20,
-6.36, 35.68, 24.49, 9.98, 0.22, 0.31, 0.12, 4.18,
-28.21, 35.64, 23.34, 9.79, 0.22, 0.31, 0.12, 4.20,
-58.22, 36.86, 23.85, 8.20, 0.22, 0.31, 0.12, 4.20,
-13.53, 36.24, 24.12, 6.80, 0.22, 0.31, 0.12, 4.20,
-13.10, 37.44, 23.87, 5.84, 0.22, 0.31, 0.12, 4.19,
-46.12, 37.20, 22.85, 5.35, 0.23, 0.31, 0.12, 4.20,
-47.50, 36.46, 23.42, 4.39, 0.23, 0.31, 0.13, 4.16,
-69.91, 36.85, 23.07, 3.44, 0.23, 0.31, 0.13, 4.20,
-52.50, 37.94, 23.65, 2.01, 0.23, 0.31, 0.13, 4.20,
-41.69, 37.34, 22.68, 1.31, 0.23, 0.31, 0.13, 4.20,
3.53, 37.23, 22.49, -0.55, 0.23, 0.31, 0.13, 4.19,
-51.44, 37.28, 23.14, -1.36, 0.23, 0.31, 0.13, 4.18,
-65.82, 37.76, 21.59, -2.61, 0.23, 0.31, 0.13, 4.18,
-25.62, 37.16, 22.27, -4.34, 0.23, 0.31, 0.13, 4.18,
-33.36, 37.88, 22.63, -4.54, 0.23, 0.30, 0.13, 4.18,
-28.05, 37.69, 21.63, -6.23, 0.23, 0.30, 0.13, 4.20,
-34.72, 36.76, 21.05, -7.30, 0.23, 0.30, 0.13, 4.15,
-80.38, 37.98, 22.78, -8.12, 0.23, 0.30, 0.12, 4.18,
-49.17, 37.73, 20.57, -8.10, 0.23, 0.30, 0.12, 4.17,
0.87, 37.76, 19.97, -9.49, 0.23, 0.30, 0.12, 4.20,
-31.02, 38.30, 21.26, -10.51, 0.23, 0.30, 0.12, 4.19,
-28.83, 37.54, 19.13, -12.26, 0.23, 0.29, 0.12, 4.20,
-47.21, 37.80, 19.19, -13.09, 0.23, 0.29, 0.12, 4.20,
-5.75, 37.34, 19.22, -13.71, 0.23, 0.29, 0.12, 4.17,
-12.10, 36.54, 17.97, -14.45, 0.23, 0.29, 0.12, 4.20,
-24.53, 37.38, 17.08, -15.35, 0.23, 0.29, 0.12, 4.16,
-56.18, 36.43, 17.25, -16.05, 0.23, 0.29, 0.12, 4.19,
-41.45, 37.14, 17.09, -17.44, 0.23, 0.28, 0.12, 4.20,
-25.70, 36.77, 15.92, -17.45, 0.23, 0.28, 0.11, 4.20,
-27.47, 37.00, 15.66, -19.12, 0.23, 0.28, 0.11, 4.20,
-20.97, 35.62, 13.80, -19.03, 0.23, 0.28, 0.11, 4.19,
-20.51, 36.28, 13.68, -21.18, 0.23, 0.27, 0.11, 4.20,
-53.03, 36.70, 14.23, -20.28, 0.23, 0.27, 0.11, 4.20,
-42.79, 36.67, 11.91, -20.82, 0.23, 0.27, 0.11, 4.20,
-31.79, 36.24, 11.80, -21.53, 0.23, 0.27, 0.10, 4.17,
-77.86, 36.82, 12.42, -22.22, 0.22, 0.26, 0.10, 4.20,
-40.33, 36.38, 10.96, -22.27, 0.22, 0.26, 0.10, 4.18,
-36.18, 35.55, 9.61, -22.48, 0.22, 0.26, 0.10, 4.20,
-59.45, 36.13, 9.07, -22.92, 0.22, 0.26, 0.09, 4.19,
-49.98, 36.23, 8.52, -23.79, 0.22, 0.25, 0.09, 4.20,
-40.11, 36.68, 7.75, -23.94, 0.22, 0.25, 0.09, 4.19,
-28.91, 36.30, 6.59, -24.57, 0.22, 0.25, 0.09, 4.20,
4.75, 35.35, 6.64, -23.96, 0.22, 0.24, 0.08, 4.17,
-35.75, 35.32, 5.16, -24.41, 0.22, 0.24, 0.08, 4.16,
-11.49, 36.36, 4.14, -25.53, 0.21, 0.24, 0.08, 4.20,
-65.79, 35.74, 3.75, -25.52, 0.21, 0.23, 0.08, 4.19,
-23.30, 35.82, 3.57, -24.94, 0.21, 0.23, 0.07, 4.20,
2.15, 35.96, 2.65, -25.71, 0.21, 0.23, 0.07, 4.20,
-18.34, 36.37, 1.96, -25.66, 0.21, 0.22, 0.07, 4.20,
-41.83, 36.34, 0.85, -25.96, 0.21, 0.22, 0.06, 4.16,
9.42, 35.77, 0.17, -25.18, 0.20, 0.21, 0.06, 4.18,
-33.94, 36.06, -0.25, -24.64, 0.20, 0.21, 0.06, 4.20,
-12.12, 36.55, -0.74, -24.83, 0.20, 0.21, 0.06, 4.20,
-6.07, 36.67, -3.01, -25.07, 0.20, 0.20, 0.05, 4.20,
-5.86, 36.34, -1.87, -24.39, 0.20, 0.20, 0.05, 4.20,
-42.95, 37.23, -3.18, -24.76, 0.19, 0.19, 0.05, 4.19,
-38.19, 37.59, -3.07, -24.25, 0.19, 0.19, 0.04, 4.20,
-34.71, 36.05, -5.13, -22.74, 0.19, 0.19, 0.04, 4.18,
-39.64, 37.52, -5.41, -22.66, 0.19, 0.18, 0.04, 4.19,
11.03, 36.92, -6.38, -21.31, 0.19, 0.18, 0.03, 4.18,
-32.27, 36.52, -7.83, -21.76, 0.18, 0.17, 0.03, 4.19,
-9.43, 37.49, -7.88, -20.64, 0.18, 0.17, 0.02, 4.20,
-10.33, 38.01, -9.70, -20.44, 0.18, 0.16, 0.02, 4.20,
-13.67, 37.68, -10.71, -19.15, 0.18, 0.16, 0.02, 4.20,
27.04, 38.21, -11.34, -18.46, 0.17, 0.15, 0.01, 4.16,
-10.90, 39.21, -12.97, -18.33, 0.17, 0.15, 0.01, 4.20,
-34.56, 38.20, -13.32, -16.66, 0.17, 0.14, 0.01, 4.18,
-28.63, 38.90, -14.01, -15.56, 0.17, 0.14, 0.00, 4.19,
-14.63, 38.96, -15.49, -15.16, 0.16, 0.13, -0.00, 4.20,
14.89, 38.57, -16.01, -13.16, 0.16, 0.13, -0.00, 4.18,
-2.76, 38.53, -16.69, -12.82, 0.16, 0.12, -0.01, 4.17,
-19.47, 39.13, -17.63, -10.79, 0.15, 0.12, -0.01, 4.20,
-18.74, 38.31, -19.32, -9.93, 0.15, 0.11, -0.02, 4.15,
-16.09, 38.16, -19.42, -9.66, 0.15, 0.11, -0.02, 4.20,
-14.17, 38.14, -21.06, -6.54, 0.15, 0.10, -0.02, 4.18,
19.56, 37.70, -22.06, -5.91, 0.14, 0.10, -0.03, 4.20,
-4.64, 38.19, -22.80, -3.89, 0.14, 0.09, -0.03, 4.20,
-4.62, 36.62, -24.38, -1.91, 0.14, 0.09, -0.03, 4.18,
-23.64, 36.37, -25.06, 0.24, 0.13, 0.08, -0.04, 4.19,
-14.31, 35.20, -26.63, 2.89, 0.13, 0.08, -0.04, 4.20,
-28.49, 33.69, -26.82, 3.77, 0.13, 0.07, -0.05, 4.20,
-18.47, 33.32, -28.06, 5.64, 0.12, 0.07, -0.05, 4.19,
11.56, 32.11, -28.87, 7.95, 0.12, 0.06, -0.05, 4.20,
-1.86, 31.24, -28.91, 9.93, 0.12, 0.06, -0.06, 4.19,
12.96, 29.35, -29.77, 13.31, 0.12, 0.05, -0.06, 4.18,
-20.93, 28.85, -30.07, 15.45, 0.11, 0.05, -0.06, 4.18,
-11.73, 27.75, -30.37, 16.76, 0.11, 0.04, -0.07, 4.20,
-0.03, 25.72, -30.44, 20.02, 0.11, 0.03, -0.07, 4.20,
-6.41, 24.52, -30.43, 21.94, 0.10, 0.03, -0.07, 4.18,
-46.72, 22.89, -29.27, 23.38, 0.10, 0.02, -0.08, 4.20,
19.83, 21.95, -29.04, 24.95, 0.10, 0.02, -0.08, 4.20,
23.71, 19.24, -28.62, 27.80, 0.09, 0.01, -0.08, 4.19,
6.01, 17.59, -26.55, 29.82, 0.09, 0.01, -0.09, 4.19,
-2.44, 16.57, -25.41, 31.16, 0.09, 0.00, -0.09, 4.20,
-11.83, 15.31, -24.02, 33.93, 0.08, -0.00, -0.09, 4.20,
15.16, 13.74, -21.69, 35.26, 0.08, -0.01, -0.09, 4.20,
-5.10, 11.38, -19.18, 37.29, 0.08, -0.02, -0.10, 4.19,
37.23, 10.64, -18.79, 38.32, 0.07, -0.02, -0.10, 4.20,
-20.95, 10.81, -15.90, 38.80, 0.07, -0.03, -0.10, 4.20,
24.51, 8.58, -13.11, 41.09, 0.07, -0.03, -0.11, 4.20,
9.28, 8.52, -10.81, 41.37, 0.06, -0.04, -0.11, 4.20,
-0.54, 8.56, -9.00, 41.93, 0.06, -0.04, -0.11, 4.20,
-6.41, 8.57, -4.70, 43.31, 0.06, -0.05, -0.11, 4.18,
-8.99, 8.83, -2.47, 42.92, 0.05, -0.06, -0.12, 4.19,
26.56, 9.38, -0.15, 42.28, 0.05, -0.06, -0.12, 4.17,
-1.67, 9.74, 1.54, 42.24, 0.05, -0.07, -0.12, 4.15,
6.94, 10.36, 5.36, 42.79, 0.04, -0.07, -0.12, 4.20,
-2.54, 12.33, 8.34, 41.53, 0.04, -0.08, -0.12, 4.20,
11.55, 13.10, 9.39, 39.68, 0.04, -0.08, -0.13, 4.20,
28.81, 15.00, 11.78, 40.39, 0.03, -0.09, -0.13, 4.19,
-34.07, 16.10, 13.45, 38.79, 0.03, -0.09, -0.13, 4.20,
-27.37, 17.34, 16.00, 36.35, 0.03, -0.10, -0.13, 4.20,
29.02, 19.30, 18.05, 34.36, 0.03, -0.11, -0.13, 4.19,
2.15, 21.55, 18.52, 33.10, 0.02, -0.11, -0.13, 4.19,
-14.00, 23.27, 19.78, 31.92, 0.02, -0.12, -0.14, 4.20,
5.05, 25.32, 21.07, 30.17, 0.02, -0.12, -0.14, 4.19,
-7.03, 26.88, 21.49, 27.04, 0.01, -0.13, -0.14, 4.18,
23.98, 28.99, 22.24, 24.25, 0.01, -0.13, -0.14, 4.16,
32.02, 30.61, 21.93, 22.29, 0.01, -0.14, -0.14, 4.19,
15.19, 32.79, 21.66, 19.42, 0.00, -0.14, -0.14, 4.19,
-6.38, 33.87, 21.66, 17.53, 0.00, -0.15, -0.14, 4.20,
-1.50, 34.42, 20.65, 15.79, -0.00, -0.15, -0.14, 4.18,
35.68, 36.02, 20.49, 13.95, -0.00, -0.16, -0.14, 4.20,
39.21, 37.58, 19.74, 10.98, -0.01, -0.16, -0.14, 4.20,
2.40, 39.48, 17.86, 8.90, -0.01, -0.17, -0.14, 4.20,
25.27, 38.90, 16.64, 7.31, -0.01, -0.17, -0.14, 4.19,
21.07, 41.65, 16.88, 5.35, -0.01, -0.18, -0.14, 4.17,
18.05, 41.36, 15.62, 3.80, -0.02, -0.18, -0.14, 4.20,
22.40, 41.66, 14.34, 1.73, -0.02, -0.19, -0.14, 4.20,
-11.68, 41.97, 13.36, 0.54, -0.02, -0.19, -0.14, 4.20,
6.18, 42.30, 11.16, -2.29, -0.03, -0.20, -0.14, 4.20,
3.64, 41.88, 11.37, -3.19, -0.03, -0.20, -0.14, 4.20,
71.52, 41.13, 9.57, -4.86, -0.03, -0.21, -0.14, 4.18,
-6.28, 41.84, 8.80, -6.98, -0.03, -0.21, -0.14, 4.20,
71.62, 42.11, 7.73, -8.22, -0.03, -0.22, -0.14, 4.20,
21.12, 41.57, 6.90, -9.39, -0.04, -0.22, -0.14, 4.18,
2.12, 41.32, 6.31, -10.06, -0.04, -0.23, -0.14, 4.20,
4.46, 41.20, 5.56, -11.95, -0.04, -0.23, -0.14, 4.19,
31.50, 40.98, 5.84, -13.22, -0.04, -0.23, -0.14, 4.18,
33.83, 40.38, 6.11, -14.79, -0.05, -0.24, -0.14, 4.18,
38.95, 39.72, 4.17, -16.31, -0.05, -0.24, -0.14, 4.20,
24.89, 39.66, 4.10, -18.26, -0.05, -0.25, -0.14, 4.19,
15.97, 40.36, 4.41, -19.67, -0.05, -0.25, -0.13, 4.20,
12.79, 39.77, 2.65, -20.15, -0.05, -0.26, -0.13, 4.20,
39.67, 37.28, 3.10, -22.29, -0.06, -0.26, -0.13, 4.20,
-4.61, 38.24, 2.08, -23.87, -0.06, -0.26, -0.13, 4.20,
40.28, 36.35, 2.88, -24.48, -0.06, -0.27, -0.13, 4.20,
12.01, 36.47, 1.89, -25.13, -0.06, -0.27, -0.13, 4.20,
30.97, 34.75, 1.50, -26.78, -0.06, -0.27, -0.12, 4.20,
23.02, 33.83, 0.82, -28.29, -0.06, -0.28, -0.12, 4.19,
12.37, 32.59, 1.05, -28.81, -0.07, -0.28, -0.12, 4.20,
25.23, 31.62, -0.13, -30.39, -0.07, -0.28, -0.12, 4.20,
21.58, 30.66, -0.76, -31.76, -0.07, -0.29, -0.12, 4.17,
27.74, 30.36, -2.09, -32.96, -0.07, -0.29, -0.12, 4.18,
7.84, 28.39, -1.71, -33.36, -0.07, -0.29, -0.11, 4.20,
54.97, 27.26, -2.25, -33.63, -0.07, -0.30, -0.11, 4.20,
24.34, 26.48, -4.49, -33.96, -0.07, -0.30, -0.11, 4.20,
20.41, 25.22, -4.87, -35.55, -0.08, -0.30, -0.11, 4.19,
8.24, 24.00, -6.15, -35.76, -0.08, -0.31, -0.10, 4.16,
8.17, 23.36, -8.66, -36.63, -0.08, -0.31, -0.10, 4.20,
10.80, 21.02, -9.13, -35.52, -0.08, -0.31, -0.10, 4.20,
21.30, 21.07, -10.87, -36.07, -0.08, -0.31, -0.10, 4.19,
50.24, 21.25, -12.23, -37.38, -0.08, -0.32, -0.09, 4.20,
33.05, 21.07, -14.31, -35.87, -0.08, -0.32, -0.09, 4.20,
36.68, 20.93, -15.30, -35.50, -0.08, -0.32, -0.09, 4.19,
55.04, 21.21, -15.83, -35.28, -0.09, -0.32, -0.09, 4.20,
64.17, 20.54, -17.32, -34.43, -0.09, -0.32, -0.08, 4.20,
-26.81, 22.03, -18.54, -34.61, -0.09, -0.33, -0.08, 4.20,
38.72, 22.14, -20.64, -33.13, -0.09, -0.33, -0.08, 4.20,
52.14, 22.08, -21.82, -31.60, -0.09, -0.33, -0.08, 4.18,
33.09, 23.27, -21.82, -30.16, -0.09, -0.33, -0.07, 4.19,
35.22, 23.93, -22.62, -28.79, -0.09, -0.33, -0.07, 4.20,
22.53, 25.93, -23.25, -27.75, -0.09, -0.33, -0.07, 4.17,
5.70, 26.18, -24.40, -26.35, -0.09, -0.34, -0.06, 4.20,
53.80, 26.77, -25.44, -24.47, -0.09, -0.34, -0.06, 4.19,
39.97, 27.77, -24.78, -23.03, -0.09, -0.34, -0.06, 4.19,
18.47, 30.32, -24.74, -20.55, -0.09, -0.34, -0.06, 4.19,
-4.74, 31.36, -24.78, -19.01, -0.09, -0.34, -0.05, 4.19,
52.80, 32.28, -24.62, -18.54, -0.09, -0.34, -0.05, 4.20,
-13.39, 33.86, -23.73, -16.54, -0.10, -0.34, -0.05, 4.20,
4.05, 34.60, -22.01, -14.16, -0.10, -0.34, -0.04, 4.19,
23.84, 35.58, -21.30, -11.94, -0.10, -0.34, -0.04, 4.20,
28.23, 38.16, -20.59, -10.60, -0.10, -0.34, -0.04, 4.18,
6.37, 38.15, -19.88, -8.63, -0.10, -0.34, -0.04, 4.14,
17.30, 38.60, -17.96, -7.95, -0.10, -0.34, -0.03, 4.16,
36.45, 40.35, -16.44, -5.79, -0.10, -0.35, -0.03, 4.20,
58.56, 40.74, -14.70, -4.78, -0.10, -0.35, -0.03, 4.17,
-2.48, 42.13, -13.88, -3.30, -0.10, -0.35, -0.02, 4.20,
10.07, 41.98, -12.10, -1.51, -0.10, -0.35, -0.02, 4.18,
37.62, 42.08, -9.85, -1.22, -0.10, -0.35, -0.02, 4.17,
9.85, 43.20, -7.90, 0.43, -0.10, -0.34, -0.02, 4.20,
2.42, 44.54, -6.26, 1.18, -0.10, -0.34, -0.01, 4.20,
30.48, 44.07, -4.59, 3.09, -0.10, -0.34, -0.01, 4.17,
-18.72, 43.71, -2.27, 4.51, -0.10, -0.34, -0.01, 4.20,
-6.05, 43.49, 0.06, 4.88, -0.10, -0.34, -0.01, 4.20,
33.85, 43.42, 1.95, 4.50, -0.10, -0.34, -0.00, 4.17,
2.22, 43.38, 3.43, 6.22, -0.10, -0.34, -0.00, 4.17,
40.28, 43.03, 5.73, 6.69, -0.10, -0.34, 0.00, 4.20,
20.97, 42.15, 6.96, 7.44, -0.10, -0.34, 0.00, 4.18,
-16.19, 43.17, 9.22, 7.10, -0.10, -0.34, 0.01, 4.20,
55.69, 42.95, 10.40, 7.90, -0.10, -0.34, 0.01, 4.20,
44.91, 41.38, 12.95, 7.38, -0.10, -0.34, 0.01, 4.20,
12.91, 41.22, 14.15, 8.65, -0.10, -0.33, 0.01, 4.20,
28.38, 39.50, 15.97, 8.29, -0.10, -0.33, 0.02, 4.20,
17.49, 38.68, 17.04, 8.19, -0.10, -0.33, 0.02, 4.20,
18.71, 39.11, 18.92, 8.10, -0.10, -0.33, 0.02, 4.20,
-21.09, 38.43, 20.19, 8.20, -0.10, -0.33, 0.02, 4.20,
-14.36, 37.51, 21.17, 7.12, -0.10, -0.33, 0.02, 4.20,
28.59, 36.32, 22.27, 7.35, -0.10, -0.32, 0.03, 4.20,
16.98, 35.93, 24.58, 7.14, -0.10, -0.32, 0.03, 4.18,
16.20, 34.84, 24.99, 5.59, -0.10, -0.32, 0.03, 4.19,
39.32, 33.46, 25.83, 5.62, -0.10, -0.32, 0.03, 4.20,
5.80, 33.69, 28.10, 5.38, -0.10, -0.32, 0.03, 4.18,
42.35, 32.58, 28.64, 4.46, -0.10, -0.31, 0.04, 4.20,
46.37, 31.34, 30.12, 1.54, -0.10, -0.31, 0.04, 4.20,
-11.67, 31.51, 30.74, 2.14, -0.10, -0.31, 0.04, 4.19,
17.15, 29.92, 32.18, 0.46, -0.10, -0.31, 0.04, 4.20,
9.59, 29.81, 33.27, -1.06, -0.11, -0.30, 0.04, 4.20,
12.93, 27.61, 33.93, -1.80, -0.11, -0.30, 0.04, 4.20,
31.59, 27.23, 34.04, -3.05, -0.11, -0.30, 0.05, 4.20,
65.28, 27.24, 34.60, -5.48, -0.11, -0.30, 0.05, 4.20,
30.05, 25.84, 35.06, -6.88, -0.11, -0.29, 0.05, 4.20,
55.23, 25.34, 34.88, -8.12, -0.11, -0.29, 0.05, 4.19,
6.86, 24.71, 35.16, -9.38, -0.11, -0.29, 0.05, 4.16,
-4.99, 24.75, 34.03, -11.46, -0.11, -0.28, 0.05, 4.20,
-6.87, 22.38, 35.19, -13.66, -0.11, -0.28, 0.05, 4.19,
26.27, 22.52, 34.72, -14.88, -0.11, -0.28, 0.05, 4.19,
19.16, 21.19, 34.35, -17.76, -0.11, -0.27, 0.05, 4.20,
23.95, 21.42, 33.60, -18.49, -0.11, -0.27, 0.06, 4.19,
8.11, 21.20, 32.89, -21.36, -0.11, -0.27, 0.06, 4.20,
17.57, 19.31, 30.79, -23.21, -0.11, -0.26, 0.06, 4.19,
16.75, 19.69, 30.58, -24.61, -0.11, -0.26, 0.06, 4.19,
-14.75, 20.34, 28.26, -26.78, -0.11, -0.26, 0.06, 4.20,
19.52, 19.73, 27.96, -27.68, -0.11, -0.25, 0.06, 4.20,
10.92, 19.55, 26.03, -29.49, -0.11, -0.25, 0.06, 4.19,
0.80, 20.37, 23.10, -30.56, -0.11, -0.24, 0.06, 4.20,
-0.88, 19.15, 22.80, -32.59, -0.11, -0.24, 0.06, 4.20,
-3.87, 21.01, 20.50, -32.08, -0.12, -0.24, 0.06, 4.19,
8.87, 20.41, 19.09, -33.90, -0.12, -0.23, 0.06, 4.19,
17.68, 21.67, 16.46, -34.63, -0.12, -0.23, 0.06, 4.19,
1.63, 22.46, 14.51, -36.09, -0.12, -0.22, 0.06, 4.20,
-1.63, 23.17, 12.19, -35.32, -0.12, -0.22, 0.06, 4.19,
10.21, 23.33, 9.84, -35.90, -0.12, -0.22, 0.06, 4.18,
35.74, 24.18, 7.68, -35.81, -0.12, -0.21, 0.06, 4.20,
-22.55, 25.26, 5.45, -36.10, -0.12, -0.21, 0.06, 4.20,
11.76, 25.94, 2.79, -35.27, -0.12, -0.20, 0.06, 4.19,
44.09, 26.55, 0.00, -34.58, -0.12, -0.20, 0.06, 4.20,
47.11, 26.78, -1.95, -34.31, -0.12, -0.19, 0.06, 4.17,
-8.26, 28.51, -2.71, -33.19, -0.13, -0.19, 0.06, 4.19,
0.53, 29.24, -5.70, -32.38, -0.13, -0.18, 0.06, 4.20,
-1.96, 29.42, -7.68, -31.60, -0.13, -0.18, 0.06, 4.20,
34.06, 30.41, -8.58, -29.86, -0.13, -0.18, 0.06, 4.19,
70.44, 32.29, -10.04, -27.62, -0.13, -0.17, 0.06, 4.18,
41.03, 31.33, -13.06, -26.84, -0.13, -0.17, 0.06, 4.20,
-13.23, 32.77, -14.07, -25.52, -0.13, -0.16, 0.06, 4.20,
16.16, 33.64, -15.11, -23.81, -0.13, -0.16, 0.06, 4.20,
31.72, 32.96, -16.51, -22.93, -0.13, -0.15, 0.06, 4.18,
17.13, 33.91, -18.11, -21.07, -0.14, -0.15, 0.06, 4.20,
23.91, 33.87, -19.85, -21.26, -0.14, -0.14, 0.06, 4.18,
3.59, 34.25, -20.46, -18.49, -0.14, -0.14, 0.06, 4.20,
16.86, 34.02, -22.24, -17.47, -0.14, -0.13, 0.06, 4.20,
20.67, 35.04, -23.12, -14.30, -0.14, -0.13, 0.06, 4.17,
-10.58, 33.83, -24.22, -14.18, -0.14, -0.12, 0.06, 4.18,
-20.44, 33.88, -25.14, -12.72, -0.14, -0.12, 0.06, 4.20,
4.79, 33.39, -26.81, -10.05, -0.15, -0.11, 0.06, 4.19,
33.68, 33.34, -27.46, -8.59, -0.15, -0.11, 0.06, 4.18,
27.06, 33.09, -29.69, -5.11, -0.15, -0.10, 0.06, 4.19,
30.79, 31.07, -30.15, -3.46, -0.15, -0.10, 0.06, 4.19,
15.69, 30.16, -32.05, -0.90, -0.15, -0.09, 0.06, 4.19,
-7.86, 29.59, -32.50, 2.34, -0.15, -0.09, 0.06, 4.20,
32.89, 27.56, -32.32, 5.77, -0.15, -0.08, 0.06, 4.19,
-7.34, 26.82, -33.04, 9.08, -0.16, -0.08, 0.06, 4.19,
-6.77, 24.78, -33.32, 12.67, -0.16, -0.08, 0.06, 4.20,
31.98, 24.03, -32.68, 16.40, -0.16, -0.07, 0.06, 4.20,
-4.20, 22.76, -31.80, 22.07, -0.16, -0.07, 0.06, 4.20,
1.51, 20.56, -30.62, 24.15, -0.16, -0.06, 0.06, 4.19,
1.00, 18.34, -26.63, 28.97, -0.16, -0.06, 0.05, 4.20,
13.76, 16.47, -23.64, 32.86, -0.17, -0.05, 0.05, 4.20,
-9.06, 13.77, -21.61, 34.46, -0.17, -0.05, 0.05, 4.19,
30.03, 12.96, -16.60, 38.94, -0.17, -0.04, 0.05, 4.18,
22.63, 10.70, -11.78, 41.23, -0.17, -0.04, 0.05, 4.19,
-21.54, 8.59, -6.25, 43.52, -0.17, -0.03, 0.05, 4.19,
8.15, 6.86, -0.13, 44.00, -0.17, -0.03, 0.05, 4.20,
30.69, 4.24, 4.82, 42.87, -0.18, -0.02, 0.05, 4.18,
-0.60, 2.98, 11.32, 42.15, -0.18, -0.02, 0.05, 4.20,
-10.06, -0.02, 17.40, 40.63, -0.18, -0.01, 0.05, 4.20,
11.07, -2.23, 23.58, 38.25, -0.18, -0.01, 0.05, 4.18,
-1.04, -4.04, 28.77, 33.50, -0.18, -0.00, 0.05, 4.20,
23.47, -6.12, 32.52, 28.66, -0.18, 0.00, 0.05, 4.17,
39.32, -6.90, 35.60, 21.84, -0.19, 0.01, 0.05, 4.18,
22.46, -10.32, 39.67, 18.19, -0.19, 0.01, 0.05, 4.18,
-22.50, -11.69, 41.14, 10.65, -0.19, 0.02, 0.05, 4.19,
-23.25, -15.01, 40.88, 3.67, -0.19, 0.02, 0.05, 4.20,
-17.89, -15.88, 40.31, -2.07, -0.19, 0.03, 0.05, 4.20,
-10.37, -17.41, 38.71, -10.14, -0.19, 0.03, 0.05, 4.20,
-0.62, -19.10, 36.37, -15.69, -0.20, 0.04, 0.05, 4.17,
25.76, -20.87, 31.67, -20.85, -0.20, 0.04, 0.05, 4.19,
41.65, -23.58, 26.31, -24.98, -0.20, 0.04, 0.05, 4.20,
8.56, -24.04, 20.59, -29.31, -0.20, 0.05, 0.05, 4.20,
42.14, -26.29, 14.96, -31.53, -0.20, 0.05, 0.05, 4.20,
10.44, -28.29, 8.36, -33.63, -0.20, 0.06, 0.05, 4.20,
-7.03, -27.82, 0.56, -33.94, -0.20, 0.06, 0.05, 4.18,
4.58, -29.47, -5.69, -32.10, -0.21, 0.07, 0.05, 4.20,
-1.41, -29.99, -12.66, -29.74, -0.21, 0.07, 0.05, 4.20,
5.61, -29.44, -17.49, -27.13, -0.21, 0.08, 0.05, 4.19,
3.42, -30.01, -22.21, -22.64, -0.21, 0.08, 0.05, 4.20,
-13.77, -29.90, -26.60, -17.28, -0.21, 0.08, 0.05, 4.20,
-16.67, -29.77, -30.34, -11.70, -0.21, 0.09, 0.05, 4.20,
3.60, -28.95, -32.68, -6.00, -0.21, 0.09, 0.05, 4.20,
19.17, -29.64, -33.36, 1.76, -0.21, 0.10, 0.05, 4.20,
5.43, -28.58, -32.74, 6.64, -0.22, 0.10, 0.05, 4.19,
-9.27, -28.33, -30.61, 12.46, -0.22, 0.10, 0.05, 4.17,
35.26, -28.16, -27.73, 17.96, -0.22, 0.11, 0.05, 4.19,
-19.62, -27.61, -25.56, 22.86, -0.22, 0.11, 0.05, 4.19,
13.61, -27.40, -20.42, 26.10, -0.22, 0.12, 0.05, 4.18,
-6.98, -27.00, -16.58, 30.48, -0.22, 0.12, 0.05, 4.19,
-14.17, -28.16, -11.66, 33.02, -0.22, 0.12, 0.05, 4.20,
41.48, -29.00, -4.91, 32.67, -0.22, 0.13, 0.05, 4.19,
11.37, -28.71, 0.36, 32.92, -0.22, 0.13, 0.05, 4.19,
26.10, -28.34, 5.90, 31.65, -0.22, 0.14, 0.05, 4.20,
-28.86, -30.10, 10.79, 30.38, -0.23, 0.14, 0.05, 4.20,
-18.18, -30.53, 15.02, 26.87, -0.23, 0.14, 0.05, 4.18,
-5.91, -30.67, 19.00, 23.53, -0.23, 0.15, 0.06, 4.20,
18.25, -31.15, 23.16, 20.56, -0.23, 0.15, 0.06, 4.20,
20.41, -32.33, 25.13, 14.58, -0.23, 0.15, 0.06, 4.20,
-20.09, -32.68, 28.14, 10.03, -0.23, 0.16, 0.06, 4.20,
10.14, -32.80, 29.13, 5.54, -0.23, 0.16, 0.06, 4.18,
11.19, -32.35, 29.24, -0.59, -0.23, 0.16, 0.06, 4.15,
-8.70, -32.49, 28.52, -6.23, -0.23, 0.17, 0.06, 4.20,
3.89, -31.83, 28.18, -12.14, -0.23, 0.17, 0.06, 4.20,
18.61, -31.31, 25.76, -16.27, -0.23, 0.17, 0.06, 4.20,
37.70, -30.26, 24.17, -21.56, -0.23, 0.18, 0.06, 4.20,
6.07, -27.63, 21.12, -27.71, -0.23, 0.18, 0.06, 4.19,
10.77, -26.41, 18.26, -30.49, -0.23, 0.18, 0.06, 4.19,
1.57, -22.61, 14.34, -33.99, -0.23, 0.18, 0.06, 4.20,
23.42, -20.35, 10.09, -36.30, -0.23, 0.19, 0.06, 4.20,
-1.84, -18.68, 6.17, -39.27, -0.23, 0.19, 0.06, 4.16,
-11.47, -15.37, 1.96, -41.43, -0.23, 0.19, 0.06, 4.20,
1.44, -12.00, -1.51, -42.04, -0.23, 0.20, 0.06, 4.20,
16.86, -9.17, -6.54, -42.67, -0.23, 0.20, 0.06, 4.20,
1.43, -5.96, -10.03, -43.20, -0.23, 0.20, 0.06, 4.18,
4.72, -2.94, -12.96, -41.65, -0.23, 0.20, 0.06, 4.15,
9.52, 0.37, -16.78, -40.17, -0.23, 0.21, 0.06, 4.20,
1.85, 3.11, -19.74, -38.87, -0.23, 0.21, 0.06, 4.18,
-22.28, 6.78, -23.07, -35.77, -0.23, 0.21, 0.06, 4.17,
13.15, 9.03, -26.52, -33.95, -0.23, 0.21, 0.06, 4.17,
-3.53, 10.90, -28.13, -31.60, -0.23, 0.22, 0.06, 4.18,
7.29, 13.93, -30.83, -28.00, -0.23, 0.22, 0.06, 4.16,
11.17, 14.81, -31.30, -25.47, -0.23, 0.22, 0.06, 4.20,
7.84, 17.03, -34.16, -21.58, -0.22, 0.22, 0.06, 4.20,
-12.08, 16.36, -36.69, -18.66, -0.22, 0.22, 0.06, 4.18,
9.29, 18.98, -36.85, -13.37, -0.22, 0.23, 0.06, 4.20,
-17.18, 19.26, -37.25, -9.98, -0.22, 0.23, 0.06, 4.20,
-37.64, 19.48, -39.03, -6.97, -0.22, 0.23, 0.06, 4.17,
-7.37, 18.71, -39.48, -3.72, -0.22, 0.23, 0.06, 4.20,
20.03, 18.77, -40.44, -0.54, -0.22, 0.23, 0.06, 4.18,
-13.42, 17.45, -40.41, 3.24, -0.22, 0.24, 0.06, 4.20,
-20.45, 15.98, -40.64, 5.34, -0.22, 0.24, 0.06, 4.18,
-13.06, 13.64, -39.37, 9.62, -0.21, 0.24, 0.06, 4.20,
-43.68, 12.75, -40.24, 11.62, -0.21, 0.24, 0.06, 4.20,
-9.31, 11.10, -40.36, 15.68, -0.21, 0.24, 0.06, 4.19,
16.74, 9.03, -40.56, 17.47, -0.21, 0.24, 0.06, 4.18,
-4.62, 6.85, -39.36, 18.46, -0.21, 0.24, 0.06, 4.18,
22.11, 3.18, -39.31, 18.61, -0.21, 0.25, 0.06, 4.20,
-8.23, 0.93, -38.19, 21.61, -0.20, 0.25, 0.06, 4.20,
70.40, -0.64, -37.07, 22.08, -0.20, 0.25, 0.06, 4.20,
-5.53, -4.23, -37.53, 23.53, -0.20, 0.25, 0.06, 4.19,
13.48, -6.48, -36.83, 23.78, -0.20, 0.25, 0.06, 4.20,
6.73, -8.85, -35.71, 25.04, -0.20, 0.25, 0.06, 4.17,
5.91, -12.19, -35.32, 23.90, -0.19, 0.25, 0.05, 4.20,
1.85, -13.25, -33.77, 22.75, -0.19, 0.25, 0.05, 4.18,
9.90, -16.42, -34.46, 22.42, -0.19, 0.25, 0.05, 4.20,
-19.33, -18.47, -32.02, 22.67, -0.19, 0.25, 0.05, 4.20,
-5.28, -20.68, -32.91, 22.24, -0.19, 0.26, 0.05, 4.20,
16.68, -21.94, -31.04, 21.28, -0.18, 0.26, 0.05, 4.19,
-27.84, -23.66, -31.18, 20.87, -0.18, 0.26, 0.05, 4.20,
-0.58, -24.55, -30.95, 20.26, -0.18, 0.26, 0.05, 4.20,
-13.66, -25.15, -29.29, 18.25, -0.18, 0.26, 0.05, 4.20,
-54.55, -27.01, -29.73, 18.76, -0.17, 0.26, 0.04, 4.17,
-36.38, -28.75, -28.58, 18.30, -0.17, 0.26, 0.04, 4.19,
-9.99, -28.99, -28.70, 16.97, -0.17, 0.26, 0.04, 4.17,
-12.42, -28.88, -28.16, 16.03, -0.17, 0.26, 0.04, 4.18,
38.66, -29.91, -28.35, 14.94, -0.16, 0.26, 0.04, 4.20,
8.06, -30.30, -27.75, 16.25, -0.16, 0.26, 0.04, 4.20,
-8.79, -30.44, -27.94, 14.10, -0.16, 0.26, 0.03, 4.20,
-25.09, -30.57, -28.15, 14.81, -0.15, 0.26, 0.03, 4.20,
-28.93, -30.47, -27.34, 15.57, -0.15, 0.26, 0.03, 4.20,
-2.10, -30.90, -27.80, 15.14, -0.15, 0.26, 0.03, 4.19,
24.06, -31.81, -27.03, 15.01, -0.15, 0.26, 0.03, 4.20,
-17.19, -30.35, -27.17, 16.07, -0.14, 0.26, 0.03, 4.20,
-26.08, -30.86, -27.81, 16.76, -0.14, 0.26, 0.02, 4.20,
13.08, -29.83, -26.93, 16.67, -0.14, 0.26, 0.02, 4.17,
-61.43, -30.69, -26.39, 16.45, -0.13, 0.26, 0.02, 4.20,
-19.86, -30.37, -25.99, 18.45, -0.13, 0.26, 0.02, 4.19,
-10.89, -29.98, -26.75, 18.17, -0.13, 0.26, 0.01, 4.16,
-28.98, -29.11, -25.42, 19.43, -0.13, 0.26, 0.01, 4.20,
-5.07, -29.10, -25.69, 20.51, -0.12, 0.26, 0.01, 4.17,
-35.52, -29.09, -25.40, 20.98, -0.12, 0.26, 0.01, 4.19,
-9.81, -28.53, -25.70, 21.64, -0.12, 0.26, 0.01, 4.16,
15.89, -28.77, -24.55, 23.63, -0.11, 0.26, 0.00, 4.20,
-26.03, -26.08, -24.87, 23.34, -0.11, 0.26, 0.00, 4.19,
-45.21, -27.02, -25.65, 24.25, -0.11, 0.26, -0.00, 4.19,
7.85, -26.66, -24.01, 25.24, -0.10, 0.26, -0.00, 4.17,
-9.38, -25.54, -23.11, 26.03, -0.10, 0.26, -0.01, 4.17,
2.56, -25.33, -23.69, 26.82, -0.10, 0.26, -0.01, 4.20,
-13.67, -24.69, -22.89, 28.86, -0.09, 0.26, -0.01, 4.17,
-1.33, -24.12, -22.29, 29.07, -0.09, 0.25, -0.01, 4.19,
-3.75, -23.75, -21.38, 30.14, -0.09, 0.25, -0.02, 4.20,
-16.25, -22.74, -19.89, 31.73, -0.08, 0.25, -0.02, 4.20,
-30.50, -22.26, -20.75, 33.22, -0.08, 0.25, -0.02, 4.20,
-32.53, -22.21, -18.94, 33.41, -0.08, 0.25, -0.03, 4.20,
-10.44, -18.65, -18.39, 34.94, -0.07, 0.25, -0.03, 4.20,
-12.57, -19.57, -17.38, 36.54, -0.07, 0.25, -0.03, 4.20,
8.53, -17.49, -16.47, 36.22, -0.07, 0.25, -0.03, 4.19,
16.98, -15.64, -15.62, 37.20, -0.06, 0.25, -0.04, 4.18,
-36.58, -14.82, -15.13, 39.03, -0.06, 0.25, -0.04, 4.17,
8.69, -11.78, -13.47, 39.13, -0.06, 0.25, -0.04, 4.20,
21.52, -9.22, -14.68, 40.85, -0.05, 0.24, -0.05, 4.20,
-2.31, -6.55, -13.91, 40.61, -0.05, 0.24, -0.05, 4.18,
-60.67, -4.49, -14.76, 40.49, -0.05, 0.24, -0.05, 4.18,
7.82, -1.65, -15.61, 42.04, -0.04, 0.24, -0.05, 4.19,
-1.67, 0.73, -16.80, 40.66, -0.04, 0.24, -0.06, 4.18,
8.99, 2.67, -17.59, 40.19, -0.04, 0.24, -0.06, 4.20,
-16.70, 5.04, -21.01, 37.97, -0.03, 0.24, -0.06, 4.18,
7.15, 5.54, -22.38, 36.66, -0.03, 0.24, -0.07, 4.20,
2.09, 7.54, -25.32, 35.50, -0.03, 0.23, -0.07, 4.20,
-37.46, 9.06, -29.39, 32.94, -0.03, 0.23, -0.07, 4.20,
26.55, 9.56, -32.33, 28.22, -0.02, 0.23, -0.07, 4.18,
22.25, 8.15, -35.53, 24.76, -0.02, 0.23, -0.08, 4.18,
-29.09, 6.64, -38.16, 20.54, -0.02, 0.23, -0.08, 4.20,
41.19, 5.59, -40.19, 16.97, -0.01, 0.23, -0.08, 4.20,
17.13, 1.85, -42.86, 12.13, -0.01, 0.22, -0.09, 4.20,
-7.77, -0.01, -43.91, 7.49, -0.01, 0.22, -0.09, 4.19,
22.25, -3.98, -44.48, 2.37, -0.00, 0.22, -0.09, 4.18,
-10.74, -5.84, -43.31, -2.44, -0.00, 0.22, -0.09, 4.20,
-8.66, -8.36, -42.09, -7.82, 0.00, 0.22, -0.10, 4.20,
-6.07, -11.56, -40.26, -11.85, 0.00, 0.22, -0.10, 4.20,
1.26, -11.68, -37.93, -17.23, 0.01, 0.21, -0.10, 4.20,
-37.87, -14.66, -35.28, -21.49, 0.01, 0.21, -0.10, 4.20,
-37.94, -13.85, -32.96, -25.52, 0.01, 0.21, -0.11, 4.18,
5.74, -13.94, -30.45, -29.12, 0.01, 0.21, -0.11, 4.18,
3.67, -13.25, -27.68, -30.71, 0.02, 0.21, -0.11, 4.19,
-2.03, -11.47, -26.28, -33.51, 0.02, 0.20, -0.11, 4.17,
-34.74, -9.25, -24.47, -35.38, 0.02, 0.20, -0.11, 4.20,
-14.89, -8.22, -23.03, -37.36, 0.02, 0.20, -0.12, 4.20,
-14.00, -7.43, -22.85, -36.82, 0.03, 0.20, -0.12, 4.19,
-0.99, -4.75, -23.16, -37.06, 0.03, 0.20, -0.12, 4.20,
-2.68, -3.99, -24.25, -36.25, 0.03, 0.19, -0.12, 4.20,
-12.99, -3.82, -26.05, -35.97, 0.03, 0.19, -0.12, 4.20,
6.28, -2.41, -26.36, -34.77, 0.04, 0.19, -0.13, 4.17,
-33.33, -3.05, -27.93, -33.96, 0.04, 0.19, -0.13, 4.20,
-32.32, -4.32, -29.33, -32.34, 0.04, 0.19, -0.13, 4.17,
2.72, -6.45, -29.85, -30.60, 0.04, 0.18, -0.13, 4.19,
-23.53, -8.10, -30.82, -31.01, 0.05, 0.18, -0.13, 4.20,
-7.04, -10.50, -31.63, -28.78, 0.05, 0.18, -0.13, 4.20,
22.06, -13.49, -30.82, -27.65, 0.05, 0.18, -0.14, 4.19,
10.46, -15.02, -30.21, -28.60, 0.05, 0.18, -0.14, 4.20,
-17.17, -17.57, -29.41, -28.23, 0.05, 0.17, -0.14, 4.20,
-15.57, -19.18, -27.51, -28.24, 0.06, 0.17, -0.14, 4.20,
13.86, -22.04, -25.10, -29.06, 0.06, 0.17, -0.14, 4.20,
-17.86, -21.32, -23.16, -29.64, 0.06, 0.17, -0.14, 4.20,
3.31, -22.50, -21.11, -30.59, 0.06, 0.16, -0.14, 4.20,
4.89, -22.90, -19.48, -32.68, 0.06, 0.16, -0.14, 4.19,
20.10, -20.85, -17.35, -33.55, 0.06, 0.16, -0.14, 4.20,
-32.32, -20.22, -16.30, -35.40, 0.07, 0.16, -0.14, 4.20,
-37.79, -18.10, -15.47, -36.59, 0.07, 0.15, -0.14, 4.15,
-5.19, -14.30, -14.30, -38.82, 0.07, 0.15, -0.14, 4.20,
0.42, -11.55, -15.15, -40.38, 0.07, 0.15, -0.14, 4.20,
24.48, -8.61, -15.71, -40.52, 0.07, 0.15, -0.14, 4.20,
-4.40, -3.44, -16.03, -40.06, 0.07, 0.14, -0.14, 4.17,
-45.74, 0.72, -17.50, -40.22, 0.07, 0.14, -0.14, 4.20,
-27.15, 5.44, -17.57, -39.35, 0.08, 0.14, -0.14, 4.17,
-9.39, 9.09, -19.23, -38.49, 0.08, 0.13, -0.14, 4.19,
-26.14, 13.76, -21.20, -35.93, 0.08, 0.13, -0.14, 4.19,
-21.17, 19.14, -21.48, -33.56, 0.08, 0.13, -0.14, 4.19,
0.90, 24.22, -22.02, -29.80, 0.08, 0.13, -0.14, 4.20,
-1.36, 27.48, -22.44, -25.81, 0.08, 0.12, -0.14, 4.19,
9.18, 32.28, -22.98, -21.42, 0.08, 0.12, -0.14, 4.18,
-1.93, 34.31, -21.14, -15.79, 0.08, 0.12, -0.14, 4.20,
-21.00, 36.95, -19.66, -9.80, 0.08, 0.12, -0.14, 4.18,
26.56, 40.58, -17.35, -4.11, 0.09, 0.11, -0.14, 4.19,
-19.25, 42.32, -13.88, 1.48, 0.09, 0.11, -0.14, 4.20,
3.35, 41.95, -9.54, 8.31, 0.09, 0.11, -0.14, 4.20,
4.15, 42.09, -4.35, 13.90, 0.09, 0.10, -0.13, 4.20,