loop print:
-143
-11.17
18.23
-34.90
3.89
loop print:
-227
-16.05
18.83
-34.83
3.86
loop print:
-66
-10.39
18.22
-35.01
3.93
loop print:
-87
-11.25
17.61
-34.77
3.92
loop print:
-185
-15.89
17.85
-35.16
3.87
loop print:
116
-0.43
17.31
-36.73
3.91
loop print:
144
1.79
17.60
-37.42
3.90
loop print:
102
-0.54
17.47
-37.04
3.91
loop print:
-248
-16.95
18.80
-35.48
3.85
loop print:
116
-0.12
17.33
-36.06
3.91
loop print:
-31
-6.14
17.46
-34.12
3.93
loop print:
-220
-15.98
18.81
-34.73
3.86
loop print:
-31
-8.67
17.65
-34.56
3.93
loop print:
109
0.74
17.36
-35.92
3.91
loop print:
-136
-12.14
18.23
-34.46
3.90
loop print:
-150
-13.95
18.83
-34.46
3.89
loop print:
228
4.71
17.53
-37.89
3.86
loop print:
-220
-14.26
18.54
-35.25
3.86
loop print:
60
-3.07
17.43
-35.12
3.92
loop print:
-115
-11.92
18.06
-34.36
3.91
loop print:
102
-1.70
17.08
-35.67
3.91
loop print:
-101
-9.21
18.16
-33.94
3.91
loop print:
-171
-13.17
18.19
-33.60
3.88
loop print:
221
3.97
17.42
-37.80
3.86
loop print:
116
1.38
17.15
-36.36
3.91
loop print:
-115
-11.92
18.06
-33.84
3.91
loop print:
95
-0.75
17.43
-34.97
3.91
loop print:
95
0.55
17.52
-35.34
3.91
loop print:
186
5.16
17.60
-36.90
3.87
loop print:
151
3.14
17.66
-36.69
3.89
loop print:
-255
-16.76
19.19
-34.93
3.84
loop print:
-52
-9.83
18.11
-34.10
3.93
loop print:
200
3.19
17.90
-37.60
3.87
loop print:
-94
-9.93
18.05
-34.46
3.92
loop print:
-185
-16.24
18.71
-33.94
3.87
loop print:
242
5.27
17.92
-38.08
3.85
loop print:
-10
-4.77
17.80
-34.82
3.94
loop print:
144
2.75
17.74
-36.17
3.90
loop print:
-157
-12.55
18.70
-34.60
3.89
loop print:
-206
-15.80
19.03
-34.56
3.87
loop print:
-185
-14.78
18.64
-34.48
3.88
loop print:
95
-1.48
17.49
-35.97
3.91
loop print:
-227
-16.00
19.00
-34.54
3.86
loop print:
-150
-13.89
18.49
-34.21
3.89
loop print:
67
-3.74
17.02
-35.88
3.92
loop print:
221
5.26
17.16
-38.75
3.86
loop print:
-213
-15.37
18.82
-35.30
3.86
loop print:
-164
-14.03
18.47
-34.69
3.89
loop print:
-227
-17.16
18.77
-35.00
3.86
loop print:
-185
-16.95
18.52
-34.66
3.88
loop print:
-94
-10.58
17.96
-34.17
3.92