loop print:
200
-13.51
13.92
-30.09
3.87
loop print:
-115
-22.92
10.92
-32.77
3.91
loop print:
53
-19.01
11.90
-30.76
3.93
loop print:
-10
-20.61
11.60
-31.54
3.93
loop print:
-185
-26.71
10.58
-34.57
3.87
loop print:
207
-14.86
13.92
-30.74
3.86
loop print:
235
-12.23
14.52
-30.08
3.85
loop print:
207
-12.94
14.29
-29.77
3.86
loop print:
158
-15.65
13.64
-30.23
3.89
loop print:
228
-13.26
14.29
-29.86
3.86
loop print:
-52
-21.83
11.43
-31.72
3.93
loop print:
-171
-26.58
10.54
-33.84
3.88
loop print:
39
-19.56
11.55
-30.80
3.93
loop print:
-185
-25.84
10.74
-34.46
3.88
loop print:
144
-15.93
12.94
-30.71
3.89
loop print:
46
-18.56
12.46
-30.56
3.93
loop print:
-178
-26.08
10.36
-34.58
3.88
loop print:
53
-19.36
11.64
-31.08
3.92
loop print:
242
-12.70
14.40
-30.12
3.85
loop print:
-80
-22.02
10.94
-31.89
3.92
loop print:
214
-14.14
14.21
-30.03
3.86
loop print:
95
-15.97
13.16
-29.94
3.91
loop print:
-178
-25.61
10.64
-33.95
3.88
loop print:
-45
-22.45
11.29
-31.55
3.93
loop print:
123
-15.84
13.25
-29.85
3.90
loop print:
214
-13.00
14.83
-29.82
3.86
loop print:
158
-14.87
13.79
-30.06
3.89
loop print:
-192
-26.75
10.55
-34.37
3.87
loop print:
95
-18.79
12.54
-30.89
3.91
loop print:
-178
-25.32
10.72
-34.49
3.88
loop print:
11
-20.43
11.65
-31.22
3.94
loop print:
123
-16.31
13.42
-30.47
3.90
loop print:
214
-13.29
14.67
-30.15
3.86
loop print:
46
-17.60
12.22
-30.42
3.93
loop print:
-59
-22.52
11.18
-31.73
3.92
loop print:
-10
-20.85
11.86
-31.40
3.93
loop print:
-94
-22.99
10.98
-32.69
3.91
loop print:
74
-18.22
11.81
-30.61
3.92
loop print:
-255
-28.70
9.99
-35.80
3.84
loop print:
-122
-25.95
10.31
-33.67
3.90
loop print:
-122
-24.31
10.63
-33.47
3.90
loop print:
95
-17.30
12.41
-30.38
3.91
loop print:
130
-15.64
13.39
-29.77
3.90
loop print:
-38
-21.46
11.63
-31.67
3.93
loop print:
165
-14.92
13.40
-29.29
3.88
loop print:
95
-16.68
13.19
-30.61
3.91
loop print:
95
-17.49
12.46
-30.05
3.91
loop print:
-94
-23.80
10.64
-32.22
3.91
loop print:
228
-13.62
14.24
-29.51
3.85
loop print:
95
-16.78
12.98
-30.07
3.91
loop print:
95
-16.29
13.26
-30.35
3.91