loop print:
-129
-16.54
8.50
-40.00
3.89
loop print:
88
-21.31
14.97
-28.49
3.91
loop print:
-115
-17.39
8.42
-37.20
3.89
loop print:
11
-19.45
12.04
-32.00
3.93
loop print:
179
-22.92
18.09
-23.86
3.87
loop print:
-80
-18.33
9.38
-35.61
3.91
loop print:
95
-20.71
14.58
-27.46
3.90
loop print:
95
-21.70
15.68
-26.44
3.90
loop print:
95
-22.13
16.95
-27.80
3.90
loop print:
67
-20.79
15.69
-28.33
3.91
loop print:
4
-19.89
12.72
-31.05
3.93
loop print:
-234
-15.48
5.66
-45.85
3.83
loop print:
32
-19.45
13.02
-31.74
3.93
loop print:
-255
-15.12
4.98
-46.52
3.82
loop print:
-164
-16.39
6.59
-43.55
3.87
loop print:
-164
-15.87
6.69
-41.96
3.87
loop print:
-248
-14.65
4.21
-47.13
3.82
loop print:
214
-22.97
19.11
-24.13
3.85
loop print:
144
-23.26
19.09
-24.52
3.88
loop print:
-171
-17.22
7.34
-40.42
3.87
loop print:
165
-22.30
17.41
-25.27
3.87
loop print:
-10
-19.82
12.43
-30.94
3.93
loop print:
46
-20.24
14.45
-29.42
3.92
loop print:
-206
-16.05
5.87
-43.05
3.85
loop print:
88
-21.20
13.93
-28.85
3.91
loop print:
39
-20.82
14.25
-29.52
3.92
loop print:
242
-24.29
21.42
-21.83
3.83
loop print:
109
-21.62
17.17
-25.63
3.90
loop print:
137
-22.36
16.70
-24.61
3.89
loop print:
95
-22.41
15.99
-26.19
3.90
loop print:
186
-23.84
18.87
-22.83
3.86
loop print:
-255
-15.47
5.62
-46.03
3.82
loop print:
-150
-16.53
6.08
-41.06
3.88
loop print:
18
-19.75
11.71
-31.02
3.93
loop print:
-122
-17.97
8.57
-39.26
3.89
loop print:
179
-22.98
17.99
-24.30
3.86
loop print:
11
-20.60
13.41
-30.10
3.93
loop print:
-248
-15.19
5.14
-46.27
3.83
loop print:
-122
-17.56
7.76
-41.50
3.90
loop print:
95
-21.93
14.83
-27.35
3.90
loop print:
-157
-16.91
8.05
-39.97
3.88
loop print:
-255
-14.79
4.43
-47.17
3.82
loop print:
-101
-17.56
8.80
-39.74
3.90
loop print:
-241
-15.18
4.88
-46.32
3.83
loop print:
-220
-15.28
4.95
-45.53
3.85
loop print:
-94
-17.92
7.90
-37.99
3.91
loop print:
-157
-17.31
7.09
-41.10
3.88
loop print:
4
-19.69
12.04
-31.95
3.93
loop print:
-178
-16.89
7.20
-42.77
3.86
loop print:
-220
-15.57
5.26
-46.26
3.85
loop print:
95
-21.62
15.29
-29.36
3.91