---START---
71.00, 5.12, -0.12, 1.13, -0.06, -0.00, 0.00, 4.31, 
202.00, 84.05, -1.70, 19.03, -0.09, -0.01, 0.00, 4.29, 
-199.00, 84.85, -2.02, 27.22, -0.16, -0.01, 0.00, 4.23, 
-116.00, 77.97, -3.13, 60.60, -0.19, -0.01, 0.00, 4.21, 
84.00, 78.40, -2.36, 45.13, -0.27, -0.01, 0.01, 4.27, 
-89.00, 82.44, -2.99, 35.47, -0.33, -0.00, 0.01, 4.28, 
222.00, 78.50, -3.31, 45.49, -0.38, -0.01, 0.01, 4.29, 
-102.00, 84.42, -2.68, 3.58, -0.42, -0.14, -0.16, 4.29, 
244.00, 78.38, -4.56, 21.29, -0.24, 0.08, -0.37, 4.37, 
97.00, 83.89, -8.52, -6.90, -0.20, 0.01, -0.27, 4.31, 
16.00, 77.87, -6.82, 9.18, -0.41, -0.00, -0.60, 4.41, 
78.00, 76.32, -8.23, 22.37, -0.46, -0.01, -0.58, 4.41, 
53.00, 76.99, -9.15, 16.60, -0.51, -0.02, -0.56, 4.42, 
141.00, 75.13, -12.33, 19.83, -0.58, -0.00, -0.56, 4.41, 
14.00, 76.72, -11.55, 11.23, -0.65, 0.02, -0.56, 4.39, 
75.00, 75.08, -13.72, 15.98, -0.71, 0.01, -0.56, 4.38, 
44.00, 75.36, -13.64, 13.47, -0.77, 0.01, -0.55, 4.36, 
-156.00, 74.43, -14.25, 16.18, -0.83, 0.02, -0.55, 4.36, 
72.00, 72.80, -16.14, 19.64, -0.88, -0.04, -0.53, 4.32, 
-213.00, 73.61, -14.39, 14.99, -0.94, -0.05, -0.53, 4.31, 
-204.00, 71.64, -3.19, 44.03, -0.94, -0.10, -0.68, 4.00, 
-216.00, 57.52, -8.82, 61.62, -0.50, 0.06, -0.63, 4.01, 
-232.00, 48.76, -4.33, 70.56, -0.50, 0.06, -0.65, 4.00, 
-190.00, 45.79, -7.77, 73.02, -0.51, 0.07, -0.64, 3.98, 
253.00, 43.24, -10.26, 74.92, -0.54, 0.07, -0.63, 4.01, 
-26.00, 45.14, -17.17, 51.83, -0.69, 0.09, -0.54, 3.98, 
-139.00, 44.20, -16.58, 57.50, -0.73, 0.09, -0.56, 4.07, 
24.00, 40.53, -15.99, 59.37, -0.77, 0.07, -0.56, 4.04, 
163.00, 35.63, -15.53, 57.49, -0.85, 0.07, -0.57, 4.08, 
249.00, 38.29, -11.14, 48.96, -0.91, 0.11, -0.56, 4.03, 
62.00, 34.18, -8.22, 45.28, -1.00, 0.13, -0.56, 3.98, 
-156.00, 33.59, -6.30, 44.74, -1.07, 0.14, -0.55, 4.07, 
207.00, 33.83, -6.15, 44.02, -1.12, 0.14, -0.55, 4.03, 
21.00, 33.49, -5.75, 42.48, -1.18, 0.14, -0.54, 4.01, 
83.00, 33.30, -5.71, 42.61, -1.24, 0.14, -0.54, 4.07, 
-216.00, 33.02, -5.72, 42.91, -1.30, 0.14, -0.54, 4.06, 
-4.00, 32.66, -5.71, 43.14, -1.36, 0.14, -0.54, 4.01, 
-105.00, 32.59, -6.52, 43.13, -1.42, 0.15, -0.54, 4.07, 
-39.00, 32.11, -6.53, 43.42, -1.48, 0.14, -0.54, 4.06, 
-173.00, 32.13, -6.70, 43.52, -1.53, 0.14, -0.54, 4.06, 
122.00, 32.05, -6.74, 43.52, -1.59, 0.15, -0.54, 4.02, 
-211.00, 32.00, -6.74, 43.50, -1.65, 0.15, -0.54, 4.04, 
119.00, 31.92, -6.73, 43.52, -1.71, 0.15, -0.54, 4.00, 
57.00, 31.86, -6.74, 43.50, -1.76, 0.15, -0.54, 4.05, 
109.00, 31.81, -6.75, 43.50, -1.82, 0.15, -0.54, 4.07, 
-229.00, 31.75, -6.76, 43.50, -1.88, 0.15, -0.54, 4.05, 
87.00, 31.69, -6.76, 43.51, -1.94, 0.15, -0.54, 4.00, 
161.00, 31.63, -6.77, 43.49, -1.99, 0.15, -0.54, 4.06, 
192.00, 31.50, -6.64, 43.27, -2.05, 0.15, -0.54, 4.04, 
-61.00, 30.63, -5.71, 33.56, -2.11, 0.14, -0.54, 4.03, 
83.00, 31.25, -10.52, 7.95, -2.17, 0.14, -0.54, 4.07, 
-156.00, 30.98, -27.99, -11.72, -2.22, 0.14, -0.54, 4.06, 
138.00, 39.54, -41.25, 28.60, -2.28, 0.14, -0.54, 4.04, 
-168.00, 35.77, -39.35, 16.57, -2.34, 0.14, -0.54, 4.04, 
163.00, 45.86, -16.76, 50.82, -2.41, 0.14, -0.53, 4.03, 
99.00, 30.93, 4.12, 13.56, -2.44, 0.19, -0.53, 4.04, 
153.00, 23.87, 0.77, -7.30, -2.45, 0.19, -0.55, 4.06, 
-56.00, 32.87, -20.92, 10.10, -2.40, 0.50, -0.50, 4.04, 
184.00, 31.61, -39.21, 16.70, -2.47, 0.13, -0.48, 4.07, 
56.00, 33.67, -41.08, 3.44, -2.33, 0.54, -0.44, 4.03, 
-153.00, 31.67, -26.16, 35.47, -2.57, 0.59, -0.24, 4.07, 
-24.00, 26.04, -1.20, 55.54, -2.74, 0.35, -0.16, 4.04, 
62.00, 30.81, 8.51, 12.58, -1.61, 0.39, -0.30, 4.07, 
5.00, 25.33, -9.51, -5.89, -1.10, 0.37, -0.38, 4.07, 
138.00, 31.27, -33.22, -6.91, -0.94, 0.91, -0.59, 4.08, 
187.00, 33.53, -42.55, -1.74, -1.07, 0.91, -0.56, 4.04, 
241.00, 40.95, -35.78, 9.25, -1.11, 1.59, -0.41, 4.02, 
-195.00, 35.80, -18.37, 68.45, -1.35, 1.30, 0.01, 4.00, 
108.00, 28.27, 3.21, 55.72, -1.49, 1.87, 0.03, 4.02, 
111.00, 14.98, 3.55, -4.15, -1.05, 1.84, -0.00, 4.05, 
-90.00, 24.06, -14.51, 7.38, -0.59, 1.84, -0.09, 4.05, 
-155.00, 30.51, -34.93, 15.14, -0.53, 2.27, -0.17, 4.06, 
86.00, 27.52, -42.82, 25.98, -0.68, 2.00, -0.14, 4.04, 
31.00, 32.05, -35.61, 30.92, -0.60, 2.13, -0.09, 4.06, 
-126.00, 31.60, -18.57, 39.14, -0.70, 2.10, 0.01, 4.07, 
213.00, 28.21, 1.58, 42.77, -0.81, 2.30, 0.05, 4.05, 
-147.00, 38.13, 7.23, 26.80, -0.47, 2.16, -0.01, 4.02, 
-225.00, 32.81, -9.32, 11.55, -0.69, 1.96, -0.08, 4.04, 
119.00, 28.77, -32.52, 13.97, -0.87, 1.67, -0.17, 4.01, 
-95.00, 27.54, -42.14, 28.71, -0.96, 1.48, -0.15, 4.05, 
-68.00, 27.88, -39.47, 46.15, -1.11, 1.50, -0.15, 4.06, 
-70.00, 28.95, -25.13, 52.88, -1.17, 1.52, -0.12, 4.07, 
182.00, 30.03, -4.49, 32.11, -1.08, 1.58, -0.07, 4.07, 
-52.00, 25.84, 6.98, -0.53, -0.46, 1.16, -0.14, 4.03, 
-131.00, 30.42, 0.04, 5.71, -0.32, 1.18, -0.13, 4.07, 
162.00, 28.32, -20.83, -14.55, -0.34, 1.51, -0.31, 4.04, 
-247.00, 35.01, -37.01, -14.40, -0.52, 2.09, -0.32, 4.04, 
184.00, 24.08, -42.24, 47.30, -0.93, 2.22, 0.03, 3.99, 
159.00, 34.18, -34.89, 13.16, -0.04, 2.96, 0.27, 4.03, 
39.00, 33.97, -18.89, 21.58, -0.16, 2.96, 0.35, 4.04, 
-74.00, 31.82, 1.01, 31.47, -0.29, 3.37, 0.37, 4.07, 
182.00, 25.39, 6.83, -3.73, 0.75, 2.87, 0.28, 4.06, 
-224.00, 25.99, -5.66, -5.17, 0.72, 2.75, 0.00, 4.03, 
164.00, 28.36, -26.48, 3.76, 0.65, 2.82, -0.11, 4.00, 
250.00, 34.42, -39.60, -15.02, 0.57, 3.65, -0.27, 4.03, 
-166.00, 36.50, -41.91, -8.60, 0.38, 3.73, -0.23, 3.99, 
162.00, 25.33, -33.57, 55.93, -0.06, 3.89, 0.18, 4.03, 
246.00, 33.68, -16.25, 21.09, 0.28, 4.41, 0.24, 4.03, 
-81.00, 33.77, 1.60, 4.13, 0.64, 4.33, 0.24, 4.00, 
3.00, 32.47, 7.58, 25.54, 0.41, 4.28, 0.22, 4.06, 
-207.00, 34.33, -3.13, 6.77, 0.78, 4.07, 0.25, 4.07, 
-186.00, 30.73, -21.10, 21.83, 0.58, 3.84, 0.18, 4.01, 
-133.00, 28.92, -36.62, 29.73, 0.52, 3.44, 0.17, 4.03, 
-81.00, 28.26, -43.58, 37.54, 0.41, 3.39, 0.16, 4.04, 
108.00, 27.03, -39.18, 37.66, 0.33, 3.34, 0.16, 4.06, 
-68.00, 30.16, -23.33, 48.82, 0.32, 3.30, 0.21, 4.05, 
139.00, 28.09, -5.18, 48.75, 0.25, 3.34, 0.22, 4.06, 
88.00, 33.17, 6.58, 10.01, 1.08, 3.33, 0.33, 4.04, 
-67.00, 33.50, 4.00, 3.73, 1.15, 3.31, 0.34, 4.06, 
8.00, 33.14, -10.69, -1.53, 1.14, 3.08, 0.30, 4.07, 
128.00, 33.06, -28.07, -4.00, 1.08, 2.83, 0.25, 4.07, 
-64.00, 33.47, -40.69, -10.61, 0.98, 2.73, 0.07, 4.05, 
252.00, 27.14, -43.08, 31.26, 0.73, 2.62, 0.42, 4.06, 
39.00, 33.15, -34.12, 6.07, 0.93, 3.46, 0.43, 3.99, 
2.00, 29.99, -18.04, 40.83, 0.74, 3.46, 0.58, 4.07, 
-144.00, 32.54, -2.95, 37.69, 0.75, 3.54, 0.61, 4.07, 
-56.00, 31.51, 6.26, 40.73, 0.68, 3.54, 0.62, 4.04, 
126.00, 33.70, 3.32, 12.43, 0.91, 3.42, 0.58, 4.07, 
-192.00, 32.35, -11.57, -3.95, 1.02, 3.49, 0.55, 4.05, 
248.00, 28.78, -29.95, -19.07, 1.01, 3.27, 0.46, 4.02, 
-121.00, 35.89, -39.97, -22.84, 0.82, 3.86, 0.49, 3.99, 
-117.00, 25.31, -42.50, 36.29, 0.38, 4.19, 0.84, 4.04, 
102.00, 26.10, -36.12, 49.65, 0.32, 4.17, 0.85, 4.05, 
-222.00, 31.94, -21.67, 35.38, 0.44, 4.20, 0.92, 4.05, 
-168.00, 25.67, -5.77, 66.68, 0.29, 4.21, 0.94, 4.00, 
-66.00, 29.31, 6.18, 46.22, 0.35, 4.16, 0.93, 4.03, 
-43.00, 32.13, 5.91, 14.76, 0.71, 4.17, 0.94, 4.06, 
153.00, 30.66, -5.66, 1.82, 0.72, 4.19, 0.90, 4.07, 
-126.00, 32.94, -22.32, -22.31, 0.56, 4.68, 0.87, 4.04, 
157.00, 29.13, -36.57, 15.88, 0.18, 4.64, 0.99, 4.04, 
59.00, 31.66, -42.93, -2.78, 0.31, 5.22, 1.04, 4.04, 
-75.00, 30.07, -41.36, 19.73, 0.16, 5.08, 1.19, 4.06, 
-107.00, 26.44, -31.56, 50.98, 0.03, 4.90, 1.24, 4.06, 
53.00, 26.16, -15.90, 55.86, -0.03, 4.89, 1.25, 4.05, 
71.00, 33.55, 0.07, 31.92, 0.20, 4.88, 1.28, 4.07, 
-111.00, 35.40, 6.74, 20.03, 0.27, 4.88, 1.30, 4.06, 
235.00, 33.31, 3.12, 0.39, 0.27, 4.82, 1.29, 4.05, 
145.00, 36.92, -8.24, -31.43, 0.06, 4.83, 1.29, 4.00, 
237.00, 37.77, -24.40, -28.21, -0.02, 4.49, 1.29, 4.04, 
10.00, 39.37, -37.50, -15.32, -0.21, 4.25, 1.33, 4.00, 
-138.00, 30.85, -43.01, 26.31, -0.47, 4.02, 1.57, 4.07, 
-173.00, 26.01, -41.22, 48.72, -0.58, 3.81, 1.58, 4.04, 
70.00, 26.33, -31.84, 32.05, -0.54, 3.80, 1.60, 4.03, 
-28.00, 30.97, -18.20, 39.32, -0.53, 3.80, 1.66, 4.06, 
-100.00, 30.55, -2.85, 47.04, -0.60, 3.82, 1.67, 4.07, 
83.00, 31.46, 6.97, 25.64, -0.55, 3.81, 1.67, 4.05, 
-245.00, 35.74, 7.45, 24.67, -0.49, 3.80, 1.67, 4.05, 
-228.00, 32.32, -4.03, 30.05, -0.64, 3.59, 1.65, 3.99, 
135.00, 28.03, -19.35, -4.88, -0.52, 3.71, 1.61, 4.00, 
-228.00, 31.31, -32.39, -3.78, -0.60, 3.95, 1.57, 4.04, 
82.00, 27.01, -41.14, 17.42, -0.76, 3.56, 1.62, 4.00, 
-51.00, 31.11, -43.51, 12.75, -0.74, 3.83, 1.63, 4.06, 
22.00, 27.08, -38.75, 38.31, -0.86, 3.74, 1.68, 4.07, 
194.00, 29.03, -26.82, 40.13, -0.88, 3.74, 1.69, 4.07, 
-82.00, 34.73, -12.80, 20.73, -0.64, 3.71, 1.75, 4.02, 
-91.00, 31.15, -0.26, 47.15, -0.82, 3.72, 1.76, 4.06, 
-200.00, 32.43, 6.47, 38.31, -0.83, 3.71, 1.76, 4.06, 
248.00, 32.22, 5.70, 35.92, -0.89, 3.70, 1.76, 4.02, 
162.00, 28.62, -3.59, -21.98, -1.07, 3.74, 1.75, 3.99, 
-134.00, 32.82, -17.75, 6.64, -1.14, 3.77, 1.74, 4.03, 
119.00, 31.49, -32.38, 4.01, -1.20, 3.63, 1.73, 4.04, 
17.00, 32.12, -40.29, -7.37, -1.24, 3.82, 1.69, 4.05, 
197.00, 31.00, -42.66, 16.91, -1.42, 3.75, 1.77, 4.06, 
68.00, 33.05, -39.63, 6.71, -1.40, 4.01, 1.77, 4.02, 
-228.00, 30.35, -31.21, 30.26, -1.53, 3.94, 1.83, 4.06, 
-179.00, 23.45, -18.45, 69.36, -1.66, 3.98, 1.84, 4.00, 
56.00, 28.56, -4.35, 43.71, -1.60, 3.99, 1.85, 4.03, 
68.00, 31.95, 4.92, 24.27, -1.51, 3.99, 1.88, 4.06, 
73.00, 30.11, 7.59, 8.73, -1.53, 3.98, 1.88, 4.06, 
-168.00, 28.22, 1.96, -5.07, -1.56, 3.94, 1.88, 4.06, 
-88.00, 30.52, -9.29, 16.41, -1.67, 3.90, 1.87, 4.03, 
50.00, 28.82, -23.49, -4.13, -1.67, 4.00, 1.84, 4.06, 
0.00, 30.40, -34.63, -3.00, -1.72, 4.11, 1.82, 4.07, 
-214.00, 30.66, -41.53, 11.12, -1.81, 4.08, 1.83, 4.07, 
145.00, 25.43, -43.09, 46.09, -1.96, 3.96, 1.85, 4.01, 
-214.00, 29.18, -38.95, 13.49, -1.70, 4.15, 1.91, 4.04, 
-56.00, 24.70, -30.86, 54.77, -1.86, 4.13, 1.98, 4.01, 
-111.00, 26.54, -19.13, 51.16, -1.89, 4.15, 1.99, 4.06, 
203.00, 27.44, -6.54, 53.65, -1.93, 4.15, 2.00, 4.05, 
-93.00, 34.28, 4.02, 49.50, -1.91, 4.16, 2.01, 4.02, 
-67.00, 32.68, 7.56, 30.68, -1.95, 4.17, 2.02, 4.06, 
-181.00, 31.46, 4.69, 14.45, -1.97, 4.16, 2.01, 4.06, 
157.00, 32.17, -5.17, 18.55, -2.03, 4.14, 2.01, 4.03, 
-184.00, 31.08, -17.79, 0.92, -2.04, 4.21, 2.00, 4.04, 
232.00, 31.03, -29.69, 20.18, -2.16, 4.15, 2.00, 4.02, 
81.00, 28.72, -38.32, -19.24, -2.22, 4.39, 1.96, 4.00, 
-221.00, 29.96, -42.64, 17.98, -2.33, 4.42, 1.99, 4.06, 
-169.00, 25.89, -43.48, 52.04, -2.46, 4.38, 2.00, 4.00, 
255.00, 25.79, -38.23, 59.13, -2.53, 4.37, 2.00, 4.03, 
115.00, 25.59, -28.18, 23.78, -2.47, 4.44, 1.99, 3.98, 
-182.00, 28.04, -17.23, 31.50, -2.50, 4.45, 2.00, 4.05, 
150.00, 27.54, -5.67, 59.14, -2.58, 4.43, 2.01, 4.03, 
246.00, 23.98, 3.42, 13.38, -2.48, 4.46, 2.02, 4.03, 
45.00, 21.37, 7.21, -8.20, -2.54, 4.45, 2.03, 3.99, 
-187.00, 22.71, 4.55, 2.12, -2.60, 4.40, 2.03, 4.06, 
213.00, 26.38, -3.32, 16.08, -2.63, 4.39, 2.02, 4.02, 
98.00, 23.09, -15.22, -23.94, -2.76, 4.39, 2.00, 4.01, 
-139.00, 25.10, -25.97, -18.20, -2.84, 4.43, 2.00, 4.05, 
-41.00, 27.27, -35.78, 13.03, -2.94, 4.44, 2.02, 4.04, 
-58.00, 28.63, -41.24, 15.76, -2.99, 4.45, 2.02, 4.07, 
99.00, 29.08, -43.34, 26.16, -3.05, 4.43, 2.02, 4.07, 
-104.00, 30.73, -41.62, 32.55, -3.10, 4.45, 2.03, 4.05, 
116.00, 28.74, -36.96, 47.90, -3.20, 4.42, 2.03, 4.05, 
-201.00, 28.36, -28.23, 32.86, -3.23, 4.46, 2.03, 4.05, 
-61.00, 26.81, -17.13, 55.48, -3.33, 4.46, 2.04, 4.02, 
21.00, 27.43, -7.50, 49.22, -3.36, 4.48, 2.04, 4.06, 
213.00, 26.94, 1.59, 30.32, -3.39, 4.51, 2.05, 4.06, 
61.00, 24.16, 6.65, 3.40, -3.44, 4.51, 2.05, 4.01, 
159.00, 24.38, 6.75, 4.41, -3.49, 4.51, 2.04, 4.06, 
236.00, 21.62, 1.39, -14.87, -3.56, 4.50, 2.05, 4.03, 
105.00, 21.29, -7.94, -25.00, -3.64, 4.49, 2.05, 3.99, 
-76.00, 23.30, -18.19, -19.97, -3.72, 4.49, 2.06, 4.05, 
-111.00, 26.78, -28.51, 3.19, -3.78, 4.49, 2.06, 4.06, 
-80.00, 28.20, -36.12, 13.78, -3.84, 4.49, 2.06, 4.05, 
191.00, 26.60, -41.29, -2.07, -3.89, 4.50, 2.06, 4.06, 
232.00, 26.59, -44.06, -3.46, -3.95, 4.51, 2.06, 4.02, 
-51.00, 30.09, -42.70, 16.17, -4.00, 4.52, 2.06, 4.00, 
-60.00, 31.09, -38.79, 38.09, -4.08, 4.49, 2.07, 4.06, 
-56.00, 30.43, -31.21, 48.07, -4.15, 4.49, 2.08, 4.06, 
145.00, 29.02, -22.24, 41.17, -4.21, 4.49, 2.08, 4.06, 
-110.00, 30.34, -11.02, 56.10, -4.27, 4.49, 2.08, 4.04, 
-75.00, 29.67, -2.71, 53.65, -4.33, 4.49, 2.08, 4.05, 
-178.00, 27.90, 4.48, 41.89, -4.38, 4.50, 2.08, 4.06, 
-133.00, 27.55, 6.62, 39.99, -4.44, 4.50, 2.08, 4.02, 
117.00, 26.13, 5.30, 29.49, -4.49, 4.50, 2.08, 4.04, 
-155.00, 22.44, -0.74, -1.63, -4.55, 4.50, 2.08, 4.04, 
-165.00, 24.40, -9.09, 12.69, -4.61, 4.50, 2.08, 4.04, 
124.00, 24.96, -18.34, 14.40, -4.66, 4.50, 2.08, 4.03, 
-62.00, 20.95, -27.82, -13.54, -4.72, 4.50, 2.08, 4.04, 
-183.00, 24.54, -35.40, 7.58, -4.78, 4.50, 2.08, 4.06, 
125.00, 23.81, -41.18, 0.89, -4.84, 4.50, 2.08, 4.03, 
-75.00, 23.87, -43.74, -0.01, -4.90, 4.50, 2.09, 4.04, 
173.00, 27.43, -43.63, 28.28, -4.95, 4.50, 2.09, 4.06, 
223.00, 25.57, -39.72, 14.62, -5.01, 4.50, 2.09, 4.03, 
-118.00, 29.72, -34.09, 47.32, -5.07, 4.50, 2.09, 4.00, 
171.00, 30.38, -26.76, 55.17, -5.13, 4.50, 2.09, 4.04, 
-140.00, 26.13, -18.35, 29.55, -5.19, 4.50, 2.09, 4.03, 
89.00, 27.64, -9.31, 45.09, -5.25, 4.50, 2.09, 4.04, 
-51.00, 26.00, -1.14, 37.25, -5.30, 4.50, 2.09, 4.05, 
119.00, 25.67, 4.10, 36.94, -5.36, 4.50, 2.09, 4.06, 
170.00, 22.60, 7.28, 10.42, -5.42, 4.50, 2.09, 4.04, 
251.00, 20.37, 5.68, -5.40, -5.48, 4.50, 2.09, 4.03, 
-12.00, 21.81, 0.88, 2.56, -5.54, 4.50, 2.09, 3.99, 
17.00, 21.19, -6.83, -1.94, -5.60, 4.49, 2.09, 4.07, 
-84.00, 21.32, -16.26, -5.06, -5.65, 4.49, 2.10, 4.07, 
-138.00, 23.56, -25.00, 6.38, -5.71, 4.49, 2.10, 4.05, 
160.00, 25.27, -32.79, 17.51, -5.77, 4.49, 2.10, 4.04, 
175.00, 21.98, -37.84, -9.20, -5.83, 4.49, 2.10, 4.03, 
255.00, 21.66, -41.69, -11.35, -5.89, 4.49, 2.10, 4.02, 
238.00, 21.95, -43.54, -9.59, -5.95, 4.49, 2.10, 3.98, 
128.00, 23.26, -43.09, -2.30, -6.00, 4.49, 2.10, 3.99, 
-132.00, 25.76, -39.84, 15.80, -6.06, 4.48, 2.10, 4.04, 
-141.00, 29.28, -34.15, 49.61, -6.12, 4.48, 2.10, 4.04, 
-225.00, 29.88, -27.10, 60.62, -6.18, 4.48, 2.10, 4.04, 
149.00, 28.57, -18.87, 52.73, -6.24, 4.48, 2.10, 4.00, 
236.00, 24.51, -10.53, 26.90, -6.30, 4.48, 2.11, 4.04, 
-11.00, 26.74, -2.89, 42.17, -6.36, 4.48, 2.11, 4.00, 
-245.00, 25.48, 2.49, 35.71, -6.41, 4.48, 2.11, 4.07, 
-176.00, 27.31, 6.09, 50.13, -6.47, 4.47, 2.11, 3.99, 
193.00, 25.78, 6.22, 40.05, -6.53, 4.47, 2.11, 4.02, 
195.00, 20.94, 3.67, -5.42, -6.59, 4.47, 2.11, 4.01, 
-175.00, 19.17, -1.09, -20.36, -6.65, 4.47, 2.11, 4.01, 
107.00, 23.65, -8.55, 10.76, -6.71, 4.47, 2.11, 4.03, 
-125.00, 21.20, -17.32, -7.39, -6.76, 4.47, 2.11, 4.05, 
224.00, 23.21, -25.40, 2.10, -6.82, 4.47, 2.11, 4.04, 
170.00, 20.49, -33.09, -20.54, -6.88, 4.46, 2.12, 4.00, 
-207.00, 22.26, -38.22, -3.46, -6.94, 4.46, 2.12, 4.03, 
176.00, 23.72, -41.68, 10.30, -7.00, 4.46, 2.12, 4.01, 
-41.00, 24.26, -43.51, 13.70, -7.06, 4.46, 2.12, 4.03, 
-224.00, 28.41, -43.07, 37.45, -7.12, 4.46, 2.12, 4.06, 
-93.00, 29.62, -40.98, 45.60, -7.17, 4.46, 2.12, 4.00, 
-4.00, 29.29, -37.26, 45.70, -7.23, 4.46, 2.12, 4.05, 
-169.00, 29.18, -31.33, 50.55, -7.29, 4.45, 2.12, 4.07, 
-69.00, 29.44, -25.05, 56.48, -7.35, 4.45, 2.12, 4.03, 
208.00, 26.30, -17.28, 35.38, -7.41, 4.45, 2.12, 4.06, 
97.00, 25.15, -9.33, 28.98, -7.47, 4.45, 2.13, 4.01, 
-16.00, 26.73, -2.74, 42.39, -7.53, 4.45, 2.13, 4.05, 
204.00, 24.39, 2.28, 28.19, -7.58, 4.45, 2.13, 4.07, 
-100.00, 24.06, 5.62, 27.86, -7.64, 4.44, 2.13, 4.01, 
15.00, 22.81, 6.97, 16.02, -7.70, 4.44, 2.13, 4.05, 
144.00, 22.11, 5.85, 9.30, -7.76, 4.44, 2.13, 4.07, 
72.00, 19.99, 2.12, -5.72, -7.82, 4.44, 2.13, 4.04, 
128.00, 19.63, -3.78, -8.84, -7.88, 4.44, 2.13, 4.06, 
-115.00, 18.53, -11.15, -17.27, -7.93, 4.44, 2.13, 4.04, 
-200.00, 21.31, -18.92, 4.01, -7.99, 4.43, 2.14, 4.05, 
241.00, 22.99, -25.94, 18.21, -8.05, 4.43, 2.14, 4.01, 
-113.00, 19.33, -32.78, -15.66, -8.11, 4.43, 2.14, 3.99, 
203.00, 23.73, -37.16, 10.25, -8.17, 4.43, 2.14, 4.04, 
40.00, 22.08, -40.77, -1.63, -8.23, 4.43, 2.14, 4.01, 
-137.00, 24.78, -42.62, 19.09, -8.28, 4.42, 2.14, 4.06, 
15.00, 26.36, -43.47, 29.69, -8.34, 4.42, 2.14, 4.04, 
95.00, 25.98, -42.22, 27.84, -8.40, 4.42, 2.14, 4.07, 
-193.00, 25.35, -39.87, 23.40, -8.46, 4.42, 2.15, 4.05, 
-245.00, 28.44, -35.89, 51.97, -8.52, 4.42, 2.15, 4.02, 
225.00, 25.63, -30.01, 36.55, -8.58, 4.42, 2.15, 3.99, 
15.00, 22.85, -24.57, 23.35, -8.64, 4.41, 2.15, 4.00, 
-16.00, 24.26, -17.54, 36.29, -8.69, 4.41, 2.15, 4.07, 
17.00, 24.51, -10.34, 42.36, -8.75, 4.41, 2.15, 4.07, 
169.00, 22.90, -3.98, 31.25, -8.81, 4.41, 2.15, 4.07, 
61.00, 21.79, 1.06, 25.39, -8.87, 4.41, 2.15, 4.03, 
-50.00, 21.59, 4.83, 25.54, -8.93, 4.40, 2.16, 4.06, 
4.00, 21.81, 6.55, 27.82, -8.99, 4.40, 2.16, 4.06, 
-90.00, 20.69, 6.10, 18.56, -9.04, 4.40, 2.16, 4.07, 
111.00, 19.79, 3.21, 7.25, -9.10, 4.40, 2.16, 4.05, 
-254.00, 18.93, -0.50, -1.71, -9.16, 4.40, 2.16, 4.04, 
100.00, 22.18, -5.03, 19.33, -9.22, 4.39, 2.16, 3.98, 
-219.00, 18.28, -10.95, -4.89, -9.28, 4.39, 2.16, 4.05, 
-234.00, 21.77, -18.37, 14.79, -9.34, 4.39, 2.16, 4.00, 
144.00, 22.58, -25.44, 14.97, -9.40, 4.39, 2.17, 4.00, 
54.00, 20.60, -31.29, -6.71, -9.45, 4.39, 2.17, 4.04, 
192.00, 20.46, -35.44, -8.77, -9.51, 4.38, 2.17, 4.06, 
-24.00, 21.04, -38.81, -1.80, -9.57, 4.38, 2.17, 4.02, 
-32.00, 23.00, -41.54, 11.26, -9.63, 4.38, 2.17, 4.07, 
-213.00, 25.46, -43.13, 23.30, -9.69, 4.38, 2.17, 4.07, 
75.00, 27.41, -43.05, 36.87, -9.75, 4.37, 2.17, 4.01, 
-59.00, 26.31, -42.14, 27.40, -9.80, 4.37, 2.18, 4.06, 
-72.00, 26.90, -39.39, 38.50, -9.86, 4.37, 2.18, 4.06, 
-148.00, 27.61, -35.79, 45.63, -9.92, 4.37, 2.18, 4.06, 
-149.00, 28.94, -31.50, 56.06, -9.98, 4.37, 2.18, 4.04, 
103.00, 27.48, -26.22, 48.23, -10.04, 4.36, 2.18, 4.04, 
36.00, 25.92, -20.71, 38.98, -10.10, 4.36, 2.18, 4.05, 
-214.00, 25.32, -14.32, 38.49, -10.15, 4.36, 2.18, 4.07, 
-130.00, 26.97, -8.97, 56.19, -10.21, 4.36, 2.19, 4.01, 
34.00, 26.68, -3.69, 55.73, -10.27, 4.35, 2.19, 4.04, 
-137.00, 24.61, 0.92, 40.53, -10.33, 4.35, 2.19, 4.07, 
18.00, 24.83, 3.71, 43.74, -10.39, 4.35, 2.19, 4.04, 
131.00, 22.71, 5.17, 30.03, -10.45, 4.35, 2.19, 4.07, 
160.00, 20.53, 5.29, 11.70, -10.51, 4.35, 2.19, 4.04, 
176.00, 18.97, 5.02, 0.09, -10.56, 4.34, 2.19, 4.03, 
-80.00, 18.87, 3.08, -0.27, -10.62, 4.34, 2.20, 4.03, 
253.00, 19.77, -0.42, 6.30, -10.68, 4.34, 2.20, 4.05, 
-23.00, 17.16, -5.59, -13.29, -10.74, 4.34, 2.20, 3.99, 
-72.00, 18.88, -10.75, -3.95, -10.80, 4.33, 2.20, 4.07, 
63.00, 19.73, -15.87, 1.76, -10.86, 4.33, 2.20, 4.06, 
-122.00, 19.15, -21.13, -6.09, -10.91, 4.33, 2.20, 4.06, 
36.00, 19.26, -26.55, -7.76, -10.97, 4.33, 2.20, 4.05, 
-127.00, 19.79, -30.92, -5.45, -11.03, 4.32, 2.21, 4.07, 
-85.00, 22.12, -35.21, 7.90, -11.09, 4.32, 2.21, 4.04, 
-195.00, 23.32, -38.47, 17.12, -11.15, 4.32, 2.21, 4.05, 
-29.00, 24.34, -40.56, 27.23, -11.21, 4.32, 2.21, 4.02, 
147.00, 23.80, -42.30, 22.27, -11.26, 4.31, 2.21, 4.07, 
-16.00, 22.61, -43.06, 13.52, -11.32, 4.31, 2.21, 4.04, 
-51.00, 23.57, -42.89, 21.06, -11.38, 4.31, 2.22, 4.07, 
76.00, 24.05, -42.14, 25.20, -11.44, 4.31, 2.22, 4.06, 
-139.00, 23.77, -40.67, 24.15, -11.50, 4.30, 2.22, 4.06, 
159.00, 24.68, -38.69, 32.11, -11.56, 4.30, 2.22, 4.04, 
206.00, 23.61, -35.94, 25.58, -11.61, 4.30, 2.22, 4.03, 
251.00, 22.96, -32.04, 21.26, -11.67, 4.29, 2.22, 4.01, 
-6.00, 23.92, -27.49, 32.09, -11.73, 4.29, 2.23, 3.99, 
-143.00, 24.38, -22.83, 38.12, -11.79, 4.29, 2.23, 4.07, 
-104.00, 25.65, -18.23, 48.16, -11.85, 4.29, 2.23, 4.04, 
171.00, 24.68, -13.39, 45.41, -11.91, 4.28, 2.23, 4.05, 
-241.00, 22.86, -9.25, 34.15, -11.97, 4.28, 2.23, 4.03, 
-222.00, 23.66, -5.03, 48.46, -12.02, 4.28, 2.23, 3.99, 
-19.00, 23.70, -1.31, 51.01, -12.08, 4.28, 2.24, 4.00, 
168.00, 22.46, 1.72, 43.13, -12.14, 4.27, 2.24, 4.07, 
-18.00, 19.66, 3.81, 25.22, -12.20, 4.27, 2.24, 4.03, 
-192.00, 19.99, 5.06, 28.15, -12.26, 4.27, 2.24, 4.06, 
-49.00, 20.41, 5.40, 32.86, -12.32, 4.26, 2.24, 4.02, 
86.00, 19.44, 4.62, 25.55, -12.37, 4.26, 2.24, 4.06, 
-242.00, 18.04, 3.21, 14.39, -12.43, 4.26, 2.25, 4.05, 
-160.00, 18.64, 0.67, 19.40, -12.49, 4.26, 2.25, 3.99, 
3.00, 18.71, -2.74, 18.69, -12.55, 4.25, 2.25, 4.03, 
190.00, 17.78, -6.85, 9.85, -12.61, 4.25, 2.25, 4.07, 
-4.00, 17.00, -10.95, 3.33, -12.67, 4.25, 2.25, 4.02, 
-168.00, 16.86, -15.43, 0.66, -12.73, 4.24, 2.25, 4.07, 
11.00, 17.71, -19.96, 8.09, -12.78, 4.24, 2.26, 4.03, 
-140.00, 17.46, -24.46, 4.00, -12.84, 4.24, 2.26, 4.07, 
-53.00, 18.20, -28.57, 7.41, -12.90, 4.23, 2.26, 4.04, 
-41.00, 18.42, -31.92, 8.50, -12.96, 4.23, 2.26, 4.06, 
144.00, 18.57, -35.07, 9.29, -13.02, 4.23, 2.26, 4.07, 
-209.00, 18.23, -37.97, 4.85, -13.08, 4.23, 2.26, 4.04, 
144.00, 18.43, -40.29, 5.75, -13.13, 4.22, 2.27, 4.01, 
-115.00, 18.25, -41.80, 4.55, -13.19, 4.22, 2.27, 4.04, 
-215.00, 19.48, -42.68, 16.41, -13.25, 4.22, 2.27, 4.04, 
-108.00, 20.96, -42.75, 29.81, -13.31, 4.21, 2.27, 4.00, 
-68.00, 21.40, -42.23, 35.53, -13.37, 4.21, 2.27, 4.05, 
-195.00, 21.86, -41.35, 40.53, -13.43, 4.21, 2.28, 4.06, 
99.00, 22.99, -39.79, 48.11, -13.49, 4.20, 2.28, 4.02, 
42.00, 21.71, -37.82, 41.42, -13.54, 4.20, 2.28, 4.05, 
24.00, 21.28, -35.11, 39.96, -13.60, 4.20, 2.28, 4.06, 
199.00, 21.00, -32.02, 39.09, -13.66, 4.19, 2.28, 4.06, 
-157.00, 21.22, -28.35, 42.76, -13.72, 4.19, 2.28, 4.02, 
-72.00, 21.87, -24.44, 49.22, -13.78, 4.19, 2.29, 4.03, 
31.00, 21.85, -20.62, 51.14, -13.84, 4.18, 2.29, 4.06, 
8.00, 21.11, -16.65, 47.14, -13.89, 4.18, 2.29, 4.07, 
-218.00, 20.49, -12.90, 44.90, -13.95, 4.18, 2.29, 4.07, 
-21.00, 20.92, -9.04, 51.03, -14.01, 4.17, 2.29, 4.01, 
-180.00, 20.23, -5.76, 47.28, -14.07, 4.17, 2.30, 4.07, 
22.00, 19.75, -2.69, 44.51, -14.13, 4.17, 2.30, 4.03, 
37.00, 18.86, -0.34, 38.56, -14.19, 4.16, 2.30, 4.07, 
-227.00, 18.43, 1.31, 36.45, -14.24, 4.16, 2.30, 4.06, 
-199.00, 18.68, 2.59, 39.11, -14.30, 4.16, 2.30, 3.99, 
56.00, 18.60, 3.44, 39.29, -14.36, 4.15, 2.31, 4.02, 
13.00, 17.81, 3.86, 30.69, -14.42, 4.15, 2.31, 4.06, 
-103.00, 17.00, 3.36, 24.70, -14.48, 4.15, 2.31, 4.07, 
250.00, 16.77, 2.01, 22.57, -14.54, 4.14, 2.31, 4.04, 
56.00, 14.92, 0.23, 11.07, -14.60, 4.14, 2.31, 3.99, 
236.00, 14.33, -1.83, 6.52, -14.65, 4.14, 2.31, 4.06, 
-139.00, 13.65, -4.40, -2.16, -14.71, 4.13, 2.32, 3.99, 
87.00, 14.10, -7.43, 0.81, -14.77, 4.13, 2.32, 4.04, 
94.00, 14.02, -10.91, -2.04, -14.83, 4.13, 2.32, 4.05, 
131.00, 13.70, -14.14, -4.36, -14.89, 4.12, 2.32, 4.05, 
180.00, 13.47, -17.44, -7.20, -14.95, 4.12, 2.32, 4.04, 
62.00, 13.31, -20.57, -10.42, -15.00, 4.11, 2.33, 4.02, 
-140.00, 13.64, -23.79, -9.24, -15.06, 4.11, 2.33, 4.06, 
-111.00, 14.85, -26.80, -3.27, -15.12, 4.11, 2.33, 4.04, 
-164.00, 15.59, -29.43, 1.11, -15.18, 4.10, 2.33, 4.05, 
170.00, 16.25, -31.69, 6.36, -15.24, 4.10, 2.33, 4.03, 
169.00, 16.15, -33.73, 4.16, -15.30, 4.10, 2.34, 4.02, 
-223.00, 16.18, -35.62, 2.67, -15.36, 4.09, 2.34, 4.03, 
-149.00, 17.21, -36.87, 9.88, -15.41, 4.09, 2.34, 4.00, 
-251.00, 17.87, -37.82, 14.54, -15.47, 4.08, 2.34, 4.03, 
-241.00, 18.55, -38.47, 20.71, -15.53, 4.08, 2.34, 3.98, 
-168.00, 19.16, -38.84, 25.86, -15.59, 4.08, 2.35, 3.99, 
175.00, 18.93, -39.04, 24.01, -15.65, 4.07, 2.35, 4.02, 
-171.00, 19.24, -38.85, 26.89, -15.71, 4.07, 2.35, 4.03, 
25.00, 19.38, -38.37, 28.72, -15.76, 4.07, 2.35, 4.03, 
-133.00, 19.46, -37.55, 30.12, -15.82, 4.06, 2.35, 4.07, 
189.00, 19.58, -36.55, 32.13, -15.88, 4.06, 2.36, 4.04, 
239.00, 19.18, -35.59, 30.96, -15.94, 4.05, 2.36, 4.02, 
249.00, 18.81, -34.38, 29.48, -16.00, 4.05, 2.36, 3.99, 
136.00, 18.60, -32.89, 28.11, -16.06, 4.05, 2.36, 3.98, 
9.00, 18.55, -31.29, 28.03, -16.12, 4.04, 2.36, 4.04, 
-178.00, 18.59, -29.75, 30.39, -16.17, 4.04, 2.37, 4.06, 
142.00, 18.48, -28.32, 31.19, -16.23, 4.03, 2.37, 4.03, 
-27.00, 18.25, -26.87, 31.06, -16.29, 4.03, 2.37, 4.04, 
-113.00, 18.21, -25.41, 31.43, -16.35, 4.03, 2.37, 4.06, 
-218.00, 18.12, -23.99, 32.09, -16.41, 4.02, 2.38, 4.04, 
-42.00, 18.06, -22.69, 33.23, -16.47, 4.02, 2.38, 4.01, 
-70.00, 17.87, -21.54, 33.30, -16.52, 4.01, 2.38, 4.06, 
-62.00, 17.74, -20.50, 33.21, -16.58, 4.01, 2.38, 4.06, 
143.00, 17.62, -19.59, 32.94, -16.64, 4.01, 2.38, 4.06, 
-33.00, 17.45, -18.82, 31.83, -16.70, 4.00, 2.39, 4.04, 
-69.00, 17.29, -18.21, 31.33, -16.76, 4.00, 2.39, 4.06, 
74.00, 17.09, -17.73, 30.70, -16.82, 3.99, 2.39, 4.06, 
51.00, 16.88, -17.35, 29.99, -16.87, 3.99, 2.39, 4.06, 
15.00, 16.70, -17.10, 29.36, -16.93, 3.98, 2.39, 4.06, 
-184.00, 16.58, -16.97, 28.82, -16.99, 3.98, 2.40, 4.07, 
-55.00, 16.48, -16.92, 28.62, -17.05, 3.98, 2.40, 4.02, 
46.00, 16.37, -16.92, 28.31, -17.11, 3.97, 2.40, 4.06, 
-154.00, 16.25, -16.94, 27.95, -17.17, 3.97, 2.40, 4.06, 
17.00, 16.14, -17.00, 27.68, -17.23, 3.96, 2.41, 4.04, 
-58.00, 16.05, -17.10, 27.47, -17.28, 3.96, 2.41, 4.07, 
247.00, 15.98, -17.21, 27.32, -17.34, 3.95, 2.41, 4.06, 
-73.00, 15.91, -17.30, 27.24, -17.40, 3.95, 2.41, 3.99, 
-100.00, 15.83, -17.40, 27.15, -17.46, 3.95, 2.41, 4.05, 
-43.00, 15.75, -17.48, 27.09, -17.52, 3.94, 2.42, 4.05, 
-5.00, 15.68, -17.57, 27.02, -17.58, 3.94, 2.42, 4.06, 
-162.00, 15.61, -17.65, 26.96, -17.63, 3.93, 2.42, 4.07, 
-183.00, 15.54, -17.72, 26.93, -17.69, 3.93, 2.42, 4.03, 
154.00, 15.46, -17.79, 26.91, -17.75, 3.92, 2.42, 4.02, 
215.00, 15.39, -17.85, 26.86, -17.81, 3.92, 2.43, 4.03, 
29.00, 15.32, -17.91, 26.81, -17.87, 3.91, 2.43, 4.01, 
34.00, 15.25, -17.97, 26.78, -17.93, 3.91, 2.43, 4.07, 
60.00, 15.17, -18.02, 26.74, -17.98, 3.91, 2.43, 4.07, 
-121.00, 15.10, -18.08, 26.71, -18.04, 3.90, 2.44, 4.06, 
191.00, 15.03, -18.13, 26.68, -18.10, 3.90, 2.44, 4.04, 
149.00, 14.96, -18.18, 26.64, -18.16, 3.89, 2.44, 4.02, 
16.00, 14.89, -18.23, 26.61, -18.22, 3.89, 2.44, 4.04, 
123.00, 14.81, -18.28, 26.58, -18.28, 3.88, 2.44, 4.06, 
145.00, 14.74, -18.33, 26.55, -18.33, 3.88, 2.45, 4.04, 
133.00, 14.67, -18.38, 26.51, -18.39, 3.87, 2.45, 4.04, 
-143.00, 14.60, -18.43, 26.48, -18.45, 3.87, 2.45, 4.04, 
216.00, 14.53, -18.48, 26.44, -18.51, 3.86, 2.45, 4.04, 
43.00, 14.45, -18.53, 26.41, -18.57, 3.86, 2.46, 4.01, 
-123.00, 14.38, -18.58, 26.38, -18.63, 3.85, 2.46, 4.06, 
-34.00, 14.31, -18.63, 26.34, -18.69, 3.85, 2.46, 4.04, 
136.00, 14.24, -18.68, 26.31, -18.74, 3.84, 2.46, 4.06, 
-78.00, 14.17, -18.73, 26.27, -18.80, 3.84, 2.46, 4.04, 
-89.00, 14.10, -18.78, 26.24, -18.86, 3.83, 2.47, 4.06, 
-168.00, 14.02, -18.83, 26.20, -18.92, 3.83, 2.47, 4.05, 
190.00, 13.95, -18.88, 26.17, -18.98, 3.82, 2.47, 4.03, 
-216.00, 13.88, -18.93, 26.13, -19.04, 3.82, 2.47, 4.02, 
148.00, 13.81, -18.98, 26.09, -19.09, 3.82, 2.48, 4.00, 
231.00, 13.74, -19.03, 26.06, -19.15, 3.81, 2.48, 4.03, 
121.00, 13.66, -19.08, 26.02, -19.21, 3.81, 2.48, 4.00, 
-27.00, 13.59, -19.13, 25.98, -19.27, 3.80, 2.48, 4.04, 
-172.00, 13.52, -19.18, 25.95, -19.33, 3.80, 2.49, 4.06, 
233.00, 13.45, -19.23, 25.91, -19.39, 3.79, 2.49, 4.03, 
63.00, 13.38, -19.28, 25.87, -19.45, 3.78, 2.49, 4.00, 
41.00, 13.30, -19.33, 25.83, -19.50, 3.78, 2.49, 4.06, 
-150.00, 13.23, -19.38, 25.79, -19.56, 3.77, 2.49, 4.06, 
188.00, 13.16, -19.43, 25.76, -19.62, 3.77, 2.50, 4.04, 
216.00, 13.09, -19.48, 25.72, -19.68, 3.76, 2.50, 4.02, 
-218.00, 13.02, -19.53, 25.68, -19.74, 3.76, 2.50, 4.01, 
110.00, 12.95, -19.58, 25.64, -19.80, 3.75, 2.50, 4.00, 
172.00, 12.87, -19.63, 25.60, -19.85, 3.75, 2.51, 4.04, 
232.00, 12.80, -19.68, 25.56, -19.91, 3.74, 2.51, 4.02, 
150.00, 12.73, -19.73, 25.52, -19.97, 3.74, 2.51, 3.99, 
129.00, 12.66, -19.78, 25.48, -20.03, 3.73, 2.51, 4.03, 
217.00, 12.59, -19.83, 25.44, -20.09, 3.73, 2.52, 4.04, 
-134.00, 12.52, -19.88, 25.40, -20.15, 3.72, 2.52, 4.00, 
31.00, 12.44, -19.93, 25.35, -20.21, 3.72, 2.52, 4.04, 
149.00, 12.37, -19.98, 25.31, -20.26, 3.71, 2.52, 4.06, 
189.00, 12.30, -20.03, 25.27, -20.32, 3.71, 2.52, 4.03, 
-236.00, 12.23, -20.08, 25.23, -20.38, 3.70, 2.53, 4.02, 
114.00, 12.16, -20.13, 25.19, -20.44, 3.70, 2.53, 4.00, 
66.00, 12.09, -20.18, 25.14, -20.50, 3.69, 2.53, 4.04, 
-17.00, 12.02, -20.23, 25.10, -20.56, 3.69, 2.53, 4.06, 
-250.00, 11.94, -20.28, 25.06, -20.61, 3.68, 2.54, 4.06, 
34.00, 11.87, -20.33, 25.01, -20.67, 3.67, 2.54, 3.99, 
-150.00, 11.80, -20.39, 24.97, -20.73, 3.67, 2.54, 4.06, 
-11.00, 11.73, -20.44, 24.93, -20.79, 3.66, 2.54, 4.04, 
-206.00, 11.66, -20.49, 24.88, -20.85, 3.66, 2.55, 4.07, 
48.00, 11.59, -20.54, 24.84, -20.91, 3.65, 2.55, 4.01, 
236.00, 11.52, -20.59, 24.79, -20.96, 3.65, 2.55, 4.06, 
-235.00, 11.44, -20.64, 24.75, -21.02, 3.64, 2.55, 3.99, 
-184.00, 11.37, -20.69, 24.70, -21.08, 3.64, 2.56, 3.99, 
-2.00, 11.30, -20.74, 24.66, -21.14, 3.63, 2.56, 4.02, 
