---START---
-18.81, 30.00, 25.00, 20.00, 0.20, 0.30, 0.10, 4.20, 
14.18, 30.35, 24.90, 19.59, 0.20, 0.30, 0.10, 4.20, 
-15.40, 30.71, 24.81, 19.15, 0.20, 0.30, 0.10, 4.18, 
-65.26, 31.07, 24.72, 18.68, 0.20, 0.30, 0.11, 4.20, 
-20.33, 31.43, 24.63, 18.18, 0.21, 0.30, 0.11, 4.18, 
-45.46, 31.79, 24.55, 17.65, 0.21, 0.31, 0.11, 4.20, 
-10.26, 32.15, 24.48, 17.10, 0.21, 0.31, 0.11, 4.20, 
-3.97, 32.51, 24.40, 16.51, 0.21, 0.31, 0.11, 4.17, 
-50.49, 32.87, 24.33, 15.89, 0.21, 0.31, 0.11, 4.20, 
-62.97, 33.23, 24.27, 15.23, 0.21, 0.31, 0.11, 4.20, 
-53.82, 33.58, 24.21, 14.55, 0.21, 0.31, 0.12, 4.20, 
-19.95, 33.92, 24.15, 13.83, 0.21, 0.31, 0.12, 4.19, 
-42.77, 34.26, 24.09, 13.08, 0.22, 0.31, 0.12, 4.20, 
-38.82, 34.59, 24.03, 12.30, 0.22, 0.31, 0.12, 4.20, 
-72.43, 34.90, 23.97, 11.49, 0.22, 0.31, 0.12, 4.18, 
-27.44, 35.21, 23.92, 10.64, 0.22, 0.31, 0.12, 4.20, 
-42.84, 35.50, 23.85, 9.77, 0.22, 0.31, 0.12, 4.17, 
-57.03, 35.78, 23.79, 8.87, 0.22, 0.31, 0.12, 4.18, 
-35.77, 36.04, 23.72, 7.94, 0.22, 0.31, 0.12, 4.17, 
-41.24, 36.29, 23.65, 6.99, 0.22, 0.31, 0.12, 4.20, 
-34.80, 36.52, 23.57, 6.01, 0.22, 0.31, 0.12, 4.20, 
-80.21, 36.73, 23.47, 5.01, 0.23, 0.31, 0.12, 4.20, 
-28.63, 36.92, 23.37, 3.99, 0.23, 0.31, 0.13, 4.19, 
-53.67, 37.08, 23.26, 2.96, 0.23, 0.31, 0.13, 4.20, 
-58.67, 37.23, 23.13, 1.91, 0.23, 0.31, 0.13, 4.20, 
-33.95, 37.36, 22.99, 0.84, 0.23, 0.31, 0.13, 4.17, 
-34.23, 37.47, 22.82, -0.23, 0.23, 0.31, 0.13, 4.16, 
-60.66, 37.56, 22.65, -1.31, 0.23, 0.31, 0.13, 4.17, 
-31.77, 37.62, 22.45, -2.39, 0.23, 0.31, 0.13, 4.18, 
-60.29, 37.67, 22.22, -3.48, 0.23, 0.31, 0.13, 4.20, 
-34.35, 37.70, 21.98, -4.56, 0.23, 0.30, 0.13, 4.19, 
-42.97, 37.71, 21.71, -5.64, 0.23, 0.30, 0.13, 4.20, 
-46.58, 37.70, 21.42, -6.71, 0.23, 0.30, 0.13, 4.20, 
-24.21, 37.67, 21.10, -7.77, 0.23, 0.30, 0.12, 4.20, 
-8.54, 37.63, 20.76, -8.82, 0.23, 0.30, 0.12, 4.20, 
-12.64, 37.58, 20.39, -9.85, 0.23, 0.30, 0.12, 4.19, 
-58.51, 37.51, 20.00, -10.86, 0.23, 0.30, 0.12, 4.20, 
-47.76, 37.43, 19.58, -11.85, 0.23, 0.29, 0.12, 4.16, 
-41.28, 37.35, 19.13, -12.82, 0.23, 0.29, 0.12, 4.20, 
-23.46, 37.25, 18.66, -13.76, 0.23, 0.29, 0.12, 4.17, 
-45.46, 37.15, 18.16, -14.67, 0.23, 0.29, 0.12, 4.20, 
-32.91, 37.04, 17.64, -15.55, 0.23, 0.29, 0.12, 4.20, 
-30.48, 36.93, 17.09, -16.40, 0.23, 0.29, 0.12, 4.17, 
-52.72, 36.82, 16.53, -17.22, 0.23, 0.28, 0.12, 4.20, 
-43.66, 36.70, 15.94, -18.00, 0.23, 0.28, 0.11, 4.18, 
-28.22, 36.59, 15.33, -18.74, 0.23, 0.28, 0.11, 4.20, 
-16.70, 36.48, 14.70, -19.45, 0.23, 0.28, 0.11, 4.20, 
-55.91, 36.37, 14.06, -20.11, 0.23, 0.27, 0.11, 4.18, 
-16.97, 36.26, 13.40, -20.74, 0.23, 0.27, 0.11, 4.20, 
-71.36, 36.16, 12.73, -21.33, 0.23, 0.27, 0.11, 4.19, 
-21.02, 36.07, 12.04, -21.88, 0.23, 0.27, 0.10, 4.20, 
-29.46, 35.99, 11.35, -22.39, 0.22, 0.26, 0.10, 4.16, 
-39.25, 35.91, 10.64, -22.86, 0.22, 0.26, 0.10, 4.17, 
-14.85, 35.84, 9.93, -23.28, 0.22, 0.26, 0.10, 4.20, 
-3.35, 35.78, 9.21, -23.67, 0.22, 0.26, 0.09, 4.20, 
-21.88, 35.72, 8.48, -24.02, 0.22, 0.25, 0.09, 4.20, 
-56.27, 35.68, 7.75, -24.32, 0.22, 0.25, 0.09, 4.17, 
-54.80, 35.65, 7.02, -24.59, 0.22, 0.25, 0.09, 4.19, 
-49.70, 35.64, 6.28, -24.81, 0.22, 0.24, 0.08, 4.18, 
-31.11, 35.63, 5.55, -25.00, 0.22, 0.24, 0.08, 4.16, 
-20.57, 35.63, 4.81, -25.14, 0.21, 0.24, 0.08, 4.20, 
-22.18, 35.65, 4.07, -25.25, 0.21, 0.23, 0.08, 4.20, 
-42.72, 35.68, 3.33, -25.31, 0.21, 0.23, 0.07, 4.20, 
-36.27, 35.72, 2.59, -25.34, 0.21, 0.23, 0.07, 4.20, 
7.32, 35.78, 1.85, -25.32, 0.21, 0.22, 0.07, 4.19, 
-45.91, 35.85, 1.11, -25.27, 0.21, 0.22, 0.06, 4.19, 
-19.25, 35.93, 0.36, -25.17, 0.20, 0.21, 0.06, 4.20, 
-12.84, 36.03, -0.38, -25.04, 0.20, 0.21, 0.06, 4.20, 
-10.05, 36.13, -1.13, -24.86, 0.20, 0.21, 0.06, 4.18, 
-43.74, 36.26, -1.88, -24.64, 0.20, 0.20, 0.05, 4.19, 
-35.52, 36.39, -2.64, -24.37, 0.20, 0.20, 0.05, 4.20, 
-23.59, 36.53, -3.40, -24.06, 0.19, 0.19, 0.05, 4.20, 
-25.59, 36.68, -4.18, -23.71, 0.19, 0.19, 0.04, 4.20, 
-9.45, 36.84, -4.96, -23.30, 0.19, 0.19, 0.04, 4.19, 
-26.80, 37.01, -5.76, -22.84, 0.19, 0.18, 0.04, 4.20, 
-2.95, 37.19, -6.57, -22.34, 0.19, 0.18, 0.03, 4.20, 
5.24, 37.36, -7.39, -21.78, 0.18, 0.17, 0.03, 4.20, 
-21.75, 37.54, -8.24, -21.16, 0.18, 0.17, 0.02, 4.20, 
-33.57, 37.72, -9.11, -20.49, 0.18, 0.16, 0.02, 4.20, 
-22.46, 37.88, -9.99, -19.75, 0.18, 0.16, 0.02, 4.20, 
29.04, 38.04, -10.90, -18.95, 0.17, 0.15, 0.01, 4.19, 
11.26, 38.18, -11.84, -18.09, 0.17, 0.15, 0.01, 4.20, 
-6.52, 38.30, -12.79, -17.15, 0.17, 0.14, 0.01, 4.20, 
-33.12, 38.40, -13.78, -16.15, 0.17, 0.14, 0.00, 4.19, 
-49.34, 38.46, -14.78, -15.08, 0.16, 0.13, -0.00, 4.20, 
-33.93, 38.48, -15.81, -13.93, 0.16, 0.13, -0.00, 4.19, 
-11.95, 38.46, -16.86, -12.70, 0.16, 0.12, -0.01, 4.20, 
1.26, 38.39, -17.93, -11.40, 0.15, 0.12, -0.01, 4.19, 
-0.66, 38.26, -19.01, -10.01, 0.15, 0.11, -0.02, 4.20, 
14.46, 38.05, -20.09, -8.55, 0.15, 0.11, -0.02, 4.20, 
9.95, 37.78, -21.18, -7.01, 0.15, 0.10, -0.02, 4.20, 
-4.17, 37.42, -22.26, -5.39, 0.14, 0.10, -0.03, 4.20, 
-15.42, 36.98, -23.33, -3.69, 0.14, 0.09, -0.03, 4.17, 
1.06, 36.44, -24.37, -1.91, 0.14, 0.09, -0.03, 4.20, 
-7.74, 35.80, -25.37, -0.06, 0.13, 0.08, -0.04, 4.19, 
-2.25, 35.06, -26.31, 1.86, 0.13, 0.08, -0.04, 4.20, 
-31.22, 34.21, -27.19, 3.85, 0.13, 0.07, -0.05, 4.19, 
4.90, 33.26, -28.00, 5.90, 0.12, 0.07, -0.05, 4.18, 
-30.94, 32.21, -28.70, 8.00, 0.12, 0.06, -0.05, 4.18, 
15.87, 31.05, -29.29, 10.15, 0.12, 0.06, -0.06, 4.19, 
-28.01, 29.80, -29.75, 12.33, 0.12, 0.05, -0.06, 4.20, 
10.79, 28.45, -30.06, 14.54, 0.11, 0.05, -0.06, 4.20, 
9.04, 27.03, -30.22, 16.77, 0.11, 0.04, -0.07, 4.19, 
-20.68, 25.54, -30.19, 19.00, 0.11, 0.03, -0.07, 4.20, 
23.76, 24.00, -29.97, 21.22, 0.10, 0.03, -0.07, 4.19, 
-7.70, 22.43, -29.55, 23.42, 0.10, 0.02, -0.08, 4.20, 
1.00, 20.84, -28.92, 25.58, 0.10, 0.02, -0.08, 4.20, 
-21.52, 19.26, -28.07, 27.68, 0.09, 0.01, -0.08, 4.19, 
-20.59, 17.70, -26.99, 29.72, 0.09, 0.01, -0.09, 4.20, 
13.15, 16.20, -25.69, 31.66, 0.09, 0.00, -0.09, 4.16, 
-11.82, 14.77, -24.17, 33.50, 0.08, -0.00, -0.09, 4.20, 
0.61, 13.44, -22.44, 35.23, 0.08, -0.01, -0.09, 4.16, 
-10.69, 12.24, -20.50, 36.81, 0.08, -0.02, -0.10, 4.20, 
-4.09, 11.19, -18.37, 38.24, 0.07, -0.02, -0.10, 4.18, 
-32.84, 10.30, -16.08, 39.50, 0.07, -0.03, -0.10, 4.20, 
-0.15, 9.61, -13.64, 40.58, 0.07, -0.03, -0.11, 4.20, 
13.90, 9.11, -11.08, 41.46, 0.06, -0.04, -0.11, 4.19, 
-12.63, 8.84, -8.43, 42.14, 0.06, -0.04, -0.11, 4.20, 
-2.97, 8.79, -5.72, 42.60, 0.06, -0.05, -0.11, 4.20, 
-4.34, 8.97, -2.98, 42.85, 0.05, -0.06, -0.12, 4.19, 
-28.37, 9.38, -0.25, 42.86, 0.05, -0.06, -0.12, 4.17, 
-0.31, 10.02, 2.44, 42.65, 0.05, -0.07, -0.12, 4.20, 
-2.11, 10.87, 5.05, 42.21, 0.04, -0.07, -0.12, 4.20, 
12.53, 11.93, 7.55, 41.54, 0.04, -0.08, -0.12, 4.20, 
-13.72, 13.19, 9.92, 40.65, 0.04, -0.08, -0.13, 4.20, 
9.63, 14.61, 12.11, 39.56, 0.03, -0.09, -0.13, 4.19, 
-0.04, 16.17, 14.11, 38.27, 0.03, -0.09, -0.13, 4.18, 
26.16, 17.86, 15.90, 36.79, 0.03, -0.10, -0.13, 4.20, 
3.40, 19.64, 17.46, 35.14, 0.03, -0.11, -0.13, 4.18, 
17.39, 21.48, 18.78, 33.34, 0.02, -0.11, -0.13, 4.19, 
24.07, 23.35, 19.84, 31.40, 0.02, -0.12, -0.14, 4.18, 
7.89, 25.24, 20.65, 29.35, 0.02, -0.12, -0.14, 4.20, 
34.40, 27.10, 21.22, 27.21, 0.01, -0.13, -0.14, 4.20, 
19.88, 28.91, 21.54, 25.00, 0.01, -0.13, -0.14, 4.19, 
38.56, 30.66, 21.62, 22.74, 0.01, -0.14, -0.14, 4.20, 
17.91, 32.32, 21.49, 20.45, 0.00, -0.14, -0.14, 4.17, 
16.30, 33.87, 21.16, 18.16, 0.00, -0.15, -0.14, 4.17, 
-2.78, 35.30, 20.65, 15.87, -0.00, -0.15, -0.14, 4.18, 
3.57, 36.61, 19.99, 13.62, -0.00, -0.16, -0.14, 4.20, 
28.38, 37.77, 19.19, 11.40, -0.01, -0.16, -0.14, 4.17, 
-13.53, 38.80, 18.28, 9.24, -0.01, -0.17, -0.14, 4.19, 
6.88, 39.69, 17.28, 7.15, -0.01, -0.17, -0.14, 4.20, 
5.54, 40.44, 16.23, 5.13, -0.01, -0.18, -0.14, 4.19, 
58.12, 41.06, 15.14, 3.19, -0.02, -0.18, -0.14, 4.20, 
39.22, 41.55, 14.04, 1.33, -0.02, -0.19, -0.14, 4.20, 
15.00, 41.92, 12.94, -0.45, -0.02, -0.19, -0.14, 4.20, 
43.80, 42.19, 11.86, -2.15, -0.03, -0.20, -0.14, 4.18, 
10.55, 42.35, 10.82, -3.78, -0.03, -0.20, -0.14, 4.20, 
10.83, 42.42, 9.83, -5.34, -0.03, -0.21, -0.14, 4.20, 
2.62, 42.41, 8.90, -6.84, -0.03, -0.21, -0.14, 4.20, 
20.50, 42.33, 8.04, -8.28, -0.03, -0.22, -0.14, 4.16, 
14.57, 42.17, 7.26, -9.68, -0.04, -0.22, -0.14, 4.20, 
28.71, 41.95, 6.55, -11.05, -0.04, -0.23, -0.14, 4.20, 
12.12, 41.67, 5.91, -12.39, -0.04, -0.23, -0.14, 4.20, 
13.10, 41.33, 5.34, -13.72, -0.04, -0.23, -0.14, 4.20, 
41.50, 40.93, 4.84, -15.03, -0.05, -0.24, -0.14, 4.17, 
7.51, 40.48, 4.40, -16.35, -0.05, -0.24, -0.14, 4.20, 
35.15, 39.96, 4.01, -17.66, -0.05, -0.25, -0.14, 4.20, 
-9.95, 39.39, 3.66, -18.97, -0.05, -0.25, -0.13, 4.20, 
-0.18, 38.76, 3.34, -20.29, -0.05, -0.26, -0.13, 4.20, 
19.96, 38.06, 3.03, -21.62, -0.06, -0.26, -0.13, 4.14, 
38.49, 37.30, 2.72, -22.94, -0.06, -0.26, -0.13, 4.19, 
28.00, 36.48, 2.40, -24.25, -0.06, -0.27, -0.13, 4.20, 
8.21, 35.60, 2.06, -25.56, -0.06, -0.27, -0.13, 4.19, 
36.21, 34.67, 1.67, -26.84, -0.06, -0.27, -0.12, 4.19, 
25.70, 33.68, 1.23, -28.09, -0.06, -0.28, -0.12, 4.19, 
24.19, 32.65, 0.73, -29.30, -0.07, -0.28, -0.12, 4.20, 
7.31, 31.58, 0.15, -30.45, -0.07, -0.28, -0.12, 4.17, 
51.71, 30.49, -0.51, -31.54, -0.07, -0.29, -0.12, 4.20, 
39.13, 29.39, -1.26, -32.55, -0.07, -0.29, -0.12, 4.20, 
20.81, 28.29, -2.10, -33.47, -0.07, -0.29, -0.11, 4.16, 
11.86, 27.21, -3.04, -34.29, -0.07, -0.30, -0.11, 4.20, 
33.22, 26.16, -4.08, -34.99, -0.07, -0.30, -0.11, 4.20, 
23.87, 25.16, -5.20, -35.56, -0.08, -0.30, -0.11, 4.20, 
43.22, 24.24, -6.41, -36.01, -0.08, -0.31, -0.10, 4.20, 
42.89, 23.39, -7.69, -36.31, -0.08, -0.31, -0.10, 4.17, 
30.12, 22.66, -9.04, -36.47, -0.08, -0.31, -0.10, 4.18, 
-4.46, 22.03, -10.44, -36.48, -0.08, -0.31, -0.10, 4.19, 
42.36, 21.54, -11.87, -36.33, -0.08, -0.32, -0.09, 4.20, 
-1.91, 21.19, -13.31, -36.04, -0.08, -0.32, -0.09, 4.19, 
-18.39, 20.99, -14.75, -35.59, -0.08, -0.32, -0.09, 4.20, 
58.63, 20.95, -16.17, -35.00, -0.09, -0.32, -0.09, 4.15, 
48.32, 21.07, -17.54, -34.26, -0.09, -0.32, -0.08, 4.20, 
22.11, 21.34, -18.84, -33.38, -0.09, -0.33, -0.08, 4.19, 
20.57, 21.78, -20.06, -32.38, -0.09, -0.33, -0.08, 4.20, 
-0.28, 22.36, -21.16, -31.26, -0.09, -0.33, -0.08, 4.18, 
-5.74, 23.09, -22.15, -30.02, -0.09, -0.33, -0.07, 4.16, 
50.17, 23.95, -22.99, -28.69, -0.09, -0.33, -0.07, 4.19, 
21.83, 24.92, -23.67, -27.27, -0.09, -0.33, -0.07, 4.18, 
13.75, 26.00, -24.18, -25.77, -0.09, -0.34, -0.06, 4.18, 
50.74, 27.16, -24.52, -24.21, -0.09, -0.34, -0.06, 4.18, 
46.81, 28.38, -24.67, -22.60, -0.09, -0.34, -0.06, 4.20, 
58.78, 29.66, -24.63, -20.95, -0.09, -0.34, -0.06, 4.19, 
31.73, 30.96, -24.41, -19.26, -0.09, -0.34, -0.05, 4.19, 
16.44, 32.26, -23.99, -17.57, -0.09, -0.34, -0.05, 4.20, 
21.09, 33.56, -23.39, -15.86, -0.10, -0.34, -0.05, 4.20, 
5.26, 34.83, -22.61, -14.17, -0.10, -0.34, -0.04, 4.20, 
38.30, 36.05, -21.67, -12.49, -0.10, -0.34, -0.04, 4.20, 
21.97, 37.21, -20.57, -10.83, -0.10, -0.34, -0.04, 4.17, 
13.89, 38.30, -19.32, -9.21, -0.10, -0.34, -0.04, 4.20, 
35.52, 39.30, -17.95, -7.63, -0.10, -0.34, -0.03, 4.19, 
15.12, 40.21, -16.46, -6.10, -0.10, -0.35, -0.03, 4.19, 
42.90, 41.02, -14.87, -4.63, -0.10, -0.35, -0.03, 4.19, 
47.27, 41.72, -13.19, -3.21, -0.10, -0.35, -0.02, 4.20, 
7.74, 42.32, -11.44, -1.87, -0.10, -0.35, -0.02, 4.17, 
25.48, 42.80, -9.64, -0.59, -0.10, -0.35, -0.02, 4.18, 
9.30, 43.17, -7.79, 0.61, -0.10, -0.34, -0.02, 4.16, 
49.75, 43.44, -5.92, 1.73, -0.10, -0.34, -0.01, 4.20, 
10.73, 43.60, -4.03, 2.77, -0.10, -0.34, -0.01, 4.20, 
29.66, 43.66, -2.13, 3.73, -0.10, -0.34, -0.01, 4.20, 
19.04, 43.63, -0.24, 4.60, -0.10, -0.34, -0.01, 4.20, 
3.19, 43.51, 1.64, 5.39, -0.10, -0.34, -0.00, 4.20, 
16.37, 43.31, 3.50, 6.09, -0.10, -0.34, -0.00, 4.20, 
13.43, 43.03, 5.34, 6.70, -0.10, -0.34, 0.00, 4.17, 
22.93, 42.68, 7.14, 7.21, -0.10, -0.34, 0.00, 4.20, 
41.38, 42.28, 8.91, 7.64, -0.10, -0.34, 0.01, 4.20, 
17.32, 41.81, 10.65, 7.98, -0.10, -0.34, 0.01, 4.20, 
9.04, 41.29, 12.34, 8.22, -0.10, -0.34, 0.01, 4.17, 
7.86, 40.73, 13.99, 8.37, -0.10, -0.33, 0.01, 4.20, 
20.59, 40.13, 15.60, 8.43, -0.10, -0.33, 0.02, 4.20, 
29.08, 39.50, 17.17, 8.39, -0.10, -0.33, 0.02, 4.16, 
49.15, 38.83, 18.69, 8.26, -0.10, -0.33, 0.02, 4.19, 
56.87, 38.13, 20.16, 8.03, -0.10, -0.33, 0.02, 4.20, 
-1.30, 37.41, 21.59, 7.71, -0.10, -0.33, 0.02, 4.18, 
48.12, 36.66, 22.97, 7.29, -0.10, -0.32, 0.03, 4.16, 
39.02, 35.89, 24.30, 6.78, -0.10, -0.32, 0.03, 4.18, 
-12.11, 35.11, 25.58, 6.17, -0.10, -0.32, 0.03, 4.20, 
6.73, 34.31, 26.80, 5.47, -0.10, -0.32, 0.03, 4.20, 
18.58, 33.49, 27.96, 4.67, -0.10, -0.32, 0.03, 4.20, 
24.67, 32.65, 29.06, 3.77, -0.10, -0.31, 0.04, 4.19, 
17.82, 31.81, 30.09, 2.78, -0.10, -0.31, 0.04, 4.18, 
8.36, 30.96, 31.04, 1.70, -0.10, -0.31, 0.04, 4.20, 
-28.74, 30.10, 31.91, 0.52, -0.10, -0.31, 0.04, 4.19, 
17.61, 29.25, 32.70, -0.74, -0.11, -0.30, 0.04, 4.18, 
32.37, 28.39, 33.39, -2.09, -0.11, -0.30, 0.04, 4.19, 
2.89, 27.54, 33.97, -3.53, -0.11, -0.30, 0.05, 4.18, 
27.51, 26.70, 34.45, -5.04, -0.11, -0.30, 0.05, 4.20, 
21.53, 25.88, 34.81, -6.62, -0.11, -0.29, 0.05, 4.17, 
14.80, 25.08, 35.04, -8.27, -0.11, -0.29, 0.05, 4.20, 
25.15, 24.31, 35.13, -9.98, -0.11, -0.29, 0.05, 4.20, 
7.99, 23.58, 35.09, -11.73, -0.11, -0.28, 0.05, 4.18, 
21.46, 22.90, 34.90, -13.53, -0.11, -0.28, 0.05, 4.20, 
21.11, 22.26, 34.55, -15.35, -0.11, -0.28, 0.05, 4.20, 
9.79, 21.69, 34.05, -17.18, -0.11, -0.27, 0.05, 4.19, 
1.89, 21.18, 33.39, -19.02, -0.11, -0.27, 0.06, 4.19, 
17.20, 20.75, 32.56, -20.84, -0.11, -0.27, 0.06, 4.20, 
4.81, 20.40, 31.57, -22.63, -0.11, -0.26, 0.06, 4.20, 
8.72, 20.14, 30.42, -24.37, -0.11, -0.26, 0.06, 4.18, 
17.96, 19.97, 29.11, -26.06, -0.11, -0.26, 0.06, 4.20, 
20.30, 19.89, 27.65, -27.66, -0.11, -0.25, 0.06, 4.20, 
12.34, 19.92, 26.04, -29.16, -0.11, -0.25, 0.06, 4.19, 
-11.40, 20.04, 24.29, -30.55, -0.11, -0.24, 0.06, 4.18, 
15.49, 20.26, 22.41, -31.81, -0.11, -0.24, 0.06, 4.20, 
39.53, 20.58, 20.43, -32.92, -0.12, -0.24, 0.06, 4.20, 
57.05, 21.00, 18.35, -33.87, -0.12, -0.23, 0.06, 4.19, 
36.21, 21.50, 16.19, -34.65, -0.12, -0.23, 0.06, 4.20, 
-15.02, 22.09, 13.96, -35.24, -0.12, -0.22, 0.06, 4.14, 
25.05, 22.75, 11.70, -35.65, -0.12, -0.22, 0.06, 4.20, 
5.70, 23.47, 9.41, -35.85, -0.12, -0.22, 0.06, 4.19, 
24.61, 24.25, 7.12, -35.87, -0.12, -0.21, 0.06, 4.17, 
41.42, 25.07, 4.85, -35.68, -0.12, -0.21, 0.06, 4.17, 
14.34, 25.91, 2.61, -35.31, -0.12, -0.20, 0.06, 4.17, 
53.56, 26.77, 0.43, -34.76, -0.12, -0.20, 0.06, 4.20, 
5.59, 27.64, -1.68, -34.03, -0.12, -0.19, 0.06, 4.20, 
48.01, 28.49, -3.70, -33.16, -0.13, -0.19, 0.06, 4.20, 
6.89, 29.32, -5.63, -32.15, -0.13, -0.18, 0.06, 4.18, 
17.47, 30.12, -7.46, -31.02, -0.13, -0.18, 0.06, 4.18, 
-8.94, 30.87, -9.18, -29.80, -0.13, -0.18, 0.06, 4.20, 
5.38, 31.56, -10.80, -28.49, -0.13, -0.17, 0.06, 4.20, 
-14.17, 32.20, -12.33, -27.13, -0.13, -0.17, 0.06, 4.20, 
-23.60, 32.76, -13.77, -25.73, -0.13, -0.16, 0.06, 4.20, 
-2.21, 33.24, -15.14, -24.31, -0.13, -0.16, 0.06, 4.17, 
-7.69, 33.65, -16.44, -22.86, -0.13, -0.15, 0.06, 4.20, 
3.35, 33.96, -17.71, -21.40, -0.14, -0.15, 0.06, 4.20, 
-6.44, 34.18, -18.95, -19.93, -0.14, -0.14, 0.06, 4.18, 
50.71, 34.31, -20.19, -18.44, -0.14, -0.14, 0.06, 4.20, 
7.46, 34.34, -21.44, -16.92, -0.14, -0.13, 0.06, 4.20, 
-26.34, 34.26, -22.71, -15.34, -0.14, -0.13, 0.06, 4.16, 
14.66, 34.08, -24.00, -13.69, -0.14, -0.12, 0.06, 4.20, 
17.57, 33.78, -25.32, -11.93, -0.14, -0.12, 0.06, 4.20, 
20.30, 33.37, -26.66, -10.03, -0.15, -0.11, 0.06, 4.20, 
-4.11, 32.84, -27.98, -7.97, -0.15, -0.11, 0.06, 4.20, 
-26.44, 32.18, -29.28, -5.70, -0.15, -0.10, 0.06, 4.20, 
40.84, 31.39, -30.49, -3.20, -0.15, -0.10, 0.06, 4.19, 
-20.06, 30.46, -31.57, -0.45, -0.15, -0.09, 0.06, 4.19, 
12.99, 29.41, -32.46, 2.55, -0.15, -0.09, 0.06, 4.20, 
8.62, 28.21, -33.09, 5.82, -0.15, -0.08, 0.06, 4.19, 
23.47, 26.89, -33.40, 9.32, -0.16, -0.08, 0.06, 4.20, 
13.65, 25.43, -33.29, 13.04, -0.16, -0.08, 0.06, 4.16, 
21.54, 23.85, -32.71, 16.92, -0.16, -0.07, 0.06, 4.19, 
13.52, 22.17, -31.58, 20.89, -0.16, -0.07, 0.06, 4.20, 
0.03, 20.38, -29.86, 24.86, -0.16, -0.06, 0.06, 4.20, 
-8.47, 18.51, -27.50, 28.75, -0.16, -0.06, 0.05, 4.19, 
6.17, 16.57, -24.48, 32.42, -0.17, -0.05, 0.05, 4.16, 
8.00, 14.57, -20.81, 35.77, -0.17, -0.05, 0.05, 4.20, 
-1.08, 12.54, -16.51, 38.67, -0.17, -0.04, 0.05, 4.20, 
30.03, 10.48, -11.65, 40.98, -0.17, -0.04, 0.05, 4.19, 
7.42, 8.41, -6.30, 42.60, -0.17, -0.03, 0.05, 4.14, 
-13.61, 6.33, -0.58, 43.41, -0.17, -0.03, 0.05, 4.20, 
8.99, 4.26, 5.38, 43.34, -0.18, -0.02, 0.05, 4.19, 
12.67, 2.20, 11.41, 42.31, -0.18, -0.02, 0.05, 4.20, 
33.11, 0.15, 17.34, 40.30, -0.18, -0.01, 0.05, 4.20, 
10.68, -1.88, 22.99, 37.32, -0.18, -0.01, 0.05, 4.20, 
42.32, -3.91, 28.18, 33.40, -0.18, -0.00, 0.05, 4.20, 
48.80, -5.93, 32.72, 28.62, -0.18, 0.00, 0.05, 4.20, 
-27.62, -7.95, 36.44, 23.10, -0.19, 0.01, 0.05, 4.20, 
6.85, -9.97, 39.21, 16.98, -0.19, 0.01, 0.05, 4.18, 
-8.27, -11.98, 40.90, 10.44, -0.19, 0.02, 0.05, 4.19, 
-30.85, -13.97, 41.43, 3.68, -0.19, 0.02, 0.05, 4.20, 
0.87, -15.94, 40.76, -3.09, -0.19, 0.03, 0.05, 4.17, 
-5.67, -17.88, 38.89, -9.64, -0.19, 0.03, 0.05, 4.19, 
20.93, -19.75, 35.87, -15.76, -0.20, 0.04, 0.05, 4.19, 
18.36, -21.54, 31.78, -21.23, -0.20, 0.04, 0.05, 4.15, 
-10.03, -23.22, 26.77, -25.87, -0.20, 0.04, 0.05, 4.20, 
-14.05, -24.77, 20.98, -29.52, -0.20, 0.05, 0.05, 4.20, 
45.76, -26.15, 14.62, -32.05, -0.20, 0.05, 0.05, 4.20, 
3.93, -27.35, 7.92, -33.38, -0.20, 0.06, 0.05, 4.18, 
-3.72, -28.34, 1.09, -33.48, -0.20, 0.06, 0.05, 4.19, 
5.13, -29.11, -5.62, -32.34, -0.21, 0.07, 0.05, 4.20, 
36.27, -29.65, -11.99, -30.03, -0.21, 0.07, 0.05, 4.20, 
7.52, -29.98, -17.79, -26.64, -0.21, 0.08, 0.05, 4.18, 
28.02, -30.10, -22.84, -22.30, -0.21, 0.08, 0.05, 4.20, 
20.86, -30.03, -26.98, -17.19, -0.21, 0.08, 0.05, 4.19, 
-2.24, -29.81, -30.07, -11.49, -0.21, 0.09, 0.05, 4.17, 
-34.04, -29.47, -32.05, -5.41, -0.21, 0.09, 0.05, 4.18, 
12.28, -29.06, -32.86, 0.82, -0.21, 0.10, 0.05, 4.20, 
-32.04, -28.62, -32.51, 6.98, -0.22, 0.10, 0.05, 4.18, 
-36.06, -28.19, -31.05, 12.88, -0.22, 0.10, 0.05, 4.19, 
14.93, -27.83, -28.56, 18.30, -0.22, 0.11, 0.05, 4.20, 
14.16, -27.56, -25.15, 23.08, -0.22, 0.11, 0.05, 4.20, 
-3.76, -27.42, -20.97, 27.08, -0.22, 0.12, 0.05, 4.18, 
-14.54, -27.43, -16.19, 30.18, -0.22, 0.12, 0.05, 4.19, 
11.58, -27.59, -10.98, 32.30, -0.22, 0.12, 0.05, 4.20, 
-47.63, -27.92, -5.53, 33.39, -0.22, 0.13, 0.05, 4.20, 
-18.59, -28.38, -0.03, 33.46, -0.22, 0.13, 0.05, 4.17, 
36.58, -28.97, 5.36, 32.51, -0.22, 0.14, 0.05, 4.16, 
-22.04, -29.65, 10.46, 30.60, -0.23, 0.14, 0.05, 4.18, 
-1.36, -30.37, 15.13, 27.82, -0.23, 0.14, 0.05, 4.19, 
20.42, -31.09, 19.25, 24.25, -0.23, 0.15, 0.06, 4.14, 
-7.78, -31.75, 22.72, 20.01, -0.23, 0.15, 0.06, 4.20, 
30.89, -32.31, 25.47, 15.24, -0.23, 0.15, 0.06, 4.20, 
5.01, -32.71, 27.45, 10.06, -0.23, 0.16, 0.06, 4.18, 
27.28, -32.91, 28.65, 4.61, -0.23, 0.16, 0.06, 4.18, 
-16.57, -32.85, 29.06, -0.97, -0.23, 0.16, 0.06, 4.18, 
6.80, -32.52, 28.72, -6.55, -0.23, 0.17, 0.06, 4.20, 
42.15, -31.87, 27.67, -12.01, -0.23, 0.17, 0.06, 4.15, 
-46.62, -30.89, 25.96, -17.24, -0.23, 0.17, 0.06, 4.17, 
19.96, -29.57, 23.67, -22.14, -0.23, 0.18, 0.06, 4.20, 
-17.39, -27.93, 20.87, -26.63, -0.23, 0.18, 0.06, 4.20, 
-7.50, -25.96, 17.66, -30.64, -0.23, 0.18, 0.06, 4.20, 
-12.27, -23.70, 14.12, -34.12, -0.23, 0.18, 0.06, 4.20, 
-22.47, -21.16, 10.34, -37.02, -0.23, 0.19, 0.06, 4.20, 
46.01, -18.40, 6.40, -39.31, -0.23, 0.19, 0.06, 4.19, 
-26.41, -15.45, 2.37, -41.00, -0.23, 0.19, 0.06, 4.20, 
-15.21, -12.36, -1.66, -42.07, -0.23, 0.20, 0.06, 4.17, 
-12.60, -9.18, -5.64, -42.53, -0.23, 0.20, 0.06, 4.17, 
1.67, -5.96, -9.51, -42.41, -0.23, 0.20, 0.06, 4.20, 
-8.38, -2.76, -13.22, -41.74, -0.23, 0.20, 0.06, 4.17, 
15.41, 0.37, -16.74, -40.55, -0.23, 0.21, 0.06, 4.19, 
10.21, 3.39, -20.04, -38.88, -0.23, 0.21, 0.06, 4.20, 
15.40, 6.24, -23.09, -36.78, -0.23, 0.21, 0.06, 4.20, 
-33.72, 8.89, -25.87, -34.30, -0.23, 0.21, 0.06, 4.20, 
-5.77, 11.29, -28.39, -31.49, -0.23, 0.22, 0.06, 4.18, 
-9.54, 13.42, -30.64, -28.40, -0.23, 0.22, 0.06, 4.20, 
27.15, 15.23, -32.62, -25.08, -0.23, 0.22, 0.06, 4.20, 
15.00, 16.72, -34.34, -21.60, -0.22, 0.22, 0.06, 4.20, 
-5.81, 17.87, -35.81, -17.99, -0.22, 0.22, 0.06, 4.19, 
-3.11, 18.65, -37.04, -14.32, -0.22, 0.23, 0.06, 4.20, 
-2.25, 19.08, -38.05, -10.64, -0.22, 0.23, 0.06, 4.20, 
-22.62, 19.16, -38.85, -6.98, -0.22, 0.23, 0.06, 4.18, 
30.86, 18.88, -39.46, -3.40, -0.22, 0.23, 0.06, 4.20, 
-18.21, 18.26, -39.90, 0.06, -0.22, 0.23, 0.06, 4.16, 
3.18, 17.32, -40.17, 3.37, -0.22, 0.24, 0.06, 4.20, 
-1.08, 16.07, -40.30, 6.50, -0.22, 0.24, 0.06, 4.20, 
-11.40, 14.55, -40.31, 9.42, -0.21, 0.24, 0.06, 4.20, 
2.38, 12.78, -40.19, 12.09, -0.21, 0.24, 0.06, 4.19, 
-17.00, 10.79, -39.97, 14.51, -0.21, 0.24, 0.06, 4.20, 
-24.41, 8.62, -39.66, 16.66, -0.21, 0.24, 0.06, 4.20, 
-28.28, 6.30, -39.27, 18.52, -0.21, 0.24, 0.06, 4.17, 
4.01, 3.86, -38.81, 20.10, -0.21, 0.25, 0.06, 4.20, 
-2.37, 1.33, -38.29, 21.38, -0.20, 0.25, 0.06, 4.17, 
34.98, -1.23, -37.71, 22.39, -0.20, 0.25, 0.06, 4.16, 
-15.45, -3.81, -37.09, 23.12, -0.20, 0.25, 0.06, 4.20, 
11.77, -6.37, -36.44, 23.59, -0.20, 0.25, 0.06, 4.20, 
5.99, -8.88, -35.76, 23.81, -0.20, 0.25, 0.06, 4.20, 
-19.13, -11.32, -35.07, 23.81, -0.19, 0.25, 0.05, 4.20, 
-30.97, -13.65, -34.37, 23.61, -0.19, 0.25, 0.05, 4.20, 
3.15, -15.86, -33.68, 23.23, -0.19, 0.25, 0.05, 4.19, 
-41.75, -17.93, -32.99, 22.70, -0.19, 0.25, 0.05, 4.20, 
-18.93, -19.84, -32.33, 22.05, -0.19, 0.26, 0.05, 4.20, 
-26.73, -21.60, -31.69, 21.32, -0.18, 0.26, 0.05, 4.18, 
-49.78, -23.19, -31.08, 20.52, -0.18, 0.26, 0.05, 4.20, 
11.47, -24.61, -30.52, 19.70, -0.18, 0.26, 0.05, 4.17, 
-35.85, -25.86, -30.00, 18.88, -0.18, 0.26, 0.05, 4.17, 
-39.69, -26.95, -29.53, 18.08, -0.17, 0.26, 0.04, 4.17, 
-7.21, -27.88, -29.11, 17.33, -0.17, 0.26, 0.04, 4.20, 
-24.60, -28.67, -28.73, 16.66, -0.17, 0.26, 0.04, 4.20, 
-18.74, -29.32, -28.41, 16.07, -0.17, 0.26, 0.04, 4.15, 
-27.31, -29.84, -28.13, 15.59, -0.16, 0.26, 0.04, 4.20, 
-11.77, -30.25, -27.89, 15.23, -0.16, 0.26, 0.04, 4.17, 
-35.46, -30.55, -27.69, 15.00, -0.16, 0.26, 0.03, 4.20, 
-26.76, -30.76, -27.51, 14.89, -0.15, 0.26, 0.03, 4.19, 
-14.73, -30.89, -27.35, 14.92, -0.15, 0.26, 0.03, 4.20, 
-15.34, -30.95, -27.21, 15.07, -0.15, 0.26, 0.03, 4.19, 
-20.49, -30.93, -27.08, 15.34, -0.15, 0.26, 0.03, 4.20, 
-11.87, -30.85, -26.94, 15.72, -0.14, 0.26, 0.03, 4.19, 
13.50, -30.72, -26.81, 16.20, -0.14, 0.26, 0.02, 4.19, 
-5.34, -30.54, -26.66, 16.77, -0.14, 0.26, 0.02, 4.20, 
11.52, -30.32, -26.51, 17.41, -0.13, 0.26, 0.02, 4.19, 
-21.92, -30.05, -26.34, 18.11, -0.13, 0.26, 0.02, 4.19, 
0.35, -29.74, -26.16, 18.87, -0.13, 0.26, 0.01, 4.18, 
-10.12, -29.41, -25.96, 19.65, -0.13, 0.26, 0.01, 4.18, 
28.84, -29.04, -25.74, 20.46, -0.12, 0.26, 0.01, 4.20, 
-5.89, -28.66, -25.51, 21.29, -0.12, 0.26, 0.01, 4.18, 
7.86, -28.25, -25.25, 22.13, -0.12, 0.26, 0.01, 4.19, 
-28.39, -27.83, -24.96, 22.97, -0.11, 0.26, 0.00, 4.20, 
-6.83, -27.39, -24.65, 23.82, -0.11, 0.26, 0.00, 4.17, 
-11.44, -26.94, -24.30, 24.67, -0.11, 0.26, -0.00, 4.20, 
-15.93, -26.48, -23.91, 25.54, -0.10, 0.26, -0.00, 4.20, 
-2.81, -26.00, -23.47, 26.42, -0.10, 0.26, -0.01, 4.20, 
2.49, -25.50, -22.97, 27.33, -0.10, 0.26, -0.01, 4.19, 
6.85, -24.97, -22.42, 28.26, -0.09, 0.26, -0.01, 4.18, 
-58.39, -24.39, -21.80, 29.23, -0.09, 0.25, -0.01, 4.20, 
-6.20, -23.76, -21.12, 30.24, -0.09, 0.25, -0.02, 4.20, 
13.20, -23.04, -20.37, 31.29, -0.08, 0.25, -0.02, 4.20, 
-29.39, -22.23, -19.56, 32.38, -0.08, 0.25, -0.02, 4.18, 
11.94, -21.28, -18.70, 33.50, -0.08, 0.25, -0.03, 4.17, 
-29.64, -20.19, -17.81, 34.64, -0.07, 0.25, -0.03, 4.20, 
8.29, -18.92, -16.91, 35.79, -0.07, 0.25, -0.03, 4.20, 
19.49, -17.46, -16.05, 36.92, -0.07, 0.25, -0.03, 4.20, 
-19.25, -15.78, -15.25, 37.99, -0.06, 0.25, -0.04, 4.20, 
0.04, -13.89, -14.58, 38.98, -0.06, 0.25, -0.04, 4.18, 
-46.41, -11.78, -14.08, 39.85, -0.06, 0.25, -0.04, 4.18, 
6.10, -9.47, -13.84, 40.55, -0.05, 0.24, -0.05, 4.16, 
-12.81, -7.00, -13.89, 41.02, -0.05, 0.24, -0.05, 4.20, 
45.30, -4.43, -14.32, 41.24, -0.05, 0.24, -0.05, 4.20, 
13.75, -1.82, -15.15, 41.14, -0.04, 0.24, -0.05, 4.19, 
-20.35, 0.73, -16.43, 40.67, -0.04, 0.24, -0.06, 4.19, 
2.80, 3.12, -18.17, 39.81, -0.04, 0.24, -0.06, 4.20, 
1.00, 5.22, -20.35, 38.52, -0.03, 0.24, -0.06, 4.19, 
-20.77, 6.94, -22.92, 36.76, -0.03, 0.24, -0.07, 4.17, 
16.96, 8.16, -25.81, 34.53, -0.03, 0.23, -0.07, 4.20, 
-29.78, 8.80, -28.89, 31.82, -0.03, 0.23, -0.07, 4.20, 
-23.34, 8.80, -32.04, 28.65, -0.02, 0.23, -0.07, 4.17, 
-23.04, 8.12, -35.10, 25.04, -0.02, 0.23, -0.08, 4.20, 
25.96, 6.80, -37.90, 21.03, -0.02, 0.23, -0.08, 4.20, 
19.80, 4.89, -40.29, 16.67, -0.01, 0.23, -0.08, 4.17, 
-17.89, 2.50, -42.12, 12.03, -0.01, 0.22, -0.09, 4.19, 
5.42, -0.23, -43.28, 7.18, -0.01, 0.22, -0.09, 4.20, 
-3.94, -3.12, -43.71, 2.21, -0.00, 0.22, -0.09, 4.18, 
43.61, -5.99, -43.37, -2.78, -0.00, 0.22, -0.09, 4.18, 
-23.02, -8.65, -42.32, -7.71, 0.00, 0.22, -0.10, 4.20, 
0.58, -10.92, -40.62, -12.48, 0.00, 0.22, -0.10, 4.18, 
9.38, -12.66, -38.42, -17.00, 0.01, 0.21, -0.10, 4.20, 
0.70, -13.78, -35.87, -21.17, 0.01, 0.21, -0.10, 4.16, 
-10.02, -14.21, -33.18, -24.94, 0.01, 0.21, -0.11, 4.20, 
13.98, -13.99, -30.54, -28.23, 0.01, 0.21, -0.11, 4.20, 
-2.77, -13.15, -28.13, -31.00, 0.02, 0.21, -0.11, 4.18, 
18.51, -11.83, -26.11, -33.22, 0.02, 0.20, -0.11, 4.20, 
14.40, -10.17, -24.60, -34.87, 0.02, 0.20, -0.11, 4.19, 
-10.54, -8.36, -23.68, -35.98, 0.02, 0.20, -0.12, 4.18, 
-6.89, -6.57, -23.36, -36.55, 0.03, 0.20, -0.12, 4.16, 
-14.18, -5.00, -23.60, -36.65, 0.03, 0.20, -0.12, 4.17, 
6.66, -3.81, -24.32, -36.32, 0.03, 0.19, -0.12, 4.20, 
-6.43, -3.10, -25.40, -35.64, 0.03, 0.19, -0.12, 4.20, 
3.43, -2.98, -26.70, -34.69, 0.04, 0.19, -0.13, 4.19, 
3.50, -3.47, -28.05, -33.56, 0.04, 0.19, -0.13, 4.19, 
12.55, -4.55, -29.29, -32.35, 0.04, 0.19, -0.13, 4.19, 
23.54, -6.16, -30.28, -31.15, 0.04, 0.18, -0.13, 4.20, 
-54.28, -8.20, -30.91, -30.04, 0.05, 0.18, -0.13, 4.13, 
-29.18, -10.53, -31.10, -29.10, 0.05, 0.18, -0.13, 4.18, 
-15.86, -13.00, -30.81, -28.41, 0.05, 0.18, -0.14, 4.19, 
0.80, -15.45, -30.04, -28.00, 0.05, 0.18, -0.14, 4.15, 
-35.17, -17.73, -28.82, -27.92, 0.05, 0.17, -0.14, 4.19, 
6.10, -19.70, -27.25, -28.19, 0.06, 0.17, -0.14, 4.20, 
-8.17, -21.22, -25.41, -28.79, 0.06, 0.17, -0.14, 4.20, 
16.41, -22.21, -23.43, -29.71, 0.06, 0.17, -0.14, 4.20, 
-16.45, -22.60, -21.43, -30.90, 0.06, 0.16, -0.14, 4.19, 
30.33, -22.35, -19.54, -32.31, 0.06, 0.16, -0.14, 4.19, 
15.23, -21.45, -17.87, -33.85, 0.06, 0.16, -0.14, 4.20, 
16.94, -19.91, -16.52, -35.44, 0.07, 0.16, -0.14, 4.18, 
1.14, -17.76, -15.56, -36.98, 0.07, 0.15, -0.14, 4.20, 
1.70, -15.05, -15.03, -38.37, 0.07, 0.15, -0.14, 4.19, 
-2.28, -11.85, -14.94, -39.52, 0.07, 0.15, -0.14, 4.17, 
21.91, -8.20, -15.28, -40.30, 0.07, 0.15, -0.14, 4.20, 
22.62, -4.20, -15.99, -40.64, 0.07, 0.14, -0.14, 4.20, 
3.38, 0.10, -17.00, -40.45, 0.07, 0.14, -0.14, 4.19, 
-8.52, 4.61, -18.20, -39.66, 0.08, 0.14, -0.14, 4.20, 
13.57, 9.26, -19.47, -38.21, 0.08, 0.13, -0.14, 4.19, 
-11.23, 13.98, -20.67, -36.09, 0.08, 0.13, -0.14, 4.20, 
-46.00, 18.66, -21.68, -33.27, 0.08, 0.13, -0.14, 4.20, 
-29.11, 23.23, -22.33, -29.77, 0.08, 0.13, -0.14, 4.20, 
10.05, 27.58, -22.52, -25.64, 0.08, 0.12, -0.14, 4.18, 
17.04, 31.60, -22.11, -20.92, 0.08, 0.12, -0.14, 4.18, 
36.17, 35.15, -21.04, -15.71, 0.08, 0.12, -0.14, 4.18, 
10.91, 38.12, -19.23, -10.10, 0.08, 0.12, -0.14, 4.16, 
3.11, 40.36, -16.68, -4.21, 0.09, 0.11, -0.14, 4.20, 
-7.30, 41.73, -13.42, 1.81, 0.09, 0.11, -0.14, 4.20, 
-15.85, 42.11, -9.52, 7.83, 0.09, 0.11, -0.14, 4.17, 
-12.35, 41.37, -5.12, 13.70, 0.09, 0.10, -0.13, 4.20, 
