1768846394
-255
-93.68
53.09
-39.74
3.66
1768846394
-245
-85.81
47.24
-36.90
3.69
1768846394
-235
-85.53
47.18
-36.42
3.71
1768846394
-225
-85.23
46.95
-35.76
3.73
1768846394
-215
-84.92
47.21
-35.40
3.74
1768846394
-205
-84.49
47.26
-35.37
3.74
1768846394
-195
-83.96
47.21
-35.63
3.75
1768846394
-185
-83.46
47.26
-34.64
3.76
1768846394
-175
-83.05
47.42
-34.87
3.76
1768846394
-165
-82.96
47.24
-34.65
3.76
1768846394
-155
-82.62
47.24
-34.05
3.77
1768846394
-145
-82.27
47.17
-34.13
3.77
1768846394
-135
-82.41
47.48
-33.74
3.77
1768846394
-125
-82.28
47.49
-33.52
3.77
1768846394
-115
-81.95
47.74
-32.85
3.77
1768846394
-105
-80.98
47.84
-32.95
3.78
1768846394
-95
-80.64
47.99
-32.80
3.78
1768846394
-85
-80.94
48.36
-32.59
3.78
1768846394
-75
-80.80
48.50
-32.07
3.79
1768846394
-65
-80.30
48.20
-31.80
3.79
1768846394
-55
-79.94
48.33
-31.83
3.79
1768846394
-45
-79.45
48.66
-31.70
3.79
1768846394
-35
-79.20
48.52
-31.36
3.79
1768846394
-25
-78.67
48.28
-31.24
3.79
1768846394
-15
-78.22
48.58
-31.15
3.79
1768846394
-5
-77.71
48.73
-30.90
3.79
1768846394
5
-77.31
48.98
-30.77
3.79
1768846394
15
-77.00
48.78
-30.35
3.79
1768846394
25
-76.97
48.88
-30.32
3.79
1768846394
35
-76.92
48.90
-30.52
3.79
1768846394
45
-76.48
49.43
-30.66
3.79
1768846394
55
-75.58
49.79
-30.88
3.79
1768846394
65
-75.05
49.97
-30.11
3.79
1768846394
75
-74.58
50.04
-30.20
3.79
1768846394
85
-74.02
50.21
-29.71
3.79
1768846394
95
-73.35
48.91
-29.62
3.77
1768846394
105
-74.11
49.02
-29.64
3.74
1768846394
115
-74.47
49.71
-30.21
3.72
1768846394
125
-74.27
49.91
-29.94
3.72
1768846394
135
-74.61
50.89
-30.30
3.74
1768846394
145
-73.99
51.09
-30.48
3.75
1768846394
155
-73.31
51.47
-30.13
3.75
1768846394
165
-72.78
51.20
-29.57
3.76
1768846394
175
-72.51
51.63
-29.55
3.76
1768846394
185
-72.01
51.78
-29.12
3.76
1768846394
195
-71.27
52.05
-29.72
3.76
1768846394
205
-70.40
51.75
-29.48
3.75
1768846394
215
-69.96
51.88
-29.44
3.75
1768846394
225
-70.07
52.11
-29.78
3.75
1768846394
235
-69.85
51.72
-30.17
3.75
1768846394
245
-69.23
52.34
-29.71
3.74
1768846394
255
-68.83
52.34
-29.55
3.74