1768846394
-255
-92.71
52.05
-39.60
3.83
1768846394
-245
-85.80
47.21
-36.71
3.83
1768846394
-235
-85.48
47.45
-36.35
3.84
1768846394
-225
-85.32
47.02
-35.59
3.85
1768846394
-215
-84.83
47.08
-35.85
3.85
1768846394
-205
-84.17
47.28
-35.51
3.85
1768846394
-195
-84.10
47.16
-34.98
3.86
1768846394
-185
-83.92
47.59
-34.57
3.86
1768846394
-175
-83.40
47.59
-34.77
3.86
1768846394
-165
-83.00
47.55
-34.79
3.86
1768846394
-155
-82.90
47.39
-34.41
3.87
1768846394
-145
-82.53
47.59
-33.85
3.87
1768846394
-135
-82.65
47.56
-33.34
3.87
1768846394
-125
-82.73
47.81
-32.47
3.88
1768846394
-115
-82.51
48.06
-32.38
3.88
1768846394
-105
-81.88
48.02
-32.58
3.88
1768846394
-95
-81.29
48.28
-32.54
3.88
1768846394
-85
-80.37
48.33
-33.10
3.88
1768846394
-75
-80.05
48.30
-32.81
3.89
1768846394
-65
-79.51
48.45
-32.49
3.89
1768846394
-55
-78.63
48.27
-32.46
3.89
1768846394
-45
-79.22
47.82
-32.46
3.89
1768846394
-35
-79.28
48.10
-32.14
3.89
1768846394
-25
-78.56
48.35
-31.76
3.89
1768846394
-15
-78.06
48.18
-31.23
3.89
1768846394
-5
-77.63
48.36
-31.00
3.90
1768846394
5
-77.45
48.75
-30.65
3.90
1768846394
15
-76.85
48.79
-30.82
3.89
1768846394
25
-76.48
48.79
-31.18
3.89
1768846394
35
-76.04
48.98
-30.72
3.89
1768846394
45
-75.42
49.33
-29.93
3.89
1768846394
55
-75.16
49.39
-30.25
3.89
1768846394
65
-74.97
49.48
-30.44
3.89
1768846394
75
-74.73
49.52
-30.31
3.89
1768846394
85
-74.36
49.43
-30.33
3.89
1768846394
95
-73.98
49.46
-30.20
3.88
1768846394
105
-74.19
49.56
-30.53
3.88
1768846394
115
-74.54
50.20
-30.75
3.88
1768846394
125
-73.81
50.22
-30.50
3.88
1768846394
135
-74.03
50.49
-30.01
3.87
1768846394
145
-73.20
51.33
-30.46
3.87
1768846394
155
-71.89
51.06
-30.21
3.87
1768846394
165
-70.87
51.60
-30.19
3.86
1768846394
175
-70.25
49.93
-30.31
3.85
1768846394
185
-71.50
50.30
-30.65
3.82
1768846394
195
-71.55
51.13
-30.87
3.80
1768846394
205
-70.95
51.85
-30.89
3.80
1768846394
215
-70.52
52.69
-30.46
3.82
1768846394
225
-70.61
52.55
-30.71
3.83
1768846394
235
-70.24
52.55
-31.04
3.83
1768846394
245
-69.89
52.77
-30.90
3.83
1768846394
255
-69.44
52.81
-30.57
3.83