1768846394
-255
-93.31
53.25
-41.28
3.59
1768846394
-245
-85.82
48.39
-38.04
4.13
1768846394
-235
-85.82
48.60
-37.90
3.75
1768846394
-225
-85.30
48.84
-37.05
3.67
1768846394
-215
-85.53
48.65
-36.58
3.55
1768846394
-205
-84.08
48.05
-36.61
3.53
1768846394
-195
-83.41
47.31
-36.89
4.02
1768846394
-185
-83.44
47.28
-36.73
3.55
1768846394
-175
-83.53
46.97
-36.56
3.64
1768846394
-165
-83.83
47.93
-35.42
3.64
1768846394
-155
-84.16
48.79
-35.76
3.82
1768846394
-145
-83.92
48.78
-35.97
3.88
1768846394
-135
-83.49
48.93
-35.28
3.54
1768846394
-125
-82.47
49.21
-35.40
3.56
1768846394
-115
-82.38
49.16
-35.14
3.90
1768846394
-105
-81.63
49.28
-34.77
3.79
1768846394
-95
-81.27
49.08
-34.42
3.59
1768846394
-85
-81.43
49.23
-34.43
3.94
1768846394
-75
-80.44
49.42
-34.44
3.56
1768846394
-65
-80.58
49.30
-34.47
3.57
1768846394
-55
-80.17
49.78
-34.29
3.55
1768846394
-45
-80.28
49.66
-34.03
3.97
1768846394
-35
-80.15
49.49
-33.86
3.96
1768846394
-25
-79.86
49.84
-33.69
3.80
1768846394
-15
-79.13
49.84
-33.62
3.56
1768846394
-5
-79.18
49.71
-33.57
3.58
1768846394
5
-79.08
49.97
-33.09
3.56
1768846394
15
-79.13
50.04
-33.50
3.57
1768846394
25
-78.74
50.23
-33.13
3.56
1768846394
35
-77.82
49.14
-32.46
3.59
1768846394
45
-77.70
49.09
-33.39
3.57
1768846394
55
-76.69
49.35
-33.43
3.58
1768846394
65
-75.95
49.14
-33.29
3.55
1768846394
75
-76.31
50.84
-32.70
3.55
1768846394
85
-76.49
51.02
-32.74
3.59
1768846394
95
-76.13
50.85
-32.41
3.58
1768846394
105
-75.83
50.94
-32.22
3.74
1768846394
115
-75.59
51.37
-32.47
3.54
1768846394
125
-75.83
51.26
-32.66
3.53
1768846394
135
-76.64
52.01
-33.98
3.47
1768846394
145
-77.12
52.77
-33.77
3.50
1768846394
155
-75.08
51.98
-32.41
3.57
1768846394
165
-73.36
51.67
-31.08
3.60
1768846394
175
-72.31
51.61
-30.54
3.62
1768846394
185
-71.68
51.48
-29.88
3.63
1768846394
195
-71.06
51.56
-30.01
3.64
1768846394
205
-71.29
51.30
-29.99
3.64
1768846394
215
-71.22
51.51
-30.29
3.64
1768846394
225
-70.51
51.52
-30.09
3.63
1768846394
235
-70.37
51.74
-30.06
3.63
1768846394
245
-69.84
52.14
-30.46
3.64
1768846394
255
-69.51
52.20
-30.44
3.63