1768846394
-255
-77.92
54.78
-41.10
4.04
1768846394
-245
-72.90
49.46
-37.97
4.05
1768846394
-235
-72.23
49.56
-37.91
4.05
1768846394
-225
-71.67
49.73
-37.31
4.05
1768846394
-215
-71.18
49.64
-37.15
4.06
1768846394
-205
-71.33
49.79
-36.75
4.06
1768846394
-195
-71.22
49.81
-36.06
4.07
1768846394
-185
-70.87
50.00
-35.72
4.07
1768846394
-175
-70.82
50.06
-35.58
4.07
1768846394
-165
-70.44
50.19
-35.88
4.08
1768846394
-155
-69.71
49.96
-35.80
4.08
1768846394
-145
-68.51
50.19
-35.50
4.08
1768846394
-135
-68.22
50.24
-35.41
4.08
1768846394
-125
-67.35
50.72
-34.99
4.09
1768846394
-115
-66.97
50.50
-34.89
4.09
1768846394
-105
-66.73
50.52
-34.08
4.09
1768846394
-95
-66.38
50.16
-33.83
4.09
1768846394
-85
-66.47
50.25
-33.79
4.10
1768846394
-75
-66.85
50.24
-33.71
4.10
1768846394
-65
-66.32
50.54
-33.11
4.10
1768846394
-55
-65.75
50.64
-33.49
4.10
1768846394
-45
-65.19
51.07
-33.79
4.10
1768846394
-35
-64.61
50.90
-33.24
4.10
1768846394
-25
-64.36
50.92
-33.00
4.11
1768846394
-15
-63.61
51.13
-32.55
4.10
1768846394
-5
-63.34
51.27
-32.55
4.11
1768846394
5
-62.95
51.34
-32.47
4.11
1768846394
15
-62.84
51.61
-32.58
4.11
1768846394
25
-62.28
51.98
-32.41
4.10
1768846394
35
-61.53
51.99
-31.85
4.10
1768846394
45
-60.77
52.04
-31.71
4.10
1768846394
55
-60.32
51.97
-31.89
4.10
1768846394
65
-60.27
52.05
-31.70
4.10
1768846394
75
-60.56
52.21
-31.37
4.09
1768846394
85
-61.20
52.70
-31.55
4.10
1768846394
95
-60.30
52.70
-31.94
4.09
1768846394
105
-60.07
52.86
-32.10
4.09
1768846394
115
-59.53
52.67
-31.64
4.09
1768846394
125
-59.39
53.44
-31.58
4.09
1768846394
135
-58.67
53.52
-31.65
4.09
1768846394
145
-58.52
53.96
-31.56
4.08
1768846394
155
-57.68
54.03
-31.75
4.08
1768846394
165
-56.84
53.96
-31.17
4.08
1768846394
175
-56.02
54.45
-30.73
4.07
1768846394
185
-55.78
54.73
-30.81
4.07
1768846394
195
-55.19
54.48
-30.41
4.07
1768846394
205
-55.10
54.70
-30.63
4.06
1768846394
215
-54.77
54.95
-30.77
4.06
1768846394
225
-54.52
54.82
-30.82
4.06
1768846394
235
-54.47
55.13
-31.13
4.05
1768846394
245
-54.26
55.31
-31.08
4.05
1768846394
255
-53.75
55.61
-31.17
4.04