1768846394
255
-63.41
69.24
-34.69
4.04
1768846394
245
-58.58
63.00
-31.69
4.04
1768846394
235
-58.68
62.84
-31.51
4.05
1768846394
225
-59.06
62.64
-31.54
4.05
1768846394
215
-59.35
62.37
-31.34
4.06
1768846394
205
-60.07
62.06
-31.36
4.06
1768846394
195
-60.57
62.16
-31.40
4.06
1768846394
185
-60.56
62.01
-30.84
4.06
1768846394
175
-61.15
61.65
-30.90
4.07
1768846394
165
-61.61
61.62
-31.14
4.07
1768846394
155
-62.11
61.70
-31.60
4.07
1768846394
145
-62.29
61.61
-31.74
4.08
1768846394
135
-62.80
61.41
-31.46
4.08
1768846394
125
-62.85
61.14
-31.01
4.09
1768846394
115
-63.15
60.98
-30.75
4.09
1768846394
105
-64.07
60.35
-30.82
4.09
1768846394
95
-63.62
60.36
-30.96
4.09
1768846394
85
-64.64
60.25
-31.15
4.10
1768846394
75
-64.70
60.65
-31.78
4.10
1768846394
65
-64.99
60.22
-31.52
4.10
1768846394
55
-65.44
59.77
-30.91
4.10
1768846394
45
-65.85
59.95
-31.01
4.10
1768846394
35
-66.30
59.65
-31.24
4.10
1768846394
25
-67.25
59.95
-31.61
4.10
1768846394
15
-67.08
59.58
-31.87
4.10
1768846394
5
-67.63
59.41
-32.43
4.11
1768846394
-5
-67.97
59.27
-32.26
4.10
1768846394
-15
-68.15
59.33
-32.27
4.10
1768846394
-25
-68.70
58.73
-32.28
4.10
1768846394
-35
-69.50
58.96
-32.04
4.10
1768846394
-45
-69.69
58.73
-33.00
4.10
1768846394
-55
-70.00
58.56
-32.88
4.10
1768846394
-65
-70.03
58.60
-33.35
4.10
1768846394
-75
-70.47
58.42
-33.41
4.10
1768846394
-85
-71.50
58.35
-33.09
4.09
1768846394
-95
-71.90
58.41
-33.65
4.09
1768846394
-105
-72.01
58.41
-34.01
4.09
1768846394
-115
-71.83
58.00
-34.38
4.09
1768846394
-125
-72.47
58.00
-34.41
4.08
1768846394
-135
-73.25
58.30
-34.68
4.08
1768846394
-145
-73.84
58.34
-34.41
4.08
1768846394
-155
-74.27
58.01
-35.26
4.08
1768846394
-165
-74.24
57.86
-35.76
4.07
1768846394
-175
-74.43
58.12
-35.62
4.07
1768846394
-185
-74.60
58.04
-36.28
4.07
1768846394
-195
-75.02
58.30
-36.68
4.07
1768846394
-205
-75.93
57.94
-36.45
4.06
1768846394
-215
-76.34
58.02
-36.63
4.06
1768846394
-225
-76.78
57.99
-37.41
4.06
1768846394
-235
-76.81
57.78
-37.21
4.05
1768846394
-245
-77.12
57.91
-38.01
4.05
1768846394
-255
-77.40
57.90
-38.47
4.04