1768846394
255
-66.48
68.96
-34.77
3.99
1768846394
245
-59.00
63.33
-31.38
4.01
1768846394
235
-59.02
63.17
-31.17
4.03
1768846394
225
-59.39
62.69
-30.89
4.04
1768846394
215
-59.60
62.34
-30.83
4.04
1768846394
205
-59.68
61.49
-30.72
4.04
1768846394
195
-60.30
60.54
-30.56
4.03
1768846394
185
-60.89
60.71
-31.15
4.01
1768846394
175
-61.35
60.60
-31.21
4.01
1768846394
165
-61.72
60.87
-31.38
4.03
1768846394
155
-62.09
61.31
-31.01
4.04
1768846394
145
-62.90
61.08
-30.81
4.05
1768846394
135
-63.63
61.14
-31.34
4.06
1768846394
125
-63.69
61.25
-31.00
4.07
1768846394
115
-63.54
61.10
-30.95
4.08
1768846394
105
-62.98
60.60
-30.74
4.08
1768846394
95
-63.06
60.21
-30.87
4.08
1768846394
85
-63.75
60.23
-30.81
4.09
1768846394
75
-64.26
59.84
-30.78
4.09
1768846394
65
-64.64
59.45
-30.35
4.09
1768846394
55
-65.20
59.40
-30.64
4.09
1768846394
45
-65.95
59.49
-30.68
4.09
1768846394
35
-66.40
58.97
-30.87
4.10
1768846394
25
-66.83
59.08
-30.94
4.10
1768846394
15
-67.30
58.88
-30.87
4.10
1768846394
5
-67.57
58.80
-31.29
4.10
1768846394
-5
-68.07
59.20
-31.30
4.10
1768846394
-15
-68.37
59.04
-31.84
4.10
1768846394
-25
-69.36
58.61
-31.73
4.10
1768846394
-35
-69.09
57.55
-32.00
4.08
1768846394
-45
-69.50
57.27
-32.36
4.06
1768846394
-55
-70.13
57.75
-32.97
4.04
1768846394
-65
-70.68
57.90
-33.11
4.03
1768846394
-75
-71.37
58.85
-32.96
4.06
1768846394
-85
-70.59
58.40
-33.84
4.07
1768846394
-95
-70.91
58.27
-33.41
4.07
1768846394
-105
-71.20
58.52
-33.91
4.07
1768846394
-115
-71.57
58.07
-34.26
4.07
1768846394
-125
-72.00
57.67
-34.59
4.08
1768846394
-135
-73.10
57.49
-34.17
4.08
1768846394
-145
-74.20
57.66
-33.85
4.07
1768846394
-155
-74.93
57.74
-34.20
4.07
1768846394
-165
-74.80
57.68
-34.76
4.07
1768846394
-175
-74.16
57.41
-35.34
4.07
1768846394
-185
-74.13
57.33
-36.00
4.07
1768846394
-195
-75.03
57.28
-35.72
4.06
1768846394
-205
-75.60
57.13
-35.99
4.06
1768846394
-215
-76.64
57.33
-36.03
4.06
1768846394
-225
-77.20
57.26
-36.69
4.05
1768846394
-235
-77.51
57.26
-37.28
4.05
1768846394
-245
-77.57
56.90
-37.21
4.04
1768846394
-255
-78.01
57.27
-37.85
4.04