1768846394
-255
-92.92
51.57
-38.99
3.88
1768846394
-245
-85.76
47.66
-36.12
3.90
1768846394
-235
-85.75
47.97
-36.05
3.92
1768846394
-225
-85.83
47.68
-35.90
3.93
1768846394
-215
-85.66
47.30
-34.86
3.94
1768846394
-205
-85.77
47.48
-34.43
3.95
1768846394
-195
-85.19
47.42
-34.86
3.95
1768846394
-185
-83.93
47.70
-34.54
3.95
1768846394
-175
-83.15
47.64
-34.93
3.96
1768846394
-165
-82.62
47.72
-34.98
3.96
1768846394
-155
-82.44
47.83
-33.66
3.97
1768846394
-145
-83.25
47.70
-33.11
3.97
1768846394
-135
-82.84
47.64
-33.37
3.97
1768846394
-125
-82.31
47.85
-33.00
3.98
1768846394
-115
-81.20
48.44
-33.34
3.98
1768846394
-105
-80.42
48.17
-32.71
3.98
1768846394
-95
-80.91
47.89
-32.71
3.98
1768846394
-85
-81.75
48.06
-32.25
3.99
1768846394
-75
-80.84
48.14
-31.98
3.99
1768846394
-65
-80.30
48.13
-31.37
3.99
1768846394
-55
-80.17
48.04
-31.15
3.99
1768846394
-45
-79.58
48.63
-31.43
3.99
1768846394
-35
-79.01
48.95
-31.42
3.99
1768846394
-25
-78.40
48.69
-31.24
4.00
1768846394
-15
-77.85
48.63
-30.89
4.00
1768846394
-5
-77.59
48.61
-30.65
4.00
1768846394
5
-77.44
48.80
-30.78
4.00
1768846394
15
-77.09
49.06
-30.88
4.00
1768846394
25
-76.72
48.95
-30.81
4.00
1768846394
35
-76.52
49.41
-30.72
3.99
1768846394
45
-76.61
49.53
-30.41
4.00
1768846394
55
-75.60
49.62
-30.20
3.99
1768846394
65
-74.76
49.93
-29.83
3.99
1768846394
75
-74.24
49.75
-30.09
3.99
1768846394
85
-73.97
49.91
-29.88
3.99
1768846394
95
-73.73
49.32
-30.34
3.98
1768846394
105
-74.60
49.90
-30.57
3.98
1768846394
115
-74.48
50.15
-29.86
3.98
1768846394
125
-73.65
49.88
-29.84
3.98
1768846394
135
-73.46
50.11
-29.91
3.98
1768846394
145
-72.90
50.61
-29.93
3.97
1768846394
155
-72.51
51.06
-29.99
3.97
1768846394
165
-72.23
51.06
-29.94
3.97
1768846394
175
-71.71
51.56
-30.56
3.97
1768846394
185
-71.20
51.67
-30.55
3.96
1768846394
195
-70.24
52.06
-30.28
3.96
1768846394
205
-70.17
52.22
-29.83
3.96
1768846394
215
-69.80
52.26
-29.78
3.96
1768846394
225
-69.28
52.79
-30.05
3.95
1768846394
235
-68.85
52.29
-30.22
3.95
1768846394
245
-68.62
52.43
-30.60
3.95
1768846394
255
-68.07
52.49
-30.60
3.94