1768846394
255
-66.45
68.29
-34.55
3.99
1768846394
245
-58.68
62.22
-31.10
4.02
1768846394
235
-59.05
62.17
-30.88
4.03
1768846394
225
-58.69
61.85
-30.49
4.04
1768846394
215
-59.53
62.01
-31.04
4.04
1768846394
205
-59.80
60.95
-31.35
4.04
1768846394
195
-60.41
60.17
-30.91
4.03
1768846394
185
-61.12
60.33
-31.06
4.01
1768846394
175
-61.82
60.29
-31.19
4.01
1768846394
165
-62.37
60.63
-30.63
4.03
1768846394
155
-61.96
60.90
-30.48
4.04
1768846394
145
-61.91
60.30
-30.24
4.05
1768846394
135
-61.83
60.63
-30.78
4.06
1768846394
125
-62.36
60.23
-30.35
4.07
1768846394
115
-62.65
60.22
-30.63
4.07
1768846394
105
-62.84
60.00
-30.31
4.08
1768846394
95
-63.43
59.78
-30.44
4.08
1768846394
85
-63.84
59.75
-30.56
4.09
1768846394
75
-64.61
58.95
-30.58
4.09
1768846394
65
-65.27
58.66
-30.69
4.09
1768846394
55
-65.76
58.41
-31.10
4.10
1768846394
45
-66.19
58.64
-31.43
4.10
1768846394
35
-66.08
58.36
-31.66
4.10
1768846394
25
-66.36
58.41
-31.29
4.10
1768846394
15
-66.80
58.77
-31.90
4.10
1768846394
5
-67.36
58.42
-32.10
4.10
1768846394
-5
-67.47
58.15
-32.17
4.10
1768846394
-15
-67.46
58.09
-32.23
4.10
1768846394
-25
-67.85
58.08
-32.65
4.10
1768846394
-35
-67.79
57.03
-32.35
4.08
1768846394
-45
-68.82
56.93
-32.56
4.06
1768846394
-55
-69.71
56.97
-32.88
4.04
1768846394
-65
-70.40
56.96
-32.86
4.04
1768846394
-75
-71.45
58.12
-33.62
4.06
1768846394
-85
-71.63
58.04
-33.19
4.07
1768846394
-95
-71.51
57.93
-33.60
4.07
1768846394
-105
-72.12
57.72
-33.88
4.08
1768846394
-115
-72.50
57.52
-34.22
4.08
1768846394
-125
-72.22
57.21
-34.69
4.08
1768846394
-135
-72.39
57.44
-35.27
4.08
1768846394
-145
-72.41
57.03
-35.26
4.07
1768846394
-155
-72.76
56.89
-35.14
4.07
1768846394
-165
-73.22
56.94
-35.52
4.07
1768846394
-175
-74.12
56.85
-35.47
4.07
1768846394
-185
-74.44
56.97
-35.98
4.06
1768846394
-195
-75.50
56.75
-36.11
4.06
1768846394
-205
-75.48
56.75
-36.30
4.06
1768846394
-215
-75.67
56.62
-36.87
4.06
1768846394
-225
-76.17
56.33
-36.98
4.05
1768846394
-235
-76.60
56.20
-37.20
4.05
1768846394
-245
-76.98
56.20
-37.77
4.05
1768846394
-255
-77.33
56.21
-37.63
4.04