1768846394
-255
-90.77
52.05
-41.69
3.44
1768846394
-245
-83.43
46.72
-38.21
4.16
1768846394
-235
-84.24
48.48
-38.04
4.19
1768846394
-225
-84.51
49.55
-37.71
3.99
1768846394
-215
-84.26
49.81
-37.72
3.64
1768846394
-205
-84.25
49.71
-37.26
3.99
1768846394
-195
-83.10
47.27
-37.53
3.58
1768846394
-185
-82.59
47.65
-36.87
4.33
1768846394
-175
-82.02
47.48
-36.70
4.29
1768846394
-165
-82.39
49.58
-36.24
3.43
1768846394
-155
-82.26
50.12
-36.26
4.22
1768846394
-145
-83.09
50.15
-35.78
3.47
1768846394
-135
-81.16
48.39
-35.46
4.31
1768846394
-125
-80.22
47.78
-36.18
4.28
1768846394
-115
-81.37
48.22
-35.63
4.36
1768846394
-105
-81.08
49.05
-34.98
3.50
1768846394
-95
-80.53
50.78
-35.07
3.67
1768846394
-85
-81.25
50.83
-34.83
3.71
1768846394
-75
-81.02
49.82
-34.83
3.46
1768846394
-65
-79.53
48.15
-34.71
3.67
1768846394
-55
-78.96
48.33
-34.37
4.03
1768846394
-45
-79.35
48.43
-34.82
3.86
1768846394
-35
-80.20
50.39
-34.01
4.13
1768846394
-25
-79.23
50.71
-33.74
3.58
1768846394
-15
-79.14
50.66
-33.97
4.21
1768846394
-5
-77.98
48.83
-34.36
3.45
1768846394
5
-77.62
48.43
-34.79
3.45
1768846394
15
-77.17
48.60
-33.85
4.20
1768846394
25
-77.35
49.53
-33.62
3.45
1768846394
35
-77.58
51.25
-33.13
3.48
1768846394
45
-77.34
51.17
-33.02
3.63
1768846394
55
-77.43
50.89
-33.03
3.46
1768846394
65
-75.76
49.17
-33.51
3.46
1768846394
75
-75.35
49.15
-33.37
4.10
1768846394
85
-75.51
49.10
-33.71
3.46
1768846394
95
-76.92
51.54
-33.20
3.48
1768846394
105
-76.87
51.53
-33.61
4.17
1768846394
115
-76.13
51.18
-33.29
3.65
1768846394
125
-74.12
50.24
-33.05
4.28
1768846394
135
-74.37
49.66
-33.48
3.45
1768846394
145
-73.63
49.50
-33.07
4.22
1768846394
155
-73.47
51.13
-32.77
3.92
1768846394
165
-74.18
52.40
-32.76
3.82
1768846394
175
-73.56
51.91
-32.84
3.63
1768846394
185
-73.17
52.18
-32.20
3.44
1768846394
195
-72.74
49.85
-32.65
3.64
1768846394
205
-72.56
49.82
-32.75
3.45
1768846394
215
-71.25
50.55
-32.46
3.94
1768846394
225
-72.71
52.99
-32.99
3.77
1768846394
235
-72.62
52.86
-32.93
3.83
1768846394
245
-72.62
52.91
-32.38
3.45
1768846394
255
-71.56
51.78
-32.94
3.50