1768846394
-255
-90.54
50.94
-41.93
4.05
1768846394
-245
-83.97
46.10
-38.32
4.15
1768846394
-235
-84.49
48.18
-38.02
4.36
1768846394
-225
-84.49
48.54
-38.05
3.52
1768846394
-215
-84.15
48.64
-37.69
4.01
1768846394
-205
-83.76
48.90
-37.51
3.89
1768846394
-195
-83.30
49.09
-37.19
3.81
1768846394
-185
-81.89
47.04
-37.39
4.09
1768846394
-175
-82.44
46.57
-36.72
3.79
1768846394
-165
-82.44
48.03
-36.19
3.47
1768846394
-155
-82.37
48.62
-35.78
3.46
1768846394
-145
-81.75
48.94
-35.91
3.86
1768846394
-135
-81.60
48.96
-36.54
3.36
1768846394
-125
-81.23
49.87
-36.51
3.68
1768846394
-115
-80.30
47.92
-36.38
3.57
1768846394
-105
-80.19
47.85
-36.30
4.31
1768846394
-95
-80.58
48.33
-35.28
3.88
1768846394
-85
-81.55
49.89
-34.77
3.37
1768846394
-75
-80.16
49.75
-35.28
4.17
1768846394
-65
-80.43
49.89
-34.98
3.97
1768846394
-55
-79.72
49.66
-35.00
4.02
1768846394
-45
-78.94
48.16
-34.90
3.99
1768846394
-35
-78.71
47.95
-34.90
3.83
1768846394
-25
-78.59
48.94
-34.49
3.66
1768846394
-15
-79.06
50.15
-34.47
3.95
1768846394
-5
-78.68
50.39
-33.97
3.42
1768846394
5
-78.65
50.59
-33.99
3.82
1768846394
15
-77.57
49.17
-33.95
3.84
1768846394
25
-76.76
48.57
-34.26
3.38
1768846394
35
-75.96
48.51
-34.37
3.47
1768846394
45
-77.34
51.18
-33.62
4.62
1768846394
55
-76.96
51.04
-34.14
4.27
1768846394
65
-77.20
50.80
-34.12
3.42
1768846394
75
-76.80
51.18
-34.02
3.44
1768846394
85
-75.47
49.00
-33.85
3.49
1768846394
95
-74.97
48.86
-33.85
4.23
1768846394
105
-74.50
50.03
-32.77
3.49
1768846394
115
-74.90
51.51
-33.25
3.56
1768846394
125
-76.38
51.19
-34.04
4.07
1768846394
135
-75.26
51.37
-33.44
4.00
1768846394
145
-74.66
51.94
-33.68
3.41
1768846394
155
-73.35
49.65
-33.71
3.40
1768846394
165
-72.74
49.41
-33.12
4.22
1768846394
175
-72.74
51.58
-32.69
4.24
1768846394
185
-72.90
52.21
-32.86
3.40
1768846394
195
-73.26
52.19
-32.95
3.40
1768846394
205
-72.97
52.14
-33.29
3.39
1768846394
215
-72.52
52.14
-33.60
3.98
1768846394
225
-71.49
51.56
-33.55
4.17
1768846394
235
-71.07
50.85
-33.50
3.87
1768846394
245
-70.65
51.25
-32.70
3.99
1768846394
255
-71.00
52.54
-32.85
3.82