---START---
-255.00, 2.10, 176.10, -25.57, -7.07, 115.05, -9.40, 3.98, 
-254.00, 1.45, 165.14, -20.65, -7.06, 114.81, -9.42, 3.97, 
-253.00, 1.47, 164.67, -20.84, -7.05, 114.57, -9.43, 3.97, 
-252.00, 1.54, 164.55, -20.34, -7.05, 114.33, -9.45, 3.97, 
-251.00, 1.65, 164.21, -20.36, -7.04, 114.08, -9.46, 3.97, 
-250.00, 1.28, 164.06, -19.99, -7.03, 113.84, -9.48, 3.97, 
-249.00, 0.95, 163.69, -20.11, -7.02, 113.60, -9.49, 3.97, 
-248.00, 1.15, 163.54, -20.10, -7.02, 113.36, -9.51, 3.96, 
-247.00, 1.05, 163.32, -20.17, -7.01, 113.11, -9.53, 3.97, 
-246.00, 1.04, 163.46, -20.39, -7.00, 112.87, -9.54, 3.97, 
-245.00, 1.06, 162.79, -20.34, -6.99, 112.63, -9.56, 3.97, 
-244.00, 1.07, 162.75, -20.32, -6.99, 112.38, -9.57, 3.97, 
-243.00, 1.12, 162.45, -20.00, -6.98, 112.14, -9.59, 3.97, 
-242.00, 0.61, 161.98, -20.33, -6.97, 111.90, -9.61, 3.97, 
-241.00, 1.12, 161.78, -20.53, -6.96, 111.65, -9.62, 3.97, 
-240.00, 1.16, 160.99, -20.58, -6.96, 111.41, -9.64, 3.97, 
-239.00, 1.23, 161.15, -20.35, -6.95, 111.17, -9.65, 3.97, 
-238.00, 0.79, 160.56, -20.64, -6.94, 110.92, -9.67, 3.97, 
-237.00, 1.14, 160.39, -20.27, -6.93, 110.68, -9.69, 3.97, 
-236.00, 0.97, 159.88, -20.50, -6.93, 110.43, -9.70, 3.97, 
-235.00, 0.99, 159.69, -20.67, -6.92, 110.19, -9.72, 3.96, 
-234.00, 0.91, 159.93, -20.47, -6.91, 109.94, -9.73, 3.97, 
-233.00, 1.37, 159.50, -20.45, -6.90, 109.70, -9.75, 3.97, 
-232.00, 0.79, 159.54, -20.47, -6.90, 109.45, -9.77, 3.97, 
-231.00, 1.03, 159.24, -19.97, -6.89, 109.21, -9.78, 3.97, 
-230.00, 1.05, 159.33, -20.19, -6.88, 108.96, -9.80, 3.97, 
-229.00, 1.06, 159.33, -20.46, -6.87, 108.72, -9.82, 3.98, 
-228.00, 1.11, 158.51, -19.74, -6.87, 108.47, -9.83, 3.98, 
-227.00, 1.15, 158.63, -20.31, -6.86, 108.22, -9.85, 3.96, 
-226.00, 0.83, 157.76, -20.36, -6.85, 107.98, -9.86, 3.98, 
-225.00, 0.83, 158.27, -20.60, -6.84, 107.73, -9.88, 3.98, 
-224.00, 0.98, 157.60, -20.64, -6.84, 107.49, -9.90, 3.98, 
-223.00, 1.03, 156.45, -20.92, -6.83, 107.24, -9.91, 3.98, 
-222.00, 1.09, 156.97, -20.61, -6.82, 106.99, -9.93, 3.98, 
-221.00, 0.86, 156.54, -20.32, -6.81, 106.75, -9.95, 3.98, 
-220.00, 1.22, 156.24, -20.44, -6.81, 106.50, -9.96, 3.98, 
-219.00, 0.95, 155.55, -20.77, -6.80, 106.25, -9.98, 3.98, 
-218.00, 0.85, 156.09, -20.43, -6.79, 106.00, -9.99, 3.98, 
-217.00, 0.76, 155.74, -20.63, -6.78, 105.76, -10.01, 3.98, 
-216.00, 0.97, 155.91, -20.36, -6.77, 105.51, -10.03, 3.98, 
-215.00, 0.96, 155.28, -20.60, -6.77, 105.26, -10.04, 3.97, 
-214.00, 1.03, 154.93, -21.01, -6.76, 105.01, -10.06, 3.98, 
-213.00, 0.98, 154.97, -20.69, -6.75, 104.77, -10.08, 3.98, 
-212.00, 0.96, 154.60, -20.55, -6.74, 104.52, -10.09, 3.98, 
-211.00, 0.97, 155.24, -21.22, -6.74, 104.27, -10.11, 3.98, 
-210.00, 0.97, 154.18, -20.91, -6.73, 104.02, -10.13, 3.98, 
-209.00, 0.78, 153.76, -20.98, -6.72, 103.77, -10.14, 3.98, 
-208.00, 0.50, 153.24, -21.00, -6.71, 103.53, -10.16, 3.98, 
-207.00, 0.52, 152.58, -21.15, -6.71, 103.28, -10.17, 3.97, 
-206.00, 0.61, 152.69, -20.82, -6.70, 103.03, -10.19, 3.98, 
-205.00, 0.95, 152.50, -20.84, -6.69, 102.78, -10.21, 3.98, 
-204.00, 0.76, 153.08, -21.23, -6.68, 102.53, -10.22, 3.98, 
-203.00, 0.61, 152.82, -20.61, -6.67, 102.28, -10.24, 3.98, 
-202.00, 0.68, 151.78, -20.72, -6.67, 102.03, -10.26, 3.98, 
-201.00, 1.16, 152.65, -20.90, -6.66, 101.78, -10.27, 3.99, 
-200.00, 1.15, 151.31, -20.97, -6.65, 101.53, -10.29, 3.99, 
-199.00, 0.96, 152.47, -20.42, -6.64, 101.28, -10.31, 3.99, 
-198.00, 1.15, 152.53, -20.77, -6.63, 101.03, -10.32, 3.99, 
-197.00, 0.78, 151.44, -21.23, -6.63, 100.78, -10.34, 3.99, 
-196.00, 0.90, 151.98, -20.71, -6.62, 100.53, -10.36, 3.98, 
-195.00, 0.84, 150.13, -21.23, -6.61, 100.28, -10.37, 3.99, 
-194.00, 1.08, 150.85, -21.31, -6.60, 100.03, -10.39, 3.99, 
-193.00, 0.69, 149.33, -20.99, -6.60, 99.78, -10.41, 3.99, 
-192.00, 0.90, 149.94, -21.38, -6.59, 99.53, -10.42, 3.99, 
-191.00, 1.13, 149.33, -20.88, -6.58, 99.28, -10.44, 3.98, 
-190.00, 1.25, 148.91, -20.58, -6.57, 99.03, -10.46, 3.99, 
-189.00, 0.80, 150.28, -21.13, -6.56, 98.78, -10.47, 3.99, 
-188.00, 0.83, 148.54, -20.89, -6.56, 98.53, -10.49, 3.99, 
-187.00, 0.76, 149.79, -20.92, -6.55, 98.28, -10.51, 3.99, 
-186.00, 1.22, 148.82, -21.11, -6.54, 98.02, -10.52, 3.99, 
-185.00, 1.06, 148.38, -21.50, -6.53, 97.77, -10.54, 3.99, 
-184.00, 0.80, 149.03, -21.20, -6.52, 97.52, -10.56, 3.98, 
-183.00, 1.13, 147.65, -20.96, -6.52, 97.27, -10.57, 3.98, 
-182.00, 1.37, 147.62, -20.99, -6.51, 97.02, -10.59, 3.99, 
-181.00, 0.85, 147.50, -20.93, -6.50, 96.77, -10.61, 3.99, 
-180.00, 0.63, 145.53, -21.35, -6.49, 96.51, -10.62, 3.99, 
-179.00, 0.65, 147.30, -21.14, -6.48, 96.26, -10.64, 3.99, 
-178.00, 1.06, 145.96, -20.53, -6.48, 96.01, -10.66, 3.99, 
-177.00, 0.73, 145.53, -21.10, -6.47, 95.76, -10.67, 3.99, 
-176.00, 0.94, 145.05, -21.23, -6.46, 95.50, -10.69, 3.98, 
-175.00, 0.47, 144.90, -20.90, -6.45, 95.25, -10.71, 3.98, 
-174.00, 0.24, 146.69, -21.38, -6.44, 95.00, -10.73, 3.99, 
-173.00, 0.70, 145.05, -21.31, -6.44, 94.75, -10.74, 3.99, 
-172.00, 0.95, 146.23, -21.35, -6.43, 94.49, -10.76, 3.99, 
-171.00, 1.07, 144.41, -20.94, -6.42, 94.24, -10.78, 3.99, 
-170.00, 1.30, 143.61, -20.89, -6.41, 93.99, -10.79, 3.99, 
-169.00, 1.51, 144.67, -21.09, -6.40, 93.73, -10.81, 3.99, 
-168.00, 1.31, 142.72, -21.11, -6.39, 93.48, -10.83, 4.00, 
-167.00, 1.20, 144.46, -21.30, -6.39, 93.23, -10.84, 4.00, 
-166.00, 1.27, 142.26, -21.28, -6.38, 92.97, -10.86, 4.00, 
-165.00, 1.42, 144.62, -21.70, -6.37, 92.72, -10.88, 4.00, 
-164.00, 1.46, 142.70, -21.63, -6.36, 92.47, -10.90, 4.00, 
-163.00, 1.31, 142.88, -21.96, -6.35, 92.21, -10.91, 3.99, 
-162.00, 1.53, 142.83, -21.86, -6.35, 91.96, -10.93, 3.99, 
-161.00, 1.49, 141.88, -21.63, -6.34, 91.70, -10.95, 3.99, 
-160.00, 1.58, 143.35, -21.67, -6.33, 91.45, -10.96, 3.99, 
-159.00, 1.60, 141.41, -22.52, -6.32, 91.19, -10.98, 4.00, 
-158.00, 1.51, 142.97, -21.82, -6.31, 90.94, -11.00, 4.00, 
-157.00, 1.55, 141.31, -21.98, -6.30, 90.69, -11.01, 4.00, 
-156.00, 1.34, 141.77, -21.82, -6.30, 90.43, -11.03, 3.99, 
-155.00, 1.41, 141.70, -21.41, -6.29, 90.18, -11.05, 3.99, 
-154.00, 1.32, 140.62, -21.84, -6.28, 89.92, -11.07, 3.99, 
-153.00, 1.17, 141.56, -22.18, -6.27, 89.67, -11.08, 3.99, 
-152.00, 1.13, 139.55, -22.37, -6.26, 89.41, -11.10, 4.00, 
-151.00, 1.26, 141.33, -23.15, -6.26, 89.16, -11.12, 4.00, 
-150.00, 1.41, 139.60, -22.11, -6.25, 88.90, -11.13, 4.00, 
-149.00, 1.34, 140.38, -22.34, -6.24, 88.64, -11.15, 4.00, 
-148.00, 1.39, 139.92, -21.81, -6.23, 88.39, -11.17, 4.00, 
-147.00, 1.73, 138.71, -21.92, -6.22, 88.13, -11.19, 3.99, 
-146.00, 1.51, 140.20, -21.90, -6.21, 87.88, -11.20, 3.99, 
-145.00, 1.62, 137.90, -22.16, -6.21, 87.62, -11.22, 3.99, 
-144.00, 1.51, 139.20, -22.09, -6.20, 87.37, -11.24, 3.99, 
-143.00, 1.31, 137.32, -22.26, -6.19, 87.11, -11.26, 4.00, 
-142.00, 1.34, 137.10, -22.51, -6.18, 86.85, -11.27, 4.00, 
-141.00, 1.58, 137.54, -22.40, -6.17, 86.60, -11.29, 4.00, 
-140.00, 1.41, 136.16, -22.41, -6.16, 86.34, -11.31, 4.00, 
-139.00, 1.26, 137.45, -21.57, -6.16, 86.08, -11.32, 3.99, 
-138.00, 1.66, 135.63, -21.51, -6.15, 85.83, -11.34, 3.99, 
-137.00, 1.84, 136.66, -21.86, -6.14, 85.57, -11.36, 3.99, 
-136.00, 1.79, 136.28, -21.51, -6.13, 85.31, -11.38, 4.00, 
-135.00, 1.46, 136.06, -21.65, -6.12, 85.06, -11.39, 4.00, 
-134.00, 1.72, 137.10, -21.64, -6.11, 84.80, -11.41, 4.00, 
-133.00, 1.74, 135.68, -21.49, -6.11, 84.54, -11.43, 4.01, 
-132.00, 1.62, 136.10, -21.82, -6.10, 84.29, -11.45, 4.00, 
-131.00, 1.72, 134.41, -21.92, -6.09, 84.03, -11.46, 4.00, 
-130.00, 1.75, 135.04, -22.02, -6.08, 83.77, -11.48, 4.00, 
-129.00, 1.80, 135.05, -22.46, -6.07, 83.51, -11.50, 4.00, 
-128.00, 1.51, 133.86, -22.15, -6.06, 83.26, -11.52, 4.00, 
-127.00, 1.75, 134.81, -21.79, -6.06, 83.00, -11.53, 4.01, 
-126.00, 1.81, 132.68, -21.75, -6.05, 82.74, -11.55, 4.00, 
-125.00, 1.77, 134.00, -21.82, -6.04, 82.48, -11.57, 4.00, 
-124.00, 1.53, 132.89, -21.68, -6.03, 82.23, -11.59, 4.00, 
-123.00, 1.51, 133.62, -22.10, -6.02, 81.97, -11.60, 4.01, 
-122.00, 1.59, 133.91, -22.72, -6.01, 81.71, -11.62, 4.00, 
-121.00, 1.37, 131.77, -22.72, -6.01, 81.45, -11.64, 4.00, 
-120.00, 1.33, 132.93, -22.18, -6.00, 81.19, -11.66, 4.00, 
-119.00, 1.44, 130.39, -22.84, -5.99, 80.94, -11.67, 4.01, 
-118.00, 1.47, 131.75, -23.22, -5.98, 80.68, -11.69, 4.00, 
-117.00, 1.51, 130.99, -22.83, -5.97, 80.42, -11.71, 4.00, 
-116.00, 1.51, 130.74, -23.03, -5.96, 80.16, -11.73, 4.00, 
-115.00, 1.32, 132.48, -22.62, -5.95, 79.90, -11.74, 4.01, 
-114.00, 1.49, 131.17, -22.79, -5.95, 79.64, -11.76, 4.01, 
-113.00, 1.57, 131.17, -22.98, -5.94, 79.38, -11.78, 4.00, 
-112.00, 1.72, 130.48, -22.34, -5.93, 79.13, -11.80, 4.00, 
-111.00, 1.80, 129.42, -22.99, -5.92, 78.87, -11.82, 4.00, 
-110.00, 1.74, 130.46, -23.03, -5.91, 78.61, -11.83, 4.01, 
-109.00, 1.62, 129.64, -22.60, -5.90, 78.35, -11.85, 4.01, 
-108.00, 1.46, 130.24, -22.89, -5.90, 78.09, -11.87, 4.00, 
-107.00, 1.46, 130.81, -22.86, -5.89, 77.83, -11.89, 4.00, 
-106.00, 1.56, 129.04, -23.31, -5.88, 77.57, -11.90, 4.01, 
-105.00, 1.51, 129.72, -23.91, -5.87, 77.31, -11.92, 4.01, 
-104.00, 1.49, 127.02, -23.07, -5.86, 77.05, -11.94, 4.00, 
-103.00, 1.56, 128.58, -23.14, -5.85, 76.79, -11.96, 4.00, 
-102.00, 1.71, 127.86, -22.93, -5.84, 76.53, -11.98, 4.01, 
-101.00, 1.73, 128.33, -22.89, -5.84, 76.27, -11.99, 4.01, 
-100.00, 2.06, 128.78, -23.20, -5.83, 76.01, -12.01, 4.00, 
-99.00, 1.85, 126.93, -22.99, -5.82, 75.75, -12.03, 4.00, 
-98.00, 1.51, 127.30, -23.20, -5.81, 75.49, -12.05, 4.01, 
-97.00, 1.52, 126.66, -23.27, -5.80, 75.23, -12.06, 4.00, 
-96.00, 1.94, 126.63, -23.35, -5.79, 74.97, -12.08, 4.01, 
-95.00, 1.89, 127.11, -22.84, -5.78, 74.71, -12.10, 4.01, 
-94.00, 1.90, 125.95, -22.73, -5.78, 74.45, -12.12, 4.01, 
-93.00, 2.00, 126.82, -22.93, -5.77, 74.19, -12.14, 4.01, 
-92.00, 1.79, 124.40, -23.15, -5.76, 73.93, -12.15, 4.01, 
-91.00, 1.71, 126.03, -22.81, -5.75, 73.67, -12.17, 4.01, 
-90.00, 1.44, 124.68, -22.84, -5.74, 73.41, -12.19, 4.01, 
-89.00, 1.66, 125.87, -23.03, -5.73, 73.15, -12.21, 4.01, 
-88.00, 1.80, 125.19, -22.81, -5.72, 72.89, -12.23, 4.01, 
-87.00, 1.39, 123.36, -22.91, -5.72, 72.63, -12.24, 4.01, 
-86.00, 1.56, 124.88, -22.84, -5.71, 72.37, -12.26, 4.01, 
-85.00, 1.58, 123.11, -22.91, -5.70, 72.11, -12.28, 4.01, 
-84.00, 1.35, 124.96, -23.04, -5.69, 71.85, -12.30, 4.01, 
-83.00, 1.41, 123.39, -22.85, -5.68, 71.59, -12.32, 4.01, 
-82.00, 1.44, 124.29, -22.82, -5.67, 71.33, -12.33, 4.01, 
-81.00, 1.77, 122.46, -23.02, -5.66, 71.06, -12.35, 4.01, 
-80.00, 1.81, 122.25, -22.89, -5.66, 70.80, -12.37, 4.01, 
-79.00, 1.97, 122.81, -22.98, -5.65, 70.54, -12.39, 4.01, 
-78.00, 1.79, 121.39, -23.97, -5.64, 70.28, -12.41, 4.01, 
-77.00, 1.98, 123.13, -23.21, -5.63, 70.02, -12.42, 4.02, 
-76.00, 1.62, 120.66, -23.10, -5.62, 69.76, -12.44, 4.01, 
-75.00, 1.46, 121.80, -23.27, -5.61, 69.50, -12.46, 4.01, 
-74.00, 1.64, 121.30, -23.06, -5.60, 69.23, -12.48, 4.02, 
-73.00, 1.27, 121.05, -23.50, -5.59, 68.97, -12.50, 4.01, 
-72.00, 1.40, 121.73, -22.79, -5.59, 68.71, -12.51, 4.01, 
-71.00, 1.42, 120.39, -23.37, -5.58, 68.45, -12.53, 4.01, 
-70.00, 1.27, 120.55, -23.36, -5.57, 68.19, -12.55, 4.01, 
-69.00, 1.97, 119.34, -22.92, -5.56, 67.93, -12.57, 4.01, 
-68.00, 1.60, 120.34, -23.56, -5.55, 67.66, -12.59, 4.01, 
-67.00, 1.55, 119.25, -23.43, -5.54, 67.40, -12.61, 4.01, 
-66.00, 1.76, 120.01, -23.62, -5.53, 67.14, -12.62, 4.01, 
-65.00, 1.64, 119.80, -23.51, -5.53, 66.88, -12.64, 4.01, 
-64.00, 1.60, 117.97, -24.09, -5.52, 66.62, -12.66, 4.01, 
-63.00, 1.82, 119.29, -23.97, -5.51, 66.35, -12.68, 4.02, 
-62.00, 1.71, 117.70, -23.57, -5.50, 66.09, -12.70, 4.01, 
-61.00, 1.66, 118.49, -23.72, -5.49, 65.83, -12.72, 4.01, 
-60.00, 1.61, 117.55, -23.67, -5.48, 65.57, -12.73, 4.02, 
-59.00, 1.57, 117.00, -23.45, -5.47, 65.30, -12.75, 4.01, 
-58.00, 1.86, 118.05, -23.70, -5.46, 65.04, -12.77, 4.02, 
-57.00, 1.75, 116.48, -24.37, -5.46, 64.78, -12.79, 4.01, 
-56.00, 1.85, 116.96, -24.00, -5.45, 64.52, -12.81, 4.02, 
-55.00, 1.92, 116.14, -24.04, -5.44, 64.25, -12.83, 4.01, 
-54.00, 2.11, 116.86, -24.16, -5.43, 63.99, -12.84, 4.02, 
-53.00, 2.14, 115.88, -23.97, -5.42, 63.73, -12.86, 4.01, 
-52.00, 1.98, 115.43, -24.50, -5.41, 63.47, -12.88, 4.02, 
-51.00, 1.92, 116.62, -24.24, -5.40, 63.20, -12.90, 4.01, 
-50.00, 1.65, 114.99, -23.97, -5.39, 62.94, -12.92, 4.01, 
-49.00, 1.83, 115.26, -24.16, -5.39, 62.68, -12.94, 4.01, 
-48.00, 1.50, 114.14, -24.14, -5.38, 62.42, -12.95, 4.01, 
-47.00, 1.63, 114.95, -24.47, -5.37, 62.15, -12.97, 4.01, 
-46.00, 1.70, 115.08, -24.40, -5.36, 61.89, -12.99, 4.01, 
-45.00, 1.35, 113.64, -24.21, -5.35, 61.63, -13.01, 4.02, 
-44.00, 1.44, 114.00, -24.35, -5.34, 61.36, -13.03, 4.01, 
-43.00, 1.82, 113.16, -24.36, -5.33, 61.10, -13.05, 4.01, 
-42.00, 1.73, 113.43, -24.60, -5.32, 60.84, -13.07, 4.01, 
-41.00, 1.58, 113.26, -24.48, -5.32, 60.57, -13.08, 4.02, 
-40.00, 1.81, 112.93, -24.56, -5.31, 60.31, -13.10, 4.01, 
-39.00, 1.64, 113.16, -24.46, -5.30, 60.05, -13.12, 4.01, 
-38.00, 1.87, 112.36, -24.42, -5.29, 59.78, -13.14, 4.01, 
-37.00, 1.89, 112.05, -24.92, -5.28, 59.52, -13.16, 4.01, 
-36.00, 1.77, 112.75, -24.08, -5.27, 59.26, -13.18, 4.02, 
-35.00, 1.76, 111.80, -23.98, -5.26, 58.99, -13.20, 4.01, 
-34.00, 1.84, 112.17, -23.80, -5.25, 58.73, -13.21, 4.02, 
-33.00, 1.83, 111.81, -23.99, -5.25, 58.47, -13.23, 4.02, 
-32.00, 1.37, 110.83, -24.09, -5.24, 58.20, -13.25, 4.02, 
-31.00, 1.84, 111.29, -24.57, -5.23, 57.94, -13.27, 4.01, 
-30.00, 1.57, 110.89, -24.55, -5.22, 57.68, -13.29, 4.02, 
-29.00, 1.73, 110.87, -24.57, -5.21, 57.41, -13.31, 4.02, 
-28.00, 2.04, 109.52, -24.28, -5.20, 57.15, -13.33, 4.02, 
-27.00, 1.91, 110.16, -24.52, -5.19, 56.88, -13.35, 4.02, 
-26.00, 1.89, 109.97, -24.95, -5.18, 56.62, -13.36, 4.02, 
-25.00, 2.03, 108.86, -24.72, -5.18, 56.36, -13.38, 4.02, 
-24.00, 1.86, 108.90, -24.79, -5.17, 56.09, -13.40, 4.02, 
-23.00, 1.94, 108.58, -25.18, -5.16, 55.83, -13.42, 4.02, 
-22.00, 2.07, 108.66, -24.94, -5.15, 55.57, -13.44, 4.02, 
-21.00, 1.66, 107.85, -24.57, -5.14, 55.30, -13.46, 4.02, 
-20.00, 1.76, 108.07, -24.70, -5.13, 55.04, -13.48, 4.02, 
-19.00, 1.83, 108.24, -24.49, -5.12, 54.77, -13.50, 4.02, 
-18.00, 1.68, 107.45, -24.25, -5.11, 54.51, -13.51, 4.02, 
-17.00, 2.05, 107.88, -24.18, -5.10, 54.25, -13.53, 4.02, 
-16.00, 2.10, 107.20, -24.41, -5.10, 53.98, -13.55, 4.02, 
-15.00, 1.97, 107.06, -24.28, -5.09, 53.72, -13.57, 4.02, 
-14.00, 1.91, 106.82, -24.10, -5.08, 53.45, -13.59, 4.02, 
-13.00, 2.24, 106.39, -24.43, -5.07, 53.19, -13.61, 4.02, 
-12.00, 1.86, 106.38, -24.60, -5.06, 52.92, -13.63, 4.02, 
-11.00, 1.98, 105.71, -24.60, -5.05, 52.66, -13.65, 4.02, 
-10.00, 2.11, 105.61, -25.17, -5.04, 52.40, -13.67, 4.02, 
-9.00, 2.28, 105.44, -24.79, -5.03, 52.13, -13.68, 4.02, 
-8.00, 1.82, 104.91, -24.80, -5.03, 51.87, -13.70, 4.02, 
-7.00, 1.84, 104.74, -25.07, -5.02, 51.60, -13.72, 4.02, 
-6.00, 1.88, 104.25, -24.71, -5.01, 51.34, -13.74, 4.02, 
-5.00, 2.24, 104.42, -24.73, -5.00, 51.07, -13.76, 4.02, 
-4.00, 2.19, 104.02, -24.48, -4.99, 50.81, -13.78, 4.02, 
-3.00, 1.63, 103.93, -24.89, -4.98, 50.55, -13.80, 4.02, 
-2.00, 1.91, 103.87, -24.62, -4.97, 50.28, -13.82, 4.02, 
-1.00, 2.22, 103.34, -24.77, -4.96, 50.02, -13.84, 4.02, 
0.00, 2.13, 102.97, -25.06, -4.95, 49.75, -13.86, 4.02, 
1.00, 2.14, 103.02, -24.56, -4.95, 49.49, -13.87, 4.02, 
2.00, 2.08, 102.57, -24.11, -4.94, 49.22, -13.89, 4.02, 
3.00, 2.01, 102.41, -24.75, -4.93, 48.96, -13.91, 4.02, 
4.00, 2.14, 102.26, -24.79, -4.92, 48.69, -13.93, 4.02, 
5.00, 2.27, 102.13, -24.79, -4.91, 48.43, -13.95, 4.02, 
6.00, 2.63, 101.82, -25.19, -4.90, 48.16, -13.97, 4.02, 
7.00, 2.32, 101.45, -24.85, -4.89, 47.90, -13.99, 4.02, 
8.00, 2.19, 101.17, -24.97, -4.88, 47.63, -14.01, 4.02, 
9.00, 2.29, 101.06, -24.65, -4.88, 47.37, -14.03, 4.02, 
10.00, 2.27, 100.61, -24.95, -4.87, 47.11, -14.05, 4.02, 
11.00, 2.42, 100.67, -24.95, -4.86, 46.84, -14.07, 4.02, 
12.00, 2.40, 100.06, -25.13, -4.85, 46.58, -14.09, 4.02, 
13.00, 2.32, 99.82, -25.29, -4.84, 46.31, -14.10, 4.02, 
14.00, 2.40, 99.43, -25.74, -4.83, 46.05, -14.12, 4.02, 
15.00, 2.60, 99.37, -25.78, -4.82, 45.78, -14.14, 4.02, 
16.00, 2.41, 98.75, -25.59, -4.81, 45.52, -14.16, 4.02, 
17.00, 2.44, 98.67, -25.00, -4.80, 45.25, -14.18, 4.02, 
18.00, 2.62, 98.59, -25.21, -4.80, 44.99, -14.20, 4.02, 
19.00, 2.48, 97.92, -25.22, -4.79, 44.72, -14.22, 4.02, 
20.00, 2.44, 98.68, -25.14, -4.78, 44.46, -14.24, 4.02, 
21.00, 2.55, 97.97, -25.13, -4.77, 44.19, -14.26, 4.02, 
22.00, 2.53, 97.59, -25.31, -4.76, 43.93, -14.28, 4.02, 
23.00, 2.33, 97.23, -25.53, -4.75, 43.66, -14.30, 4.02, 
24.00, 2.51, 96.92, -25.78, -4.74, 43.40, -14.32, 4.02, 
25.00, 2.55, 96.12, -25.78, -4.73, 43.13, -14.34, 4.02, 
26.00, 2.45, 96.70, -25.30, -4.72, 42.87, -14.36, 4.02, 
27.00, 2.55, 96.09, -25.28, -4.72, 42.60, -14.37, 4.02, 
28.00, 2.31, 95.68, -25.62, -4.71, 42.34, -14.39, 4.02, 
29.00, 2.44, 95.80, -25.00, -4.70, 42.07, -14.41, 4.02, 
30.00, 2.73, 95.60, -24.66, -4.69, 41.81, -14.43, 4.02, 
31.00, 2.94, 95.40, -24.97, -4.68, 41.54, -14.45, 4.02, 
32.00, 2.48, 94.60, -25.24, -4.67, 41.28, -14.47, 4.02, 
33.00, 2.70, 94.12, -25.30, -4.66, 41.02, -14.49, 4.02, 
34.00, 2.52, 94.30, -25.23, -4.65, 40.75, -14.51, 4.02, 
35.00, 2.51, 94.73, -25.26, -4.65, 40.49, -14.53, 4.01, 
36.00, 2.23, 93.61, -25.50, -4.64, 40.22, -14.55, 4.01, 
37.00, 2.87, 94.59, -25.56, -4.63, 39.96, -14.57, 4.02, 
38.00, 2.26, 93.24, -25.32, -4.62, 39.69, -14.59, 4.02, 
39.00, 2.51, 92.94, -25.67, -4.61, 39.43, -14.61, 4.02, 
40.00, 2.78, 93.09, -25.43, -4.60, 39.16, -14.63, 4.01, 
41.00, 2.63, 93.28, -25.64, -4.59, 38.90, -14.65, 4.01, 
42.00, 2.71, 92.35, -25.59, -4.58, 38.63, -14.67, 4.01, 
43.00, 2.52, 92.16, -25.74, -4.57, 38.37, -14.69, 4.02, 
44.00, 2.55, 91.59, -25.02, -4.57, 38.10, -14.71, 4.01, 
45.00, 2.56, 91.70, -25.22, -4.56, 37.84, -14.73, 4.01, 
46.00, 2.83, 91.53, -24.97, -4.55, 37.57, -14.74, 4.01, 
47.00, 2.78, 91.36, -25.25, -4.54, 37.31, -14.76, 4.01, 
48.00, 2.55, 90.55, -24.79, -4.53, 37.04, -14.78, 4.01, 
49.00, 2.82, 90.06, -25.06, -4.52, 36.78, -14.80, 4.02, 
50.00, 2.72, 90.93, -25.11, -4.51, 36.51, -14.82, 4.02, 
51.00, 3.03, 90.18, -25.34, -4.50, 36.25, -14.84, 4.01, 
52.00, 2.73, 90.09, -25.50, -4.50, 35.98, -14.86, 4.01, 
53.00, 2.74, 89.78, -25.56, -4.49, 35.72, -14.88, 4.01, 
54.00, 2.73, 90.37, -25.57, -4.48, 35.45, -14.90, 4.02, 
55.00, 2.53, 89.16, -25.54, -4.47, 35.19, -14.92, 4.02, 
56.00, 2.56, 89.38, -25.34, -4.46, 34.92, -14.94, 4.01, 
57.00, 2.69, 88.98, -25.73, -4.45, 34.66, -14.96, 4.01, 
58.00, 2.40, 88.52, -25.64, -4.44, 34.39, -14.98, 4.01, 
59.00, 2.13, 88.97, -25.49, -4.43, 34.13, -15.00, 4.01, 
60.00, 2.63, 87.45, -25.60, -4.42, 33.87, -15.02, 4.01, 
61.00, 2.51, 88.68, -25.83, -4.42, 33.60, -15.04, 4.01, 
62.00, 2.30, 87.64, -25.64, -4.41, 33.34, -15.06, 4.01, 
63.00, 2.62, 87.41, -26.16, -4.40, 33.07, -15.08, 4.01, 
64.00, 2.40, 87.51, -25.91, -4.39, 32.81, -15.10, 4.01, 
65.00, 2.54, 86.19, -26.16, -4.38, 32.54, -15.12, 4.01, 
66.00, 2.69, 85.90, -25.98, -4.37, 32.28, -15.14, 4.02, 
67.00, 2.64, 85.07, -25.93, -4.36, 32.01, -15.16, 4.01, 
68.00, 2.39, 85.79, -26.00, -4.35, 31.75, -15.18, 4.01, 
69.00, 2.72, 85.07, -25.62, -4.35, 31.48, -15.20, 4.01, 
70.00, 2.94, 84.35, -25.49, -4.34, 31.22, -15.22, 4.01, 
71.00, 2.90, 84.79, -26.08, -4.33, 30.95, -15.24, 4.01, 
72.00, 2.93, 83.57, -26.19, -4.32, 30.69, -15.26, 4.01, 
73.00, 2.71, 85.14, -25.69, -4.31, 30.43, -15.28, 4.01, 
74.00, 3.14, 84.09, -25.88, -4.30, 30.16, -15.30, 4.02, 
75.00, 3.05, 84.34, -26.00, -4.29, 29.90, -15.32, 4.02, 
76.00, 2.99, 83.89, -26.03, -4.28, 29.63, -15.34, 4.01, 
77.00, 3.04, 83.46, -26.19, -4.28, 29.37, -15.36, 4.01, 
78.00, 3.00, 84.19, -25.89, -4.27, 29.10, -15.38, 4.01, 
79.00, 3.23, 82.32, -25.63, -4.26, 28.84, -15.40, 4.02, 
80.00, 2.92, 83.11, -25.55, -4.25, 28.57, -15.42, 4.01, 
81.00, 2.89, 82.00, -25.74, -4.24, 28.31, -15.44, 4.01, 
82.00, 2.93, 81.40, -26.22, -4.23, 28.05, -15.46, 4.01, 
83.00, 2.88, 81.94, -25.68, -4.22, 27.78, -15.48, 4.01, 
84.00, 2.97, 80.90, -26.10, -4.21, 27.52, -15.50, 4.01, 
85.00, 3.18, 82.63, -25.79, -4.21, 27.25, -15.52, 4.01, 
86.00, 3.10, 80.78, -26.23, -4.20, 26.99, -15.54, 4.01, 
87.00, 3.29, 82.10, -26.07, -4.19, 26.72, -15.56, 4.01, 
88.00, 3.47, 81.13, -26.11, -4.18, 26.46, -15.58, 4.01, 
89.00, 3.33, 80.44, -26.53, -4.17, 26.20, -15.60, 4.01, 
90.00, 3.38, 81.46, -26.45, -4.16, 25.93, -15.62, 4.01, 
91.00, 3.23, 79.94, -26.21, -4.15, 25.67, -15.64, 4.01, 
92.00, 3.13, 80.86, -25.92, -4.14, 25.40, -15.66, 4.01, 
93.00, 3.29, 79.89, -25.88, -4.14, 25.14, -15.68, 4.01, 
94.00, 3.11, 79.55, -25.82, -4.13, 24.88, -15.70, 4.01, 
95.00, 3.20, 79.91, -26.12, -4.12, 24.61, -15.72, 4.01, 
96.00, 3.17, 78.53, -26.00, -4.11, 24.35, -15.74, 4.01, 
97.00, 3.35, 79.64, -25.92, -4.10, 24.08, -15.76, 4.01, 
98.00, 3.26, 77.46, -26.30, -4.09, 23.82, -15.78, 4.01, 
99.00, 3.17, 78.39, -26.40, -4.08, 23.56, -15.80, 4.01, 
100.00, 3.11, 78.36, -25.94, -4.07, 23.29, -15.82, 4.01, 
101.00, 3.08, 76.92, -25.97, -4.07, 23.03, -15.84, 4.00, 
102.00, 3.08, 77.94, -26.30, -4.06, 22.77, -15.86, 4.00, 
103.00, 3.12, 76.45, -26.46, -4.05, 22.50, -15.88, 4.00, 
104.00, 3.45, 77.05, -26.59, -4.04, 22.24, -15.90, 4.00, 
105.00, 3.25, 76.56, -26.18, -4.03, 21.97, -15.92, 4.00, 
106.00, 3.08, 75.48, -25.87, -4.02, 21.71, -15.94, 4.00, 
107.00, 3.41, 76.54, -25.84, -4.01, 21.45, -15.96, 4.01, 
108.00, 2.70, 74.65, -26.41, -4.00, 21.18, -15.98, 4.01, 
109.00, 2.86, 75.75, -26.23, -4.00, 20.92, -16.00, 4.01, 
110.00, 2.92, 74.19, -26.57, -3.99, 20.66, -16.02, 4.01, 
111.00, 2.83, 74.69, -26.22, -3.98, 20.39, -16.04, 4.00, 
112.00, 3.25, 74.83, -26.45, -3.97, 20.13, -16.06, 4.00, 
113.00, 2.84, 73.30, -26.41, -3.96, 19.87, -16.08, 4.00, 
114.00, 3.36, 74.53, -26.31, -3.95, 19.60, -16.10, 4.00, 
115.00, 3.11, 72.69, -25.96, -3.94, 19.34, -16.13, 4.00, 
116.00, 3.23, 74.77, -25.62, -3.94, 19.08, -16.15, 4.01, 
117.00, 3.52, 73.35, -25.83, -3.93, 18.81, -16.17, 4.01, 
118.00, 3.44, 74.79, -26.30, -3.92, 18.55, -16.19, 4.00, 
119.00, 3.27, 73.43, -26.07, -3.91, 18.29, -16.21, 4.00, 
120.00, 2.90, 72.67, -26.28, -3.90, 18.03, -16.23, 4.00, 
121.00, 3.26, 73.86, -26.27, -3.89, 17.76, -16.25, 4.01, 
122.00, 2.98, 71.59, -26.12, -3.88, 17.50, -16.27, 4.00, 
123.00, 3.48, 72.79, -26.49, -3.87, 17.24, -16.29, 4.00, 
124.00, 3.46, 70.56, -26.34, -3.87, 16.97, -16.31, 4.00, 
125.00, 3.52, 71.14, -26.52, -3.86, 16.71, -16.33, 4.00, 
126.00, 3.83, 70.26, -26.69, -3.85, 16.45, -16.35, 4.00, 
127.00, 3.53, 70.41, -26.86, -3.84, 16.19, -16.37, 4.01, 
128.00, 3.76, 70.88, -26.63, -3.83, 15.92, -16.39, 4.01, 
129.00, 3.64, 69.05, -26.26, -3.82, 15.66, -16.41, 4.01, 
130.00, 3.71, 71.07, -26.45, -3.81, 15.40, -16.43, 4.00, 
131.00, 3.84, 68.89, -26.41, -3.81, 15.14, -16.45, 4.00, 
132.00, 3.51, 70.33, -26.38, -3.80, 14.87, -16.47, 4.00, 
133.00, 3.52, 70.39, -26.67, -3.79, 14.61, -16.49, 4.00, 
134.00, 3.62, 69.14, -26.47, -3.78, 14.35, -16.52, 4.01, 
135.00, 3.70, 69.54, -26.90, -3.77, 14.09, -16.54, 4.00, 
136.00, 3.47, 68.15, -26.55, -3.76, 13.83, -16.56, 4.00, 
137.00, 3.32, 69.18, -26.54, -3.75, 13.56, -16.58, 4.00, 
138.00, 3.16, 67.00, -26.31, -3.75, 13.30, -16.60, 4.00, 
139.00, 3.43, 67.73, -26.24, -3.74, 13.04, -16.62, 4.00, 
140.00, 3.23, 67.82, -26.34, -3.73, 12.78, -16.64, 4.00, 
141.00, 3.34, 66.41, -26.54, -3.72, 12.52, -16.66, 3.99, 
142.00, 3.43, 67.92, -26.88, -3.71, 12.25, -16.68, 3.99, 
143.00, 3.55, 66.41, -27.08, -3.70, 11.99, -16.70, 4.00, 
144.00, 3.38, 67.73, -27.27, -3.69, 11.73, -16.72, 4.00, 
145.00, 3.36, 66.72, -26.80, -3.69, 11.47, -16.74, 3.99, 
146.00, 3.52, 66.19, -26.59, -3.68, 11.21, -16.76, 3.99, 
147.00, 3.70, 66.08, -26.37, -3.67, 10.95, -16.78, 4.00, 
148.00, 3.35, 65.20, -26.94, -3.66, 10.68, -16.80, 4.00, 
149.00, 3.45, 65.67, -26.78, -3.65, 10.42, -16.83, 4.00, 
150.00, 3.48, 64.47, -26.24, -3.64, 10.16, -16.85, 3.99, 
151.00, 3.56, 65.84, -26.45, -3.63, 9.90, -16.87, 4.00, 
152.00, 3.55, 65.26, -26.38, -3.63, 9.64, -16.89, 4.00, 
153.00, 3.83, 65.54, -26.78, -3.62, 9.38, -16.91, 3.99, 
154.00, 3.53, 64.45, -26.57, -3.61, 9.12, -16.93, 4.00, 
155.00, 3.67, 62.34, -26.71, -3.60, 8.86, -16.95, 4.00, 
156.00, 3.87, 64.67, -26.71, -3.59, 8.59, -16.97, 3.99, 
157.00, 3.81, 62.58, -26.73, -3.58, 8.33, -16.99, 4.00, 
158.00, 3.83, 64.28, -27.11, -3.58, 8.07, -17.01, 4.00, 
159.00, 3.76, 63.07, -26.83, -3.57, 7.81, -17.03, 4.00, 
160.00, 3.76, 64.07, -27.00, -3.56, 7.55, -17.06, 3.99, 
161.00, 3.67, 63.55, -26.47, -3.55, 7.29, -17.08, 4.00, 
162.00, 3.70, 62.10, -26.61, -3.54, 7.03, -17.10, 4.00, 
163.00, 3.70, 62.43, -26.57, -3.53, 6.77, -17.12, 3.99, 
164.00, 3.29, 61.21, -26.35, -3.52, 6.51, -17.14, 3.99, 
165.00, 3.65, 62.58, -26.52, -3.52, 6.25, -17.16, 4.00, 
166.00, 3.67, 60.82, -26.51, -3.51, 5.99, -17.18, 4.00, 
167.00, 3.87, 62.27, -26.47, -3.50, 5.73, -17.20, 3.99, 
168.00, 3.79, 61.48, -26.81, -3.49, 5.47, -17.22, 3.99, 
169.00, 3.69, 60.46, -26.66, -3.48, 5.21, -17.24, 4.00, 
170.00, 3.85, 60.19, -27.04, -3.47, 4.95, -17.26, 3.99, 
171.00, 3.84, 58.95, -26.88, -3.47, 4.69, -17.29, 3.99, 
172.00, 3.79, 60.36, -26.94, -3.46, 4.43, -17.31, 4.00, 
173.00, 3.99, 59.28, -27.18, -3.45, 4.17, -17.33, 3.98, 
174.00, 3.89, 60.51, -27.26, -3.44, 3.91, -17.35, 3.99, 
175.00, 4.11, 59.14, -27.45, -3.43, 3.65, -17.37, 3.99, 
176.00, 3.65, 58.30, -26.96, -3.42, 3.39, -17.39, 3.99, 
177.00, 4.14, 58.33, -26.97, -3.42, 3.13, -17.41, 3.99, 
178.00, 4.04, 57.99, -26.89, -3.41, 2.87, -17.43, 3.99, 
179.00, 3.87, 59.17, -26.63, -3.40, 2.61, -17.45, 3.99, 
180.00, 3.86, 57.60, -26.89, -3.39, 2.35, -17.48, 3.99, 
181.00, 4.03, 58.73, -27.05, -3.38, 2.09, -17.50, 3.99, 
182.00, 3.92, 56.52, -26.86, -3.37, 1.83, -17.52, 3.98, 
183.00, 3.90, 57.31, -26.87, -3.37, 1.57, -17.54, 3.99, 
184.00, 4.39, 56.05, -27.38, -3.36, 1.32, -17.56, 3.99, 
185.00, 4.08, 56.19, -26.89, -3.35, 1.06, -17.58, 3.98, 
186.00, 4.19, 57.11, -26.87, -3.34, 0.80, -17.60, 3.99, 
187.00, 4.02, 56.40, -26.95, -3.33, 0.54, -17.62, 3.99, 
188.00, 4.46, 56.45, -27.18, -3.32, 0.28, -17.65, 3.99, 
189.00, 4.27, 54.77, -27.00, -3.32, 0.02, -17.67, 3.99, 
190.00, 4.35, 55.88, -27.02, -3.31, -0.24, -17.69, 3.99, 
191.00, 4.30, 54.57, -27.22, -3.30, -0.49, -17.71, 3.99, 
192.00, 4.29, 55.04, -27.37, -3.29, -0.75, -17.73, 3.98, 
193.00, 4.18, 53.62, -27.53, -3.28, -1.01, -17.75, 3.99, 
194.00, 4.26, 54.33, -27.52, -3.27, -1.27, -17.77, 3.99, 
195.00, 4.39, 53.81, -27.30, -3.27, -1.53, -17.79, 3.98, 
196.00, 4.20, 53.87, -27.56, -3.26, -1.78, -17.82, 3.99, 
197.00, 4.33, 54.59, -27.31, -3.25, -2.04, -17.84, 3.98, 
198.00, 4.08, 52.73, -27.40, -3.24, -2.30, -17.86, 3.99, 
199.00, 4.66, 53.43, -27.31, -3.23, -2.56, -17.88, 3.99, 
200.00, 4.72, 52.11, -26.95, -3.22, -2.82, -17.90, 3.98, 
201.00, 4.34, 53.28, -26.48, -3.22, -3.07, -17.92, 3.99, 
202.00, 4.55, 52.47, -26.75, -3.21, -3.33, -17.94, 3.97, 
203.00, 4.68, 52.12, -26.57, -3.20, -3.59, -17.96, 3.98, 
204.00, 4.78, 51.97, -26.70, -3.19, -3.84, -17.99, 3.99, 
205.00, 4.67, 52.23, -26.74, -3.18, -4.10, -18.01, 3.98, 
206.00, 4.65, 51.67, -27.06, -3.18, -4.36, -18.03, 3.99, 
207.00, 4.58, 50.84, -26.83, -3.17, -4.62, -18.05, 3.97, 
208.00, 4.86, 50.59, -26.82, -3.16, -4.87, -18.07, 3.98, 
209.00, 4.67, 49.85, -26.94, -3.15, -5.13, -18.09, 3.97, 
210.00, 4.64, 51.06, -26.73, -3.14, -5.39, -18.11, 3.98, 
211.00, 4.60, 50.19, -26.85, -3.14, -5.64, -18.14, 3.98, 
212.00, 4.56, 49.79, -26.95, -3.13, -5.90, -18.16, 3.98, 
213.00, 4.78, 49.66, -26.99, -3.12, -6.16, -18.18, 3.98, 
214.00, 4.86, 48.80, -26.97, -3.11, -6.41, -18.20, 3.97, 
215.00, 5.01, 49.67, -26.60, -3.10, -6.67, -18.22, 3.98, 
216.00, 4.69, 48.60, -26.71, -3.09, -6.92, -18.24, 3.97, 
217.00, 4.72, 49.16, -26.43, -3.09, -7.18, -18.27, 3.98, 
218.00, 5.09, 47.71, -26.73, -3.08, -7.44, -18.29, 3.98, 
219.00, 4.55, 48.13, -26.65, -3.07, -7.69, -18.31, 3.98, 
220.00, 4.64, 47.52, -26.56, -3.06, -7.95, -18.33, 3.98, 
221.00, 4.55, 47.70, -26.49, -3.05, -8.20, -18.35, 3.98, 
222.00, 4.77, 47.15, -26.71, -3.05, -8.46, -18.37, 3.98, 
223.00, 4.83, 47.04, -27.06, -3.04, -8.71, -18.39, 3.98, 
224.00, 4.90, 47.23, -27.37, -3.03, -8.97, -18.42, 3.98, 
225.00, 4.81, 46.78, -27.06, -3.02, -9.22, -18.44, 3.98, 
226.00, 4.99, 46.39, -26.82, -3.01, -9.48, -18.46, 3.98, 
227.00, 4.65, 45.49, -26.35, -3.01, -9.73, -18.48, 3.97, 
228.00, 4.53, 46.54, -26.56, -3.00, -9.99, -18.50, 3.98, 
229.00, 4.96, 45.64, -26.28, -2.99, -10.24, -18.52, 3.97, 
230.00, 5.38, 45.44, -26.66, -2.98, -10.50, -18.55, 3.98, 
231.00, 5.11, 44.89, -26.46, -2.97, -10.75, -18.57, 3.97, 
232.00, 4.71, 44.86, -26.91, -2.97, -11.01, -18.59, 3.97, 
233.00, 5.01, 44.86, -26.38, -2.96, -11.26, -18.61, 3.97, 
234.00, 5.13, 44.36, -26.77, -2.95, -11.52, -18.63, 3.97, 
235.00, 5.58, 44.44, -26.60, -2.94, -11.77, -18.66, 3.97, 
236.00, 5.31, 43.86, -26.69, -2.93, -12.02, -18.68, 3.97, 
237.00, 5.29, 44.27, -26.59, -2.93, -12.28, -18.70, 3.97, 
238.00, 5.22, 43.38, -25.90, -2.92, -12.53, -18.72, 3.97, 
239.00, 4.90, 43.56, -26.26, -2.91, -12.78, -18.74, 3.97, 
240.00, 5.03, 43.05, -26.44, -2.90, -13.04, -18.76, 3.97, 
241.00, 4.98, 42.70, -26.48, -2.90, -13.29, -18.79, 3.97, 
242.00, 5.10, 42.08, -26.79, -2.89, -13.54, -18.81, 3.97, 
243.00, 4.87, 42.40, -27.02, -2.88, -13.80, -18.83, 3.97, 
244.00, 5.35, 42.13, -26.71, -2.87, -14.05, -18.85, 3.97, 
245.00, 4.93, 41.53, -27.08, -2.86, -14.30, -18.87, 3.97, 
246.00, 4.95, 41.34, -26.97, -2.86, -14.56, -18.89, 3.97, 
247.00, 4.97, 41.08, -27.00, -2.85, -14.81, -18.92, 3.97, 
248.00, 5.31, 41.20, -27.29, -2.84, -15.06, -18.94, 3.97, 
249.00, 5.07, 40.77, -27.08, -2.83, -15.31, -18.96, 3.97, 
250.00, 5.11, 40.68, -27.36, -2.82, -15.57, -18.98, 3.97, 
251.00, 5.31, 40.25, -27.28, -2.82, -15.82, -19.00, 3.97, 
252.00, 4.88, 40.03, -26.93, -2.81, -16.07, -19.03, 3.97, 
253.00, 5.37, 39.77, -27.54, -2.80, -16.32, -19.05, 3.97, 
254.00, 5.15, 39.61, -27.34, -2.79, -16.58, -19.07, 3.97, 
255.00, 5.13, 39.19, -27.06, -2.79, -16.83, -19.09, 3.96, 
