---START---
-255.00, 59.93, 112.66, -32.29, -7.07, 115.05, -9.40, 3.65, 
-254.00, 49.99, 112.35, -26.25, -7.06, 114.81, -9.42, 3.65, 
-253.00, 49.78, 111.77, -26.07, -7.05, 114.57, -9.43, 3.64, 
-252.00, 49.79, 111.79, -26.21, -7.05, 114.33, -9.45, 3.64, 
-251.00, 49.85, 111.67, -26.36, -7.04, 114.08, -9.46, 3.64, 
-250.00, 49.73, 111.53, -26.33, -7.03, 113.84, -9.48, 3.64, 
-249.00, 49.91, 111.38, -26.43, -7.02, 113.60, -9.49, 3.64, 
-248.00, 49.82, 110.82, -26.32, -7.02, 113.36, -9.51, 3.64, 
-247.00, 49.69, 110.89, -26.14, -7.01, 113.11, -9.53, 3.64, 
-246.00, 49.98, 110.33, -26.37, -7.00, 112.87, -9.54, 3.64, 
-245.00, 50.27, 110.08, -26.21, -6.99, 112.63, -9.56, 3.64, 
-244.00, 49.93, 110.11, -25.95, -6.99, 112.38, -9.57, 3.65, 
-243.00, 50.00, 109.70, -26.05, -6.98, 112.14, -9.59, 3.65, 
-242.00, 50.00, 109.33, -26.42, -6.97, 111.90, -9.61, 3.65, 
-241.00, 50.15, 109.01, -26.50, -6.96, 111.65, -9.62, 3.64, 
-240.00, 49.80, 108.77, -26.45, -6.96, 111.41, -9.64, 3.64, 
-239.00, 49.71, 109.07, -26.00, -6.95, 111.17, -9.65, 3.64, 
-238.00, 49.80, 108.51, -26.22, -6.94, 110.92, -9.67, 3.65, 
-237.00, 49.66, 108.85, -25.93, -6.93, 110.68, -9.69, 3.65, 
-236.00, 49.60, 108.18, -26.14, -6.93, 110.43, -9.70, 3.65, 
-235.00, 50.10, 107.76, -25.50, -6.92, 110.19, -9.72, 3.65, 
-234.00, 49.99, 108.06, -25.68, -6.91, 109.94, -9.73, 3.62, 
-233.00, 50.02, 107.72, -26.04, -6.90, 109.70, -9.75, 3.64, 
-232.00, 50.30, 107.22, -26.50, -6.90, 109.45, -9.77, 3.64, 
-231.00, 50.30, 107.61, -26.55, -6.89, 109.21, -9.78, 3.65, 
-230.00, 50.37, 107.31, -26.02, -6.88, 108.96, -9.80, 3.65, 
-229.00, 50.18, 107.40, -25.54, -6.87, 108.72, -9.82, 3.61, 
-228.00, 50.01, 106.83, -26.23, -6.87, 108.47, -9.83, 3.64, 
-227.00, 50.15, 106.31, -25.69, -6.86, 108.22, -9.85, 3.65, 
-226.00, 50.14, 106.38, -26.06, -6.85, 107.98, -9.86, 3.65, 
-225.00, 50.10, 105.66, -26.10, -6.84, 107.73, -9.88, 3.65, 
-224.00, 50.03, 105.84, -26.29, -6.84, 107.49, -9.90, 3.65, 
-223.00, 50.24, 106.15, -25.71, -6.83, 107.24, -9.91, 3.65, 
-222.00, 50.17, 105.67, -25.76, -6.82, 106.99, -9.93, 3.65, 
-221.00, 50.06, 106.17, -26.24, -6.81, 106.75, -9.95, 3.65, 
-220.00, 50.25, 105.48, -26.07, -6.81, 106.50, -9.96, 3.65, 
-219.00, 50.20, 104.85, -25.93, -6.80, 106.25, -9.98, 3.65, 
-218.00, 50.35, 105.21, -26.00, -6.79, 106.00, -9.99, 3.65, 
-217.00, 50.10, 103.21, -25.81, -6.78, 105.76, -10.01, 3.65, 
-216.00, 49.98, 104.23, -26.55, -6.77, 105.51, -10.03, 3.65, 
-215.00, 50.22, 103.86, -26.32, -6.77, 105.26, -10.04, 3.63, 
-214.00, 50.35, 103.50, -26.31, -6.76, 105.01, -10.06, 3.62, 
-213.00, 49.98, 103.41, -25.91, -6.75, 104.77, -10.08, 3.62, 
-212.00, 49.99, 103.27, -25.71, -6.74, 104.52, -10.09, 3.62, 
-211.00, 50.09, 103.52, -26.12, -6.74, 104.27, -10.11, 3.64, 
-210.00, 50.06, 102.98, -25.72, -6.73, 104.02, -10.13, 3.64, 
-209.00, 49.63, 102.56, -25.50, -6.72, 103.77, -10.14, 3.65, 
-208.00, 49.63, 103.81, -25.68, -6.71, 103.53, -10.16, 3.65, 
-207.00, 50.19, 101.98, -25.86, -6.71, 103.28, -10.17, 3.65, 
-206.00, 50.08, 103.15, -25.83, -6.70, 103.03, -10.19, 3.65, 
-205.00, 50.02, 102.52, -25.46, -6.69, 102.78, -10.21, 3.65, 
-204.00, 50.12, 102.04, -25.62, -6.68, 102.53, -10.22, 3.65, 
-203.00, 50.11, 102.49, -25.48, -6.67, 102.28, -10.24, 3.66, 
-202.00, 49.94, 101.65, -25.80, -6.67, 102.03, -10.26, 3.62, 
-201.00, 49.80, 101.14, -26.08, -6.66, 101.78, -10.27, 3.62, 
-200.00, 49.79, 101.33, -25.78, -6.65, 101.53, -10.29, 3.64, 
-199.00, 50.16, 100.38, -25.95, -6.64, 101.28, -10.31, 3.65, 
-198.00, 49.76, 101.06, -25.63, -6.63, 101.03, -10.32, 3.65, 
-197.00, 49.64, 99.90, -25.88, -6.63, 100.78, -10.34, 3.65, 
-196.00, 49.65, 99.50, -26.14, -6.62, 100.53, -10.36, 3.65, 
-195.00, 50.27, 100.35, -26.17, -6.61, 100.28, -10.37, 3.66, 
-194.00, 50.06, 99.32, -26.07, -6.60, 100.03, -10.39, 3.66, 
-193.00, 50.09, 99.99, -25.68, -6.60, 99.78, -10.41, 3.62, 
-192.00, 49.91, 99.27, -26.02, -6.59, 99.53, -10.42, 3.63, 
-191.00, 50.00, 99.26, -25.77, -6.58, 99.28, -10.44, 3.64, 
-190.00, 50.07, 99.20, -25.61, -6.57, 99.03, -10.46, 3.65, 
-189.00, 50.09, 98.42, -25.99, -6.56, 98.78, -10.47, 3.65, 
-188.00, 49.97, 99.24, -26.68, -6.56, 98.53, -10.49, 3.66, 
-187.00, 49.83, 97.91, -25.91, -6.55, 98.28, -10.51, 3.66, 
-186.00, 50.12, 98.56, -26.12, -6.54, 98.02, -10.52, 3.63, 
-185.00, 49.92, 97.48, -25.96, -6.53, 97.77, -10.54, 3.63, 
-184.00, 49.82, 96.67, -26.19, -6.52, 97.52, -10.56, 3.65, 
-183.00, 50.05, 97.27, -26.13, -6.52, 97.27, -10.57, 3.65, 
-182.00, 49.93, 96.18, -26.15, -6.51, 97.02, -10.59, 3.66, 
-181.00, 49.86, 97.71, -26.31, -6.50, 96.77, -10.61, 3.66, 
-180.00, 50.24, 97.00, -26.29, -6.49, 96.51, -10.62, 3.63, 
-179.00, 49.98, 96.87, -26.30, -6.48, 96.26, -10.64, 3.64, 
-178.00, 50.34, 96.74, -25.93, -6.48, 96.01, -10.66, 3.65, 
-177.00, 49.92, 95.38, -26.04, -6.47, 95.76, -10.67, 3.66, 
-176.00, 50.23, 96.82, -25.55, -6.46, 95.50, -10.69, 3.66, 
-175.00, 50.30, 94.86, -25.42, -6.45, 95.25, -10.71, 3.63, 
-174.00, 49.95, 95.29, -25.87, -6.44, 95.00, -10.73, 3.64, 
-173.00, 50.01, 95.69, -25.76, -6.44, 94.75, -10.74, 3.65, 
-172.00, 50.20, 95.10, -25.71, -6.43, 94.49, -10.76, 3.65, 
-171.00, 50.07, 95.99, -25.97, -6.42, 94.24, -10.78, 3.66, 
-170.00, 50.14, 94.70, -25.76, -6.41, 93.99, -10.79, 3.63, 
-169.00, 49.97, 93.93, -26.27, -6.40, 93.73, -10.81, 3.63, 
-168.00, 50.01, 94.35, -26.39, -6.39, 93.48, -10.83, 3.65, 
-167.00, 50.25, 93.04, -26.30, -6.39, 93.23, -10.84, 3.66, 
-166.00, 50.35, 94.43, -26.25, -6.38, 92.97, -10.86, 3.65, 
-165.00, 50.23, 94.14, -26.09, -6.37, 92.72, -10.88, 3.63, 
-164.00, 50.29, 93.60, -25.93, -6.36, 92.47, -10.90, 3.65, 
-163.00, 49.94, 94.00, -25.95, -6.35, 92.21, -10.91, 3.66, 
-162.00, 50.12, 92.06, -25.91, -6.35, 91.96, -10.93, 3.66, 
-161.00, 50.09, 92.88, -26.04, -6.34, 91.70, -10.95, 3.63, 
-160.00, 50.27, 92.08, -25.74, -6.33, 91.45, -10.96, 3.64, 
-159.00, 50.37, 92.20, -26.17, -6.32, 91.19, -10.98, 3.65, 
-158.00, 50.30, 92.87, -26.29, -6.31, 90.94, -11.00, 3.66, 
-157.00, 50.10, 91.10, -25.90, -6.30, 90.69, -11.01, 3.63, 
-156.00, 49.99, 91.72, -25.90, -6.30, 90.43, -11.03, 3.63, 
-155.00, 50.13, 90.70, -25.90, -6.29, 90.18, -11.05, 3.65, 
-154.00, 50.18, 90.65, -26.12, -6.28, 89.92, -11.07, 3.66, 
-153.00, 50.07, 90.58, -26.25, -6.27, 89.67, -11.08, 3.64, 
-152.00, 50.25, 90.09, -26.37, -6.26, 89.41, -11.10, 3.63, 
-151.00, 50.15, 91.79, -26.14, -6.26, 89.16, -11.12, 3.65, 
-150.00, 50.09, 90.27, -26.04, -6.25, 88.90, -11.13, 3.66, 
-149.00, 50.13, 91.05, -26.21, -6.24, 88.64, -11.15, 3.63, 
-148.00, 50.05, 89.35, -26.29, -6.23, 88.39, -11.17, 3.63, 
-147.00, 50.05, 89.01, -26.44, -6.22, 88.13, -11.19, 3.65, 
-146.00, 50.34, 89.83, -26.35, -6.21, 87.88, -11.20, 3.66, 
-145.00, 50.52, 88.35, -27.16, -6.21, 87.62, -11.22, 3.64, 
-144.00, 49.94, 89.97, -26.79, -6.20, 87.37, -11.24, 3.65, 
-143.00, 49.89, 89.13, -26.63, -6.19, 87.11, -11.26, 3.66, 
-142.00, 50.08, 88.30, -26.58, -6.18, 86.85, -11.27, 3.63, 
-141.00, 50.44, 88.25, -26.37, -6.17, 86.60, -11.29, 3.64, 
-140.00, 50.41, 86.99, -26.33, -6.16, 86.34, -11.31, 3.66, 
-139.00, 50.51, 88.84, -26.18, -6.16, 86.08, -11.32, 3.64, 
-138.00, 50.30, 87.27, -26.38, -6.15, 85.83, -11.34, 3.64, 
-137.00, 50.17, 87.36, -26.43, -6.14, 85.57, -11.36, 3.66, 
-136.00, 50.51, 86.40, -26.44, -6.13, 85.31, -11.38, 3.66, 
-135.00, 50.20, 86.18, -26.75, -6.12, 85.06, -11.39, 3.64, 
-134.00, 50.77, 87.98, -26.69, -6.11, 84.80, -11.41, 3.66, 
-133.00, 50.53, 86.41, -26.50, -6.11, 84.54, -11.43, 3.67, 
-132.00, 50.34, 86.24, -26.66, -6.10, 84.29, -11.45, 3.64, 
-131.00, 50.41, 86.32, -26.36, -6.09, 84.03, -11.46, 3.66, 
-130.00, 50.48, 86.09, -26.12, -6.08, 83.77, -11.48, 3.66, 
-129.00, 50.62, 86.75, -26.94, -6.07, 83.51, -11.50, 3.64, 
-128.00, 50.56, 85.06, -26.83, -6.06, 83.26, -11.52, 3.64, 
-127.00, 50.55, 84.88, -26.96, -6.06, 83.00, -11.53, 3.66, 
-126.00, 50.67, 85.27, -27.13, -6.05, 82.74, -11.55, 3.64, 
-125.00, 50.57, 84.94, -27.02, -6.04, 82.48, -11.57, 3.64, 
-124.00, 50.63, 85.83, -27.52, -6.03, 82.23, -11.59, 3.66, 
-123.00, 50.54, 83.84, -27.30, -6.02, 81.97, -11.60, 3.64, 
-122.00, 50.73, 84.31, -27.32, -6.01, 81.71, -11.62, 3.64, 
-121.00, 50.80, 84.14, -27.00, -6.01, 81.45, -11.64, 3.66, 
-120.00, 50.65, 84.40, -26.89, -6.00, 81.19, -11.66, 3.64, 
-119.00, 50.73, 84.25, -26.93, -5.99, 80.94, -11.67, 3.65, 
-118.00, 50.74, 81.91, -26.81, -5.98, 80.68, -11.69, 3.64, 
-117.00, 50.63, 82.97, -26.47, -5.97, 80.42, -11.71, 3.64, 
-116.00, 50.67, 81.41, -26.92, -5.96, 80.16, -11.73, 3.66, 
-115.00, 50.81, 83.24, -26.92, -5.95, 79.90, -11.74, 3.64, 
-114.00, 50.72, 82.40, -26.92, -5.95, 79.64, -11.76, 3.65, 
-113.00, 50.59, 81.41, -27.36, -5.94, 79.38, -11.78, 3.66, 
-112.00, 50.69, 82.07, -27.02, -5.93, 79.13, -11.80, 3.64, 
-111.00, 50.61, 80.68, -27.19, -5.92, 78.87, -11.82, 3.65, 
-110.00, 50.49, 82.72, -27.63, -5.91, 78.61, -11.83, 3.64, 
-109.00, 50.53, 80.53, -27.17, -5.90, 78.35, -11.85, 3.64, 
-108.00, 50.78, 80.38, -27.36, -5.90, 78.09, -11.87, 3.67, 
-107.00, 50.55, 81.77, -27.11, -5.89, 77.83, -11.89, 3.64, 
-106.00, 50.64, 80.23, -27.28, -5.88, 77.57, -11.90, 3.66, 
-105.00, 50.80, 80.70, -26.92, -5.87, 77.31, -11.92, 3.64, 
-104.00, 50.45, 79.70, -26.96, -5.86, 77.05, -11.94, 3.64, 
-103.00, 50.75, 80.47, -27.14, -5.85, 76.79, -11.96, 3.67, 
-102.00, 50.85, 81.05, -26.99, -5.84, 76.53, -11.98, 3.64, 
-101.00, 50.90, 78.38, -27.35, -5.84, 76.27, -11.99, 3.66, 
-100.00, 50.69, 79.68, -26.97, -5.83, 76.01, -12.01, 3.64, 
-99.00, 50.53, 79.20, -27.26, -5.82, 75.75, -12.03, 3.65, 
-98.00, 50.58, 79.94, -27.65, -5.81, 75.49, -12.05, 3.64, 
-97.00, 50.75, 78.14, -27.11, -5.80, 75.23, -12.06, 3.64, 
-96.00, 50.81, 78.32, -27.11, -5.79, 74.97, -12.08, 3.65, 
-95.00, 50.64, 79.20, -27.40, -5.78, 74.71, -12.10, 3.64, 
-94.00, 50.69, 77.25, -27.35, -5.78, 74.45, -12.12, 3.67, 
-93.00, 50.96, 78.06, -27.35, -5.77, 74.19, -12.14, 3.64, 
-92.00, 50.65, 76.89, -27.02, -5.76, 73.93, -12.15, 3.66, 
-91.00, 50.83, 77.50, -27.42, -5.75, 73.67, -12.17, 3.64, 
-90.00, 50.70, 77.09, -27.36, -5.74, 73.41, -12.19, 3.66, 
-89.00, 50.41, 75.95, -27.28, -5.73, 73.15, -12.21, 3.64, 
-88.00, 50.78, 77.33, -27.04, -5.72, 72.89, -12.23, 3.65, 
-87.00, 50.99, 75.07, -27.03, -5.72, 72.63, -12.24, 3.64, 
-86.00, 51.08, 76.02, -27.59, -5.71, 72.37, -12.26, 3.64, 
-85.00, 51.26, 76.44, -27.43, -5.70, 72.11, -12.28, 3.64, 
-84.00, 51.10, 76.00, -27.73, -5.69, 71.85, -12.30, 3.64, 
-83.00, 51.20, 75.12, -28.11, -5.68, 71.59, -12.32, 3.64, 
-82.00, 50.96, 74.37, -27.74, -5.67, 71.33, -12.33, 3.64, 
-81.00, 50.97, 75.83, -27.18, -5.66, 71.06, -12.35, 3.64, 
-80.00, 51.00, 73.79, -27.52, -5.66, 70.80, -12.37, 3.64, 
-79.00, 50.85, 74.97, -28.03, -5.65, 70.54, -12.39, 3.65, 
-78.00, 51.06, 73.69, -27.56, -5.64, 70.28, -12.41, 3.64, 
-77.00, 50.93, 74.01, -27.25, -5.63, 70.02, -12.42, 3.65, 
-76.00, 50.87, 73.98, -27.51, -5.62, 69.76, -12.44, 3.65, 
-75.00, 50.77, 73.08, -27.25, -5.61, 69.50, -12.46, 3.65, 
-74.00, 50.77, 74.23, -27.50, -5.60, 69.23, -12.48, 3.64, 
-73.00, 50.87, 73.41, -27.59, -5.59, 68.97, -12.50, 3.65, 
-72.00, 51.02, 73.30, -27.76, -5.59, 68.71, -12.51, 3.65, 
-71.00, 50.86, 73.84, -27.64, -5.58, 68.45, -12.53, 3.65, 
-70.00, 51.00, 72.02, -27.55, -5.57, 68.19, -12.55, 3.65, 
-69.00, 50.65, 72.50, -27.55, -5.56, 67.93, -12.57, 3.65, 
-68.00, 50.81, 72.24, -27.56, -5.55, 67.66, -12.59, 3.65, 
-67.00, 50.93, 71.19, -27.40, -5.54, 67.40, -12.61, 3.65, 
-66.00, 50.87, 71.89, -27.72, -5.53, 67.14, -12.62, 3.66, 
-65.00, 50.87, 71.83, -27.11, -5.53, 66.88, -12.64, 3.67, 
-64.00, 51.00, 71.27, -27.17, -5.52, 66.62, -12.66, 3.66, 
-63.00, 51.07, 71.74, -27.21, -5.51, 66.35, -12.68, 3.65, 
-62.00, 51.31, 71.20, -27.01, -5.50, 66.09, -12.70, 3.65, 
-61.00, 51.03, 71.11, -27.18, -5.49, 65.83, -12.72, 3.65, 
-60.00, 51.11, 70.93, -27.13, -5.48, 65.57, -12.73, 3.65, 
-59.00, 51.07, 69.15, -27.38, -5.47, 65.30, -12.75, 3.65, 
-58.00, 51.02, 69.90, -27.94, -5.46, 65.04, -12.77, 3.65, 
-57.00, 50.95, 69.68, -27.87, -5.46, 64.78, -12.79, 3.65, 
-56.00, 50.98, 69.21, -28.07, -5.45, 64.52, -12.81, 3.65, 
-55.00, 50.89, 70.34, -27.79, -5.44, 64.25, -12.83, 3.65, 
-54.00, 51.10, 69.11, -27.54, -5.43, 63.99, -12.84, 3.66, 
-53.00, 51.18, 68.96, -27.87, -5.42, 63.73, -12.86, 3.67, 
-52.00, 50.94, 69.09, -27.96, -5.41, 63.47, -12.88, 3.65, 
-51.00, 51.32, 67.73, -27.77, -5.40, 63.20, -12.90, 3.65, 
-50.00, 51.32, 68.23, -27.70, -5.39, 62.94, -12.92, 3.65, 
-49.00, 51.14, 68.06, -27.46, -5.39, 62.68, -12.94, 3.65, 
-48.00, 51.33, 67.14, -27.71, -5.38, 62.42, -12.95, 3.65, 
-47.00, 51.15, 68.26, -27.92, -5.37, 62.15, -12.97, 3.65, 
-46.00, 51.25, 67.91, -27.94, -5.36, 61.89, -12.99, 3.65, 
-45.00, 51.12, 66.69, -27.46, -5.35, 61.63, -13.01, 3.65, 
-44.00, 50.85, 67.28, -27.65, -5.34, 61.36, -13.03, 3.65, 
-43.00, 50.93, 66.78, -27.43, -5.33, 61.10, -13.05, 3.65, 
-42.00, 50.98, 66.34, -27.70, -5.32, 60.84, -13.07, 3.65, 
-41.00, 51.34, 66.60, -27.96, -5.32, 60.57, -13.08, 3.65, 
-40.00, 51.28, 66.06, -27.72, -5.31, 60.31, -13.10, 3.66, 
-39.00, 51.14, 65.84, -27.66, -5.30, 60.05, -13.12, 3.65, 
-38.00, 51.29, 65.94, -27.51, -5.29, 59.78, -13.14, 3.65, 
-37.00, 50.85, 65.26, -27.96, -5.28, 59.52, -13.16, 3.65, 
-36.00, 50.82, 65.70, -28.27, -5.27, 59.26, -13.18, 3.65, 
-35.00, 51.22, 65.89, -27.90, -5.26, 58.99, -13.20, 3.65, 
-34.00, 51.45, 64.79, -28.23, -5.25, 58.73, -13.21, 3.65, 
-33.00, 51.48, 64.84, -28.17, -5.25, 58.47, -13.23, 3.65, 
-32.00, 51.43, 64.40, -28.06, -5.24, 58.20, -13.25, 3.65, 
-31.00, 51.23, 64.05, -27.87, -5.23, 57.94, -13.27, 3.65, 
-30.00, 51.37, 64.13, -27.86, -5.22, 57.68, -13.29, 3.65, 
-29.00, 51.08, 63.45, -28.14, -5.21, 57.41, -13.31, 3.65, 
-28.00, 51.26, 63.59, -28.18, -5.20, 57.15, -13.33, 3.65, 
-27.00, 51.32, 63.74, -28.07, -5.19, 56.88, -13.35, 3.65, 
-26.00, 51.28, 63.24, -28.16, -5.18, 56.62, -13.36, 3.66, 
-25.00, 51.24, 63.13, -28.38, -5.18, 56.36, -13.38, 3.65, 
-24.00, 51.32, 63.29, -27.64, -5.17, 56.09, -13.40, 3.65, 
-23.00, 50.96, 62.16, -28.44, -5.16, 55.83, -13.42, 3.65, 
-22.00, 50.88, 62.25, -28.30, -5.15, 55.57, -13.44, 3.65, 
-21.00, 51.03, 61.66, -28.58, -5.14, 55.30, -13.46, 3.65, 
-20.00, 51.18, 61.74, -28.42, -5.13, 55.04, -13.48, 3.65, 
-19.00, 51.18, 61.25, -28.34, -5.12, 54.77, -13.50, 3.65, 
-18.00, 51.18, 61.79, -28.00, -5.11, 54.51, -13.51, 3.65, 
-17.00, 51.29, 61.04, -28.11, -5.10, 54.25, -13.53, 3.65, 
-16.00, 51.31, 60.76, -28.23, -5.10, 53.98, -13.55, 3.65, 
-15.00, 51.37, 60.23, -27.72, -5.09, 53.72, -13.57, 3.65, 
-14.00, 51.14, 60.35, -27.75, -5.08, 53.45, -13.59, 3.65, 
-13.00, 51.26, 59.85, -27.59, -5.07, 53.19, -13.61, 3.65, 
-12.00, 51.38, 59.83, -27.74, -5.06, 52.92, -13.63, 3.65, 
-11.00, 50.92, 59.53, -28.00, -5.05, 52.66, -13.65, 3.65, 
-10.00, 51.16, 59.43, -28.09, -5.04, 52.40, -13.67, 3.65, 
-9.00, 51.12, 58.94, -28.33, -5.03, 52.13, -13.68, 3.65, 
-8.00, 51.06, 58.66, -27.66, -5.03, 51.87, -13.70, 3.65, 
-7.00, 51.22, 58.80, -27.70, -5.02, 51.60, -13.72, 3.65, 
-6.00, 51.25, 58.55, -28.19, -5.01, 51.34, -13.74, 3.65, 
-5.00, 51.31, 58.43, -28.54, -5.00, 51.07, -13.76, 3.65, 
-4.00, 51.42, 58.22, -28.22, -4.99, 50.81, -13.78, 3.65, 
-3.00, 51.67, 57.95, -28.25, -4.98, 50.55, -13.80, 3.65, 
-2.00, 51.59, 57.70, -27.90, -4.97, 50.28, -13.82, 3.65, 
-1.00, 51.51, 57.53, -27.83, -4.96, 50.02, -13.84, 3.65, 
0.00, 51.41, 57.35, -28.15, -4.95, 49.75, -13.86, 3.65, 
1.00, 51.60, 57.12, -28.40, -4.95, 49.49, -13.87, 3.65, 
2.00, 51.58, 56.88, -28.23, -4.94, 49.22, -13.89, 3.65, 
3.00, 51.52, 56.85, -28.24, -4.93, 48.96, -13.91, 3.65, 
4.00, 51.35, 56.68, -28.46, -4.92, 48.69, -13.93, 3.65, 
5.00, 51.35, 56.64, -28.44, -4.91, 48.43, -13.95, 3.65, 
6.00, 51.30, 56.16, -28.26, -4.90, 48.16, -13.97, 3.65, 
7.00, 51.50, 55.86, -28.37, -4.89, 47.90, -13.99, 3.65, 
8.00, 51.38, 55.66, -28.09, -4.88, 47.63, -14.01, 3.65, 
9.00, 51.28, 55.29, -27.62, -4.88, 47.37, -14.03, 3.65, 
10.00, 51.68, 54.99, -27.65, -4.87, 47.11, -14.05, 3.65, 
11.00, 51.98, 55.06, -27.64, -4.86, 46.84, -14.07, 3.65, 
12.00, 51.57, 54.60, -28.27, -4.85, 46.58, -14.09, 3.65, 
13.00, 51.63, 54.57, -28.20, -4.84, 46.31, -14.10, 3.65, 
14.00, 51.95, 54.34, -28.33, -4.83, 46.05, -14.12, 3.65, 
15.00, 51.56, 54.34, -28.57, -4.82, 45.78, -14.14, 3.65, 
16.00, 51.55, 54.28, -28.23, -4.81, 45.52, -14.16, 3.65, 
17.00, 51.81, 53.48, -28.49, -4.80, 45.25, -14.18, 3.65, 
18.00, 51.51, 53.78, -28.47, -4.80, 44.99, -14.20, 3.65, 
19.00, 51.63, 53.11, -28.72, -4.79, 44.72, -14.22, 3.65, 
20.00, 51.39, 52.85, -28.66, -4.78, 44.46, -14.24, 3.65, 
21.00, 51.20, 52.98, -28.41, -4.77, 44.19, -14.26, 3.65, 
22.00, 51.44, 52.36, -28.78, -4.76, 43.93, -14.28, 3.65, 
23.00, 51.38, 52.80, -29.18, -4.75, 43.66, -14.30, 3.66, 
24.00, 51.68, 51.87, -29.13, -4.74, 43.40, -14.32, 3.65, 
25.00, 51.75, 51.70, -28.77, -4.73, 43.13, -14.34, 3.65, 
26.00, 51.88, 51.62, -28.90, -4.72, 42.87, -14.36, 3.65, 
27.00, 51.88, 51.48, -29.12, -4.72, 42.60, -14.37, 3.65, 
28.00, 51.83, 51.53, -28.99, -4.71, 42.34, -14.39, 3.65, 
29.00, 51.54, 50.75, -28.52, -4.70, 42.07, -14.41, 3.65, 
30.00, 51.75, 50.83, -28.75, -4.69, 41.81, -14.43, 3.65, 
31.00, 51.36, 51.07, -28.96, -4.68, 41.54, -14.45, 3.65, 
32.00, 51.32, 50.23, -28.55, -4.67, 41.28, -14.47, 3.65, 
33.00, 51.39, 50.88, -28.25, -4.66, 41.02, -14.49, 3.65, 
34.00, 51.69, 48.88, -28.01, -4.65, 40.75, -14.51, 3.65, 
35.00, 52.06, 49.74, -28.16, -4.65, 40.49, -14.53, 3.65, 
36.00, 52.14, 49.77, -28.37, -4.64, 40.22, -14.55, 3.65, 
37.00, 52.06, 49.06, -28.40, -4.63, 39.96, -14.57, 3.65, 
38.00, 51.74, 49.25, -28.38, -4.62, 39.69, -14.59, 3.66, 
39.00, 52.14, 48.27, -28.03, -4.61, 39.43, -14.61, 3.65, 
40.00, 51.99, 49.29, -28.05, -4.60, 39.16, -14.63, 3.65, 
41.00, 52.11, 48.50, -28.49, -4.59, 38.90, -14.65, 3.65, 
42.00, 51.84, 48.59, -28.19, -4.58, 38.63, -14.67, 3.66, 
43.00, 51.94, 48.15, -28.11, -4.57, 38.37, -14.69, 3.65, 
44.00, 52.04, 48.19, -28.73, -4.57, 38.10, -14.71, 3.65, 
45.00, 51.99, 48.36, -28.99, -4.56, 37.84, -14.73, 3.65, 
46.00, 52.02, 47.28, -28.81, -4.55, 37.57, -14.74, 3.65, 
47.00, 51.79, 47.95, -28.78, -4.54, 37.31, -14.76, 3.65, 
48.00, 51.89, 46.80, -28.51, -4.53, 37.04, -14.78, 3.65, 
49.00, 51.89, 47.28, -28.73, -4.52, 36.78, -14.80, 3.65, 
50.00, 51.85, 46.57, -29.06, -4.51, 36.51, -14.82, 3.65, 
51.00, 51.99, 46.17, -29.36, -4.50, 36.25, -14.84, 3.65, 
52.00, 51.83, 46.42, -29.22, -4.50, 35.98, -14.86, 3.65, 
53.00, 51.33, 44.88, -29.19, -4.49, 35.72, -14.88, 3.65, 
54.00, 52.26, 46.31, -28.94, -4.48, 35.45, -14.90, 3.65, 
55.00, 52.13, 45.36, -28.48, -4.47, 35.19, -14.92, 3.66, 
56.00, 52.05, 45.51, -28.94, -4.46, 34.92, -14.94, 3.65, 
57.00, 51.86, 44.34, -28.54, -4.45, 34.66, -14.96, 3.65, 
58.00, 51.95, 44.29, -28.61, -4.44, 34.39, -14.98, 3.65, 
59.00, 51.87, 45.92, -28.90, -4.43, 34.13, -15.00, 3.65, 
60.00, 51.70, 44.76, -29.15, -4.42, 33.87, -15.02, 3.65, 
61.00, 51.75, 45.05, -29.62, -4.42, 33.60, -15.04, 3.65, 
62.00, 51.99, 43.74, -29.43, -4.41, 33.34, -15.06, 3.67, 
63.00, 52.05, 45.14, -29.07, -4.40, 33.07, -15.08, 3.65, 
64.00, 52.02, 43.93, -28.57, -4.39, 32.81, -15.10, 3.65, 
65.00, 51.73, 44.11, -29.09, -4.38, 32.54, -15.12, 3.65, 
66.00, 51.92, 42.79, -29.29, -4.37, 32.28, -15.14, 3.65, 
67.00, 51.73, 42.63, -29.06, -4.36, 32.01, -15.16, 3.65, 
68.00, 51.94, 43.53, -29.03, -4.35, 31.75, -15.18, 3.65, 
69.00, 51.89, 42.09, -29.09, -4.35, 31.48, -15.20, 3.65, 
70.00, 52.01, 42.55, -28.83, -4.34, 31.22, -15.22, 3.65, 
71.00, 52.35, 41.71, -28.56, -4.33, 30.95, -15.24, 3.65, 
72.00, 52.16, 43.05, -29.27, -4.32, 30.69, -15.26, 3.65, 
73.00, 51.79, 41.29, -29.19, -4.31, 30.43, -15.28, 3.65, 
74.00, 51.94, 41.76, -29.45, -4.30, 30.16, -15.30, 3.65, 
75.00, 52.01, 41.20, -29.53, -4.29, 29.90, -15.32, 3.65, 
76.00, 52.14, 41.56, -29.51, -4.28, 29.63, -15.34, 3.65, 
77.00, 52.29, 41.48, -29.30, -4.28, 29.37, -15.36, 3.67, 
78.00, 51.95, 39.71, -29.70, -4.27, 29.10, -15.38, 3.65, 
79.00, 52.03, 40.33, -29.54, -4.26, 28.84, -15.40, 3.66, 
80.00, 51.77, 40.13, -29.63, -4.25, 28.57, -15.42, 3.65, 
81.00, 52.20, 40.87, -29.28, -4.24, 28.31, -15.44, 3.64, 
82.00, 52.14, 38.92, -29.56, -4.23, 28.05, -15.46, 3.64, 
83.00, 51.81, 40.73, -29.52, -4.22, 27.78, -15.48, 3.64, 
84.00, 52.03, 39.37, -29.72, -4.21, 27.52, -15.50, 3.65, 
85.00, 51.92, 38.75, -30.25, -4.21, 27.25, -15.52, 3.64, 
86.00, 52.11, 38.31, -29.81, -4.20, 26.99, -15.54, 3.65, 
87.00, 52.00, 38.74, -30.20, -4.19, 26.72, -15.56, 3.64, 
88.00, 52.06, 39.46, -29.66, -4.18, 26.46, -15.58, 3.66, 
89.00, 51.92, 37.14, -29.60, -4.17, 26.20, -15.60, 3.64, 
90.00, 52.16, 39.07, -30.09, -4.16, 25.93, -15.62, 3.65, 
91.00, 52.39, 37.53, -30.21, -4.15, 25.67, -15.64, 3.64, 
92.00, 51.90, 38.05, -29.61, -4.14, 25.40, -15.66, 3.64, 
93.00, 52.01, 36.68, -30.11, -4.14, 25.14, -15.68, 3.65, 
94.00, 52.29, 38.32, -29.61, -4.13, 24.88, -15.70, 3.64, 
95.00, 52.29, 36.21, -29.84, -4.12, 24.61, -15.72, 3.66, 
96.00, 52.28, 36.29, -29.90, -4.11, 24.35, -15.74, 3.64, 
97.00, 52.53, 37.22, -29.26, -4.10, 24.08, -15.76, 3.64, 
98.00, 52.09, 35.20, -29.70, -4.09, 23.82, -15.78, 3.65, 
99.00, 52.18, 36.48, -29.51, -4.08, 23.56, -15.80, 3.64, 
100.00, 52.25, 35.27, -30.22, -4.07, 23.29, -15.82, 3.66, 
101.00, 52.33, 36.55, -29.34, -4.07, 23.03, -15.84, 3.64, 
102.00, 52.23, 34.21, -29.41, -4.06, 22.77, -15.86, 3.66, 
103.00, 52.25, 35.91, -29.81, -4.05, 22.50, -15.88, 3.65, 
104.00, 52.27, 35.14, -29.80, -4.04, 22.24, -15.90, 3.64, 
105.00, 52.12, 34.25, -29.69, -4.03, 21.97, -15.92, 3.66, 
106.00, 52.12, 35.44, -29.82, -4.02, 21.71, -15.94, 3.64, 
107.00, 51.77, 33.40, -29.67, -4.01, 21.45, -15.96, 3.64, 
108.00, 52.10, 34.64, -29.68, -4.00, 21.18, -15.98, 3.66, 
109.00, 52.11, 33.84, -29.56, -4.00, 20.92, -16.00, 3.64, 
110.00, 52.10, 34.48, -29.40, -3.99, 20.66, -16.02, 3.64, 
111.00, 52.36, 33.42, -29.61, -3.98, 20.39, -16.04, 3.66, 
112.00, 52.25, 33.06, -29.58, -3.97, 20.13, -16.06, 3.64, 
113.00, 52.20, 32.74, -29.16, -3.96, 19.87, -16.08, 3.64, 
114.00, 52.29, 32.75, -29.44, -3.95, 19.60, -16.10, 3.66, 
115.00, 51.91, 33.07, -29.64, -3.94, 19.34, -16.13, 3.64, 
116.00, 52.01, 31.36, -29.54, -3.94, 19.08, -16.15, 3.64, 
117.00, 52.15, 33.30, -29.99, -3.93, 18.81, -16.17, 3.66, 
118.00, 52.32, 31.02, -30.12, -3.92, 18.55, -16.19, 3.64, 
119.00, 52.07, 31.94, -29.43, -3.91, 18.29, -16.21, 3.67, 
120.00, 52.23, 31.82, -29.47, -3.90, 18.03, -16.23, 3.65, 
121.00, 51.98, 31.05, -30.16, -3.89, 17.76, -16.25, 3.64, 
122.00, 52.27, 30.72, -29.54, -3.88, 17.50, -16.27, 3.64, 
123.00, 52.13, 30.60, -30.15, -3.87, 17.24, -16.29, 3.66, 
124.00, 52.14, 29.99, -29.72, -3.87, 16.97, -16.31, 3.64, 
125.00, 52.25, 30.52, -30.25, -3.86, 16.71, -16.33, 3.64, 
126.00, 52.35, 30.13, -29.83, -3.85, 16.45, -16.35, 3.67, 
127.00, 52.37, 28.86, -29.70, -3.84, 16.19, -16.37, 3.65, 
128.00, 52.68, 30.82, -29.80, -3.83, 15.92, -16.39, 3.64, 
129.00, 52.47, 28.91, -29.91, -3.82, 15.66, -16.41, 3.65, 
130.00, 52.36, 29.77, -30.20, -3.81, 15.40, -16.43, 3.66, 
131.00, 52.51, 29.20, -30.08, -3.81, 15.14, -16.45, 3.64, 
132.00, 52.65, 29.30, -30.17, -3.80, 14.87, -16.47, 3.64, 
133.00, 52.60, 29.26, -29.82, -3.79, 14.61, -16.49, 3.66, 
134.00, 52.65, 28.26, -30.29, -3.78, 14.35, -16.52, 3.66, 
135.00, 52.68, 28.97, -29.64, -3.77, 14.09, -16.54, 3.64, 
136.00, 52.35, 27.83, -29.58, -3.76, 13.83, -16.56, 3.64, 
137.00, 52.58, 27.87, -30.06, -3.75, 13.56, -16.58, 3.66, 
138.00, 52.50, 27.64, -30.06, -3.75, 13.30, -16.60, 3.66, 
139.00, 53.24, 27.49, -30.38, -3.74, 13.04, -16.62, 3.64, 
140.00, 51.69, 27.14, -30.30, -3.73, 12.78, -16.64, 3.64, 
141.00, 52.74, 27.35, -30.41, -3.72, 12.52, -16.66, 3.64, 
142.00, 52.70, 26.78, -30.00, -3.71, 12.25, -16.68, 3.66, 
143.00, 52.25, 26.70, -30.17, -3.70, 11.99, -16.70, 3.65, 
144.00, 52.76, 25.75, -30.08, -3.69, 11.73, -16.72, 3.63, 
145.00, 52.53, 26.57, -30.47, -3.69, 11.47, -16.74, 3.63, 
146.00, 52.44, 25.61, -30.08, -3.68, 11.21, -16.76, 3.66, 
147.00, 52.43, 26.20, -31.07, -3.67, 10.95, -16.78, 3.66, 
148.00, 52.33, 25.70, -30.06, -3.66, 10.68, -16.80, 3.65, 
149.00, 53.27, 25.17, -30.72, -3.65, 10.42, -16.83, 3.63, 
150.00, 52.43, 25.91, -30.73, -3.64, 10.16, -16.85, 3.63, 
151.00, 52.24, 24.17, -30.14, -3.63, 9.90, -16.87, 3.66, 
152.00, 52.29, 26.02, -29.85, -3.63, 9.64, -16.89, 3.66, 
153.00, 52.26, 22.89, -30.27, -3.62, 9.38, -16.91, 3.65, 
154.00, 52.45, 25.08, -30.01, -3.61, 9.12, -16.93, 3.63, 
155.00, 52.41, 23.23, -30.09, -3.60, 8.86, -16.95, 3.63, 
156.00, 52.43, 24.45, -29.97, -3.59, 8.59, -16.97, 3.63, 
157.00, 52.67, 22.65, -29.89, -3.58, 8.33, -16.99, 3.66, 
158.00, 52.57, 23.71, -30.08, -3.58, 8.07, -17.01, 3.66, 
159.00, 52.71, 22.25, -30.73, -3.57, 7.81, -17.03, 3.63, 
160.00, 52.54, 22.90, -30.34, -3.56, 7.55, -17.06, 3.63, 
161.00, 52.34, 22.87, -31.13, -3.55, 7.29, -17.08, 3.63, 
162.00, 52.62, 22.72, -30.11, -3.54, 7.03, -17.10, 3.63, 
163.00, 52.63, 22.93, -30.53, -3.53, 6.77, -17.12, 3.63, 
164.00, 52.21, 21.41, -29.78, -3.52, 6.51, -17.14, 3.63, 
165.00, 52.50, 22.06, -30.18, -3.52, 6.25, -17.16, 3.63, 
166.00, 52.66, 21.57, -30.52, -3.51, 5.99, -17.18, 3.63, 
167.00, 52.71, 21.27, -30.26, -3.50, 5.73, -17.20, 3.64, 
168.00, 52.92, 22.07, -30.93, -3.49, 5.47, -17.22, 3.65, 
169.00, 52.83, 20.46, -30.35, -3.48, 5.21, -17.24, 3.65, 
170.00, 52.76, 21.56, -30.61, -3.47, 4.95, -17.26, 3.65, 
171.00, 52.41, 19.57, -30.43, -3.47, 4.69, -17.29, 3.65, 
172.00, 52.72, 20.59, -30.17, -3.46, 4.43, -17.31, 3.66, 
173.00, 52.96, 19.63, -30.18, -3.45, 4.17, -17.33, 3.66, 
174.00, 52.93, 19.53, -30.44, -3.44, 3.91, -17.35, 3.66, 
175.00, 53.29, 19.86, -29.94, -3.43, 3.65, -17.37, 3.65, 
176.00, 53.16, 19.37, -30.26, -3.42, 3.39, -17.39, 3.65, 
177.00, 53.12, 20.05, -30.32, -3.42, 3.13, -17.41, 3.65, 
178.00, 53.12, 18.74, -29.94, -3.41, 2.87, -17.43, 3.65, 
179.00, 53.03, 19.04, -30.30, -3.40, 2.61, -17.45, 3.65, 
180.00, 53.07, 19.39, -29.97, -3.39, 2.35, -17.48, 3.65, 
181.00, 53.03, 17.56, -30.49, -3.38, 2.09, -17.50, 3.65, 
182.00, 53.23, 19.02, -30.53, -3.37, 1.83, -17.52, 3.65, 
183.00, 53.09, 17.40, -30.87, -3.37, 1.57, -17.54, 3.66, 
184.00, 52.94, 17.94, -31.07, -3.36, 1.32, -17.56, 3.65, 
185.00, 53.31, 17.64, -30.71, -3.35, 1.06, -17.58, 3.66, 
186.00, 53.08, 16.91, -31.01, -3.34, 0.80, -17.60, 3.66, 
187.00, 52.78, 18.30, -30.98, -3.33, 0.54, -17.62, 3.66, 
188.00, 53.36, 16.07, -30.91, -3.32, 0.28, -17.65, 3.66, 
189.00, 53.10, 17.06, -30.91, -3.32, 0.02, -17.67, 3.66, 
190.00, 53.43, 16.33, -31.09, -3.31, -0.24, -17.69, 3.66, 
191.00, 53.51, 15.68, -31.15, -3.30, -0.49, -17.71, 3.66, 
192.00, 52.96, 16.05, -30.89, -3.29, -0.75, -17.73, 3.64, 
193.00, 52.87, 15.00, -30.71, -3.28, -1.01, -17.75, 3.63, 
194.00, 52.72, 15.24, -30.89, -3.27, -1.27, -17.77, 3.63, 
195.00, 53.01, 14.96, -30.87, -3.27, -1.53, -17.79, 3.64, 
196.00, 52.93, 14.43, -30.75, -3.26, -1.78, -17.82, 3.64, 
197.00, 53.10, 14.92, -30.86, -3.25, -2.04, -17.84, 3.65, 
198.00, 52.83, 13.77, -30.72, -3.24, -2.30, -17.86, 3.65, 
199.00, 53.02, 14.93, -31.03, -3.23, -2.56, -17.88, 3.65, 
200.00, 53.08, 14.12, -31.16, -3.22, -2.82, -17.90, 3.65, 
201.00, 52.83, 14.11, -31.45, -3.22, -3.07, -17.92, 3.65, 
202.00, 53.05, 14.36, -31.71, -3.21, -3.33, -17.94, 3.65, 
203.00, 53.08, 12.98, -31.64, -3.20, -3.59, -17.96, 3.62, 
204.00, 53.16, 13.90, -31.53, -3.19, -3.84, -17.99, 3.62, 
205.00, 53.58, 12.55, -31.70, -3.18, -4.10, -18.01, 3.62, 
206.00, 53.30, 12.98, -32.15, -3.18, -4.36, -18.03, 3.64, 
207.00, 53.23, 12.97, -31.82, -3.17, -4.62, -18.05, 3.64, 
208.00, 53.12, 12.22, -31.58, -3.16, -4.87, -18.07, 3.64, 
209.00, 53.15, 13.02, -31.21, -3.15, -5.13, -18.09, 3.64, 
210.00, 53.36, 11.63, -31.69, -3.14, -5.39, -18.11, 3.65, 
211.00, 53.25, 12.36, -31.48, -3.14, -5.64, -18.14, 3.65, 
212.00, 53.16, 11.77, -30.94, -3.13, -5.90, -18.16, 3.65, 
213.00, 53.24, 11.22, -31.11, -3.12, -6.16, -18.18, 3.65, 
214.00, 53.31, 11.87, -31.46, -3.11, -6.41, -18.20, 3.65, 
215.00, 52.90, 10.69, -31.26, -3.10, -6.67, -18.22, 3.65, 
216.00, 53.01, 11.46, -31.51, -3.09, -6.92, -18.24, 3.65, 
217.00, 52.93, 11.01, -31.52, -3.09, -7.18, -18.27, 3.65, 
218.00, 52.89, 10.80, -31.53, -3.08, -7.44, -18.29, 3.65, 
219.00, 52.84, 11.18, -31.43, -3.07, -7.69, -18.31, 3.65, 
220.00, 52.75, 10.50, -31.32, -3.06, -7.95, -18.33, 3.65, 
221.00, 52.72, 10.73, -31.66, -3.05, -8.20, -18.35, 3.65, 
222.00, 53.19, 10.44, -31.39, -3.05, -8.46, -18.37, 3.65, 
223.00, 52.97, 10.09, -31.53, -3.04, -8.71, -18.39, 3.65, 
224.00, 52.91, 10.27, -31.65, -3.03, -8.97, -18.42, 3.65, 
225.00, 52.85, 9.40, -31.52, -3.02, -9.22, -18.44, 3.63, 
226.00, 52.69, 9.09, -31.06, -3.01, -9.48, -18.46, 3.62, 
227.00, 52.91, 8.89, -31.39, -3.01, -9.73, -18.48, 3.64, 
228.00, 53.16, 8.80, -31.20, -3.00, -9.99, -18.50, 3.64, 
229.00, 53.15, 8.88, -31.43, -2.99, -10.24, -18.52, 3.65, 
230.00, 53.14, 7.77, -31.56, -2.98, -10.50, -18.55, 3.65, 
231.00, 53.12, 8.22, -31.78, -2.97, -10.75, -18.57, 3.65, 
232.00, 53.00, 7.71, -31.12, -2.97, -11.01, -18.59, 3.65, 
233.00, 52.96, 7.64, -31.85, -2.96, -11.26, -18.61, 3.65, 
234.00, 52.75, 7.97, -31.89, -2.95, -11.52, -18.63, 3.65, 
235.00, 53.10, 7.58, -31.77, -2.94, -11.77, -18.66, 3.65, 
236.00, 53.43, 7.38, -31.70, -2.93, -12.02, -18.68, 3.61, 
237.00, 53.24, 6.76, -31.74, -2.93, -12.28, -18.70, 3.64, 
238.00, 53.08, 6.58, -31.49, -2.92, -12.53, -18.72, 3.64, 
239.00, 53.17, 6.97, -31.59, -2.91, -12.78, -18.74, 3.64, 
240.00, 52.96, 6.09, -31.87, -2.90, -13.04, -18.76, 3.65, 
241.00, 53.04, 6.30, -31.62, -2.90, -13.29, -18.79, 3.65, 
242.00, 53.08, 6.34, -31.75, -2.89, -13.54, -18.81, 3.65, 
243.00, 53.12, 6.12, -31.58, -2.88, -13.80, -18.83, 3.65, 
244.00, 53.28, 5.74, -31.33, -2.87, -14.05, -18.85, 3.65, 
245.00, 53.17, 5.35, -31.39, -2.86, -14.30, -18.87, 3.64, 
246.00, 53.00, 5.40, -31.18, -2.86, -14.56, -18.89, 3.64, 
247.00, 53.08, 5.20, -31.47, -2.85, -14.81, -18.92, 3.64, 
248.00, 53.26, 4.79, -31.61, -2.84, -15.06, -18.94, 3.64, 
249.00, 53.10, 4.68, -31.91, -2.83, -15.31, -18.96, 3.64, 
250.00, 53.01, 4.26, -31.77, -2.82, -15.57, -18.98, 3.64, 
251.00, 53.12, 4.20, -31.71, -2.82, -15.82, -19.00, 3.64, 
252.00, 53.43, 4.05, -31.36, -2.81, -16.07, -19.03, 3.64, 
253.00, 53.51, 3.81, -31.77, -2.80, -16.32, -19.05, 3.64, 
254.00, 53.30, 3.91, -31.79, -2.79, -16.58, -19.07, 3.64, 
255.00, 53.24, 3.36, -31.60, -2.79, -16.83, -19.09, 3.64, 
