---START---
-255.00, 61.18, 112.15, -32.80, -7.07, 115.05, -9.40, 3.96, 
-254.00, 50.26, 112.88, -26.12, -7.06, 114.81, -9.42, 3.95, 
-253.00, 50.54, 112.81, -25.69, -7.05, 114.57, -9.43, 3.95, 
-252.00, 50.50, 112.36, -25.65, -7.05, 114.33, -9.45, 3.95, 
-251.00, 50.17, 112.01, -25.52, -7.04, 114.08, -9.46, 3.95, 
-250.00, 49.91, 112.36, -25.01, -7.03, 113.84, -9.48, 3.95, 
-249.00, 50.01, 112.18, -25.29, -7.02, 113.60, -9.49, 3.95, 
-248.00, 50.24, 111.48, -25.38, -7.02, 113.36, -9.51, 3.95, 
-247.00, 50.21, 111.32, -25.32, -7.01, 113.11, -9.53, 3.95, 
-246.00, 50.39, 110.91, -25.66, -7.00, 112.87, -9.54, 3.95, 
-245.00, 50.32, 110.82, -25.81, -6.99, 112.63, -9.56, 3.95, 
-244.00, 50.42, 110.68, -25.82, -6.99, 112.38, -9.57, 3.95, 
-243.00, 50.28, 110.67, -26.09, -6.98, 112.14, -9.59, 3.95, 
-242.00, 50.26, 110.92, -26.05, -6.97, 111.90, -9.61, 3.95, 
-241.00, 50.23, 110.54, -26.47, -6.96, 111.65, -9.62, 3.95, 
-240.00, 50.19, 109.98, -26.25, -6.96, 111.41, -9.64, 3.95, 
-239.00, 50.26, 109.78, -26.10, -6.95, 111.17, -9.65, 3.95, 
-238.00, 50.42, 109.40, -26.02, -6.94, 110.92, -9.67, 3.95, 
-237.00, 50.49, 109.18, -26.08, -6.93, 110.68, -9.69, 3.95, 
-236.00, 50.49, 108.98, -25.94, -6.93, 110.43, -9.70, 3.95, 
-235.00, 50.66, 108.82, -26.13, -6.92, 110.19, -9.72, 3.95, 
-234.00, 50.70, 108.95, -26.19, -6.91, 109.94, -9.73, 3.95, 
-233.00, 50.57, 107.98, -26.26, -6.90, 109.70, -9.75, 3.95, 
-232.00, 50.67, 107.71, -26.01, -6.90, 109.45, -9.77, 3.95, 
-231.00, 50.36, 108.18, -25.80, -6.89, 109.21, -9.78, 3.95, 
-230.00, 50.52, 107.61, -25.91, -6.88, 108.96, -9.80, 3.95, 
-229.00, 50.32, 107.47, -25.71, -6.87, 108.72, -9.82, 3.95, 
-228.00, 50.66, 107.49, -25.63, -6.87, 108.47, -9.83, 3.95, 
-227.00, 50.37, 106.56, -25.80, -6.86, 108.22, -9.85, 3.95, 
-226.00, 50.62, 106.57, -25.72, -6.85, 107.98, -9.86, 3.95, 
-225.00, 50.61, 106.21, -25.48, -6.84, 107.73, -9.88, 3.95, 
-224.00, 50.58, 105.69, -25.29, -6.84, 107.49, -9.90, 3.95, 
-223.00, 50.84, 106.63, -24.95, -6.83, 107.24, -9.91, 3.95, 
-222.00, 50.96, 105.47, -25.64, -6.82, 106.99, -9.93, 3.95, 
-221.00, 50.69, 105.28, -24.74, -6.81, 106.75, -9.95, 3.95, 
-220.00, 50.58, 105.91, -25.41, -6.81, 106.50, -9.96, 3.96, 
-219.00, 50.61, 104.95, -25.64, -6.80, 106.25, -9.98, 3.96, 
-218.00, 50.32, 104.73, -25.67, -6.79, 106.00, -9.99, 3.96, 
-217.00, 50.86, 104.14, -25.45, -6.78, 105.76, -10.01, 3.96, 
-216.00, 50.73, 103.82, -25.82, -6.77, 105.51, -10.03, 3.96, 
-215.00, 50.72, 104.07, -25.74, -6.77, 105.26, -10.04, 3.95, 
-214.00, 50.90, 103.39, -25.46, -6.76, 105.01, -10.06, 3.95, 
-213.00, 50.77, 102.93, -25.58, -6.75, 104.77, -10.08, 3.95, 
-212.00, 50.38, 104.13, -25.42, -6.74, 104.52, -10.09, 3.95, 
-211.00, 50.23, 103.38, -25.73, -6.74, 104.27, -10.11, 3.96, 
-210.00, 50.16, 102.91, -25.99, -6.73, 104.02, -10.13, 3.96, 
-209.00, 50.26, 103.10, -26.37, -6.72, 103.77, -10.14, 3.96, 
-208.00, 50.65, 102.08, -26.67, -6.71, 103.53, -10.16, 3.96, 
-207.00, 50.72, 102.21, -26.33, -6.71, 103.28, -10.17, 3.96, 
-206.00, 50.80, 101.75, -25.78, -6.70, 103.03, -10.19, 3.96, 
-205.00, 50.96, 100.89, -26.06, -6.69, 102.78, -10.21, 3.96, 
-204.00, 50.57, 102.19, -25.77, -6.68, 102.53, -10.22, 3.96, 
-203.00, 50.65, 101.40, -26.26, -6.67, 102.28, -10.24, 3.96, 
-202.00, 50.58, 100.99, -25.93, -6.67, 102.03, -10.26, 3.96, 
-201.00, 50.58, 101.66, -26.62, -6.66, 101.78, -10.27, 3.96, 
-200.00, 50.49, 99.86, -26.21, -6.65, 101.53, -10.29, 3.96, 
-199.00, 50.73, 99.36, -25.79, -6.64, 101.28, -10.31, 3.96, 
-198.00, 50.71, 99.67, -26.23, -6.63, 101.03, -10.32, 3.96, 
-197.00, 50.71, 98.65, -26.56, -6.63, 100.78, -10.34, 3.96, 
-196.00, 50.55, 99.91, -26.12, -6.62, 100.53, -10.36, 3.96, 
-195.00, 50.43, 99.37, -26.01, -6.61, 100.28, -10.37, 3.96, 
-194.00, 50.88, 98.34, -26.05, -6.60, 100.03, -10.39, 3.96, 
-193.00, 50.85, 99.30, -25.96, -6.60, 99.78, -10.41, 3.96, 
-192.00, 50.56, 97.89, -25.91, -6.59, 99.53, -10.42, 3.96, 
-191.00, 50.49, 98.41, -26.00, -6.58, 99.28, -10.44, 3.96, 
-190.00, 50.85, 98.56, -26.94, -6.57, 99.03, -10.46, 3.96, 
-189.00, 50.73, 97.64, -26.85, -6.56, 98.78, -10.47, 3.96, 
-188.00, 50.56, 98.49, -26.31, -6.56, 98.53, -10.49, 3.96, 
-187.00, 50.72, 97.47, -26.33, -6.55, 98.28, -10.51, 3.96, 
-186.00, 50.85, 96.45, -26.28, -6.54, 98.02, -10.52, 3.96, 
-185.00, 50.56, 97.39, -26.53, -6.53, 97.77, -10.54, 3.96, 
-184.00, 50.67, 95.86, -26.81, -6.52, 97.52, -10.56, 3.96, 
-183.00, 50.83, 96.53, -26.50, -6.52, 97.27, -10.57, 3.96, 
-182.00, 50.87, 96.81, -26.20, -6.51, 97.02, -10.59, 3.96, 
-181.00, 50.48, 95.86, -26.35, -6.50, 96.77, -10.61, 3.97, 
-180.00, 50.55, 96.73, -26.55, -6.49, 96.51, -10.62, 3.97, 
-179.00, 50.46, 95.29, -26.45, -6.48, 96.26, -10.64, 3.97, 
-178.00, 50.25, 94.63, -26.77, -6.48, 96.01, -10.66, 3.97, 
-177.00, 50.56, 95.20, -26.16, -6.47, 95.76, -10.67, 3.96, 
-176.00, 50.59, 94.46, -26.08, -6.46, 95.50, -10.69, 3.96, 
-175.00, 50.66, 95.76, -26.39, -6.45, 95.25, -10.71, 3.97, 
-174.00, 50.57, 94.91, -25.90, -6.44, 95.00, -10.73, 3.97, 
-173.00, 50.87, 93.71, -26.24, -6.44, 94.75, -10.74, 3.96, 
-172.00, 50.60, 94.07, -26.16, -6.43, 94.49, -10.76, 3.96, 
-171.00, 50.75, 93.75, -26.23, -6.42, 94.24, -10.78, 3.96, 
-170.00, 50.95, 94.24, -26.56, -6.41, 93.99, -10.79, 3.97, 
-169.00, 51.09, 94.35, -26.48, -6.40, 93.73, -10.81, 3.97, 
-168.00, 50.58, 92.42, -26.37, -6.39, 93.48, -10.83, 3.97, 
-167.00, 50.76, 92.76, -26.35, -6.39, 93.23, -10.84, 3.97, 
-166.00, 50.43, 92.47, -26.01, -6.38, 92.97, -10.86, 3.97, 
-165.00, 50.73, 92.24, -25.86, -6.37, 92.72, -10.88, 3.97, 
-164.00, 50.68, 93.48, -26.43, -6.36, 92.47, -10.90, 3.97, 
-163.00, 50.70, 90.62, -26.12, -6.35, 92.21, -10.91, 3.97, 
-162.00, 50.73, 90.99, -26.21, -6.35, 91.96, -10.93, 3.97, 
-161.00, 50.87, 92.34, -26.33, -6.34, 91.70, -10.95, 3.97, 
-160.00, 50.72, 91.20, -26.61, -6.33, 91.45, -10.96, 3.97, 
-159.00, 50.65, 92.10, -26.73, -6.32, 91.19, -10.98, 3.97, 
-158.00, 50.68, 89.92, -26.26, -6.31, 90.94, -11.00, 3.97, 
-157.00, 50.65, 90.62, -26.36, -6.30, 90.69, -11.01, 3.97, 
-156.00, 50.87, 90.38, -26.02, -6.30, 90.43, -11.03, 3.97, 
-155.00, 50.82, 89.91, -26.27, -6.29, 90.18, -11.05, 3.97, 
-154.00, 50.68, 91.01, -26.70, -6.28, 89.92, -11.07, 3.97, 
-153.00, 50.83, 90.23, -26.82, -6.27, 89.67, -11.08, 3.97, 
-152.00, 50.72, 89.34, -26.71, -6.26, 89.41, -11.10, 3.97, 
-151.00, 50.81, 90.61, -26.09, -6.26, 89.16, -11.12, 3.97, 
-150.00, 50.96, 88.87, -26.53, -6.25, 88.90, -11.13, 3.97, 
-149.00, 50.84, 88.05, -26.25, -6.24, 88.64, -11.15, 3.97, 
-148.00, 50.88, 88.74, -26.01, -6.23, 88.39, -11.17, 3.97, 
-147.00, 51.07, 87.04, -26.22, -6.22, 88.13, -11.19, 3.97, 
-146.00, 51.12, 87.82, -26.41, -6.21, 87.88, -11.20, 3.97, 
-145.00, 51.11, 87.44, -26.46, -6.21, 87.62, -11.22, 3.97, 
-144.00, 51.06, 87.77, -26.47, -6.20, 87.37, -11.24, 3.97, 
-143.00, 51.09, 88.31, -26.07, -6.19, 87.11, -11.26, 3.97, 
-142.00, 51.10, 87.14, -26.62, -6.18, 86.85, -11.27, 3.97, 
-141.00, 50.98, 87.29, -26.47, -6.17, 86.60, -11.29, 3.97, 
-140.00, 51.12, 87.78, -26.64, -6.16, 86.34, -11.31, 3.97, 
-139.00, 50.86, 85.71, -26.88, -6.16, 86.08, -11.32, 3.97, 
-138.00, 50.99, 87.19, -26.77, -6.15, 85.83, -11.34, 3.97, 
-137.00, 51.12, 85.18, -26.40, -6.14, 85.57, -11.36, 3.97, 
-136.00, 50.86, 84.50, -26.53, -6.13, 85.31, -11.38, 3.97, 
-135.00, 51.19, 85.51, -26.56, -6.12, 85.06, -11.39, 3.98, 
-134.00, 51.36, 83.93, -26.09, -6.11, 84.80, -11.41, 3.98, 
-133.00, 51.53, 86.05, -26.34, -6.11, 84.54, -11.43, 3.98, 
-132.00, 51.28, 85.90, -26.61, -6.10, 84.29, -11.45, 3.97, 
-131.00, 51.29, 83.94, -26.58, -6.09, 84.03, -11.46, 3.97, 
-130.00, 51.36, 85.64, -26.88, -6.08, 83.77, -11.48, 3.97, 
-129.00, 51.02, 83.56, -27.02, -6.07, 83.51, -11.50, 3.97, 
-128.00, 51.23, 83.60, -27.21, -6.06, 83.26, -11.52, 3.97, 
-127.00, 51.22, 83.86, -27.07, -6.06, 83.00, -11.53, 3.97, 
-126.00, 51.24, 82.20, -27.03, -6.05, 82.74, -11.55, 3.98, 
-125.00, 51.18, 82.91, -26.72, -6.04, 82.48, -11.57, 3.98, 
-124.00, 51.30, 82.85, -26.72, -6.03, 82.23, -11.59, 3.98, 
-123.00, 51.47, 82.67, -26.69, -6.02, 81.97, -11.60, 3.98, 
-122.00, 51.56, 83.66, -26.92, -6.01, 81.71, -11.62, 3.97, 
-121.00, 51.55, 82.27, -27.11, -6.01, 81.45, -11.64, 3.97, 
-120.00, 51.57, 82.24, -27.50, -6.00, 81.19, -11.66, 3.97, 
-119.00, 51.34, 83.20, -26.94, -5.99, 80.94, -11.67, 3.97, 
-118.00, 51.47, 80.68, -26.60, -5.98, 80.68, -11.69, 3.97, 
-117.00, 51.47, 81.54, -27.25, -5.97, 80.42, -11.71, 3.98, 
-116.00, 51.51, 81.12, -27.09, -5.96, 80.16, -11.73, 3.98, 
-115.00, 51.43, 79.92, -27.20, -5.95, 79.90, -11.74, 3.98, 
-114.00, 51.35, 80.82, -26.91, -5.95, 79.64, -11.76, 3.98, 
-113.00, 51.53, 79.41, -27.30, -5.94, 79.38, -11.78, 3.98, 
-112.00, 51.66, 79.93, -27.37, -5.93, 79.13, -11.80, 3.98, 
-111.00, 51.94, 80.93, -27.11, -5.92, 78.87, -11.82, 3.98, 
-110.00, 51.87, 79.64, -27.47, -5.91, 78.61, -11.83, 3.98, 
-109.00, 51.55, 80.62, -27.23, -5.90, 78.35, -11.85, 3.98, 
-108.00, 51.75, 80.12, -26.77, -5.90, 78.09, -11.87, 3.98, 
-107.00, 51.57, 78.52, -27.37, -5.89, 77.83, -11.89, 3.98, 
-106.00, 51.58, 78.80, -27.21, -5.88, 77.57, -11.90, 3.98, 
-105.00, 51.25, 77.33, -26.95, -5.87, 77.31, -11.92, 3.98, 
-104.00, 51.44, 78.10, -27.62, -5.86, 77.05, -11.94, 3.98, 
-103.00, 51.45, 78.56, -27.02, -5.85, 76.79, -11.96, 3.98, 
-102.00, 51.60, 76.83, -26.74, -5.84, 76.53, -11.98, 3.98, 
-101.00, 51.76, 78.81, -27.29, -5.84, 76.27, -11.99, 3.98, 
-100.00, 51.79, 77.21, -26.84, -5.83, 76.01, -12.01, 3.98, 
-99.00, 51.60, 76.94, -26.66, -5.82, 75.75, -12.03, 3.98, 
-98.00, 51.53, 78.32, -26.33, -5.81, 75.49, -12.05, 3.98, 
-97.00, 51.45, 76.02, -27.01, -5.80, 75.23, -12.06, 3.98, 
-96.00, 51.48, 77.22, -27.12, -5.79, 74.97, -12.08, 3.98, 
-95.00, 51.93, 75.19, -26.60, -5.78, 74.71, -12.10, 3.98, 
-94.00, 51.72, 75.18, -27.51, -5.78, 74.45, -12.12, 3.98, 
-93.00, 51.46, 75.97, -26.78, -5.77, 74.19, -12.14, 3.98, 
-92.00, 51.73, 74.78, -27.01, -5.76, 73.93, -12.15, 3.98, 
-91.00, 51.54, 76.09, -27.11, -5.75, 73.67, -12.17, 3.98, 
-90.00, 51.83, 74.74, -27.14, -5.74, 73.41, -12.19, 3.98, 
-89.00, 52.04, 74.17, -26.68, -5.73, 73.15, -12.21, 3.98, 
-88.00, 52.02, 75.00, -27.27, -5.72, 72.89, -12.23, 3.98, 
-87.00, 51.98, 72.88, -27.60, -5.72, 72.63, -12.24, 3.98, 
-86.00, 51.82, 73.97, -27.43, -5.71, 72.37, -12.26, 3.98, 
-85.00, 52.02, 73.68, -27.33, -5.70, 72.11, -12.28, 3.98, 
-84.00, 51.58, 74.21, -27.99, -5.69, 71.85, -12.30, 3.98, 
-83.00, 51.44, 74.24, -27.70, -5.68, 71.59, -12.32, 3.98, 
-82.00, 51.63, 72.47, -27.64, -5.67, 71.33, -12.33, 3.98, 
-81.00, 51.75, 72.97, -28.01, -5.66, 71.06, -12.35, 3.98, 
-80.00, 51.70, 71.89, -27.38, -5.66, 70.80, -12.37, 3.98, 
-79.00, 51.67, 71.33, -27.85, -5.65, 70.54, -12.39, 3.98, 
-78.00, 51.40, 72.58, -27.59, -5.64, 70.28, -12.41, 3.98, 
-77.00, 51.26, 71.31, -27.30, -5.63, 70.02, -12.42, 3.98, 
-76.00, 51.50, 72.18, -27.72, -5.62, 69.76, -12.44, 3.98, 
-75.00, 51.71, 71.63, -28.08, -5.61, 69.50, -12.46, 3.98, 
-74.00, 51.84, 69.97, -27.50, -5.60, 69.23, -12.48, 3.98, 
-73.00, 51.88, 70.93, -27.60, -5.59, 68.97, -12.50, 3.99, 
-72.00, 51.78, 70.57, -27.74, -5.59, 68.71, -12.51, 3.98, 
-71.00, 51.63, 70.29, -27.64, -5.58, 68.45, -12.53, 3.98, 
-70.00, 51.56, 70.96, -27.93, -5.57, 68.19, -12.55, 3.98, 
-69.00, 51.71, 68.53, -27.57, -5.56, 67.93, -12.57, 3.98, 
-68.00, 52.03, 69.15, -27.57, -5.55, 67.66, -12.59, 3.98, 
-67.00, 52.25, 69.27, -27.72, -5.54, 67.40, -12.61, 3.98, 
-66.00, 51.66, 69.85, -27.51, -5.53, 67.14, -12.62, 3.98, 
-65.00, 51.58, 69.09, -27.50, -5.53, 66.88, -12.64, 3.99, 
-64.00, 51.64, 67.67, -27.26, -5.52, 66.62, -12.66, 3.98, 
-63.00, 51.27, 67.96, -27.47, -5.51, 66.35, -12.68, 3.98, 
-62.00, 51.74, 68.27, -27.86, -5.50, 66.09, -12.70, 3.98, 
-61.00, 51.89, 67.99, -27.18, -5.49, 65.83, -12.72, 3.99, 
-60.00, 52.13, 68.35, -27.50, -5.48, 65.57, -12.73, 3.98, 
-59.00, 51.91, 67.13, -27.71, -5.47, 65.30, -12.75, 3.98, 
-58.00, 52.19, 66.95, -27.57, -5.46, 65.04, -12.77, 3.98, 
-57.00, 51.86, 67.75, -27.42, -5.46, 64.78, -12.79, 3.98, 
-56.00, 51.71, 65.81, -27.83, -5.45, 64.52, -12.81, 3.99, 
-55.00, 51.59, 66.16, -28.18, -5.44, 64.25, -12.83, 3.98, 
-54.00, 52.01, 66.12, -28.10, -5.43, 63.99, -12.84, 3.99, 
-53.00, 52.14, 65.65, -28.33, -5.42, 63.73, -12.86, 3.99, 
-52.00, 52.27, 65.73, -28.19, -5.41, 63.47, -12.88, 3.99, 
-51.00, 53.05, 64.22, -27.87, -5.40, 63.20, -12.90, 3.99, 
-50.00, 51.96, 64.93, -28.11, -5.39, 62.94, -12.92, 3.99, 
-49.00, 52.31, 65.70, -27.69, -5.39, 62.68, -12.94, 3.99, 
-48.00, 52.22, 63.95, -27.57, -5.38, 62.42, -12.95, 3.99, 
-47.00, 51.86, 64.77, -28.06, -5.37, 62.15, -12.97, 3.99, 
-46.00, 52.05, 64.70, -28.48, -5.36, 61.89, -12.99, 3.99, 
-45.00, 51.91, 64.07, -28.39, -5.35, 61.63, -13.01, 3.99, 
-44.00, 52.12, 64.22, -28.31, -5.34, 61.36, -13.03, 3.99, 
-43.00, 51.98, 62.86, -27.95, -5.33, 61.10, -13.05, 3.99, 
-42.00, 51.87, 63.73, -28.14, -5.32, 60.84, -13.07, 3.99, 
-41.00, 51.89, 62.97, -28.05, -5.32, 60.57, -13.08, 3.99, 
-40.00, 51.77, 61.90, -28.12, -5.31, 60.31, -13.10, 3.99, 
-39.00, 51.86, 62.91, -28.06, -5.30, 60.05, -13.12, 3.99, 
-38.00, 52.11, 61.84, -28.18, -5.29, 59.78, -13.14, 3.99, 
-37.00, 51.84, 61.74, -28.38, -5.28, 59.52, -13.16, 3.99, 
-36.00, 51.76, 62.49, -27.82, -5.27, 59.26, -13.18, 3.99, 
-35.00, 51.90, 61.51, -27.99, -5.26, 58.99, -13.20, 3.99, 
-34.00, 51.74, 61.23, -28.12, -5.25, 58.73, -13.21, 3.99, 
-33.00, 52.02, 60.89, -28.02, -5.25, 58.47, -13.23, 3.99, 
-32.00, 52.13, 60.76, -28.51, -5.24, 58.20, -13.25, 3.99, 
-31.00, 52.08, 60.79, -28.04, -5.23, 57.94, -13.27, 3.99, 
-30.00, 51.97, 60.18, -28.45, -5.22, 57.68, -13.29, 3.99, 
-29.00, 52.04, 60.74, -28.50, -5.21, 57.41, -13.31, 3.99, 
-28.00, 52.17, 59.08, -28.41, -5.20, 57.15, -13.33, 3.99, 
-27.00, 52.22, 59.65, -28.02, -5.19, 56.88, -13.35, 3.99, 
-26.00, 52.04, 60.08, -28.27, -5.18, 56.62, -13.36, 3.99, 
-25.00, 52.20, 58.94, -27.72, -5.18, 56.36, -13.38, 3.99, 
-24.00, 52.47, 59.37, -28.14, -5.17, 56.09, -13.40, 3.99, 
-23.00, 52.24, 58.82, -27.88, -5.16, 55.83, -13.42, 3.99, 
-22.00, 52.22, 58.81, -27.83, -5.15, 55.57, -13.44, 3.99, 
-21.00, 52.11, 58.92, -28.30, -5.14, 55.30, -13.46, 3.99, 
-20.00, 52.07, 57.92, -27.87, -5.13, 55.04, -13.48, 3.99, 
-19.00, 52.23, 58.28, -28.38, -5.12, 54.77, -13.50, 3.99, 
-18.00, 51.89, 58.03, -28.54, -5.11, 54.51, -13.51, 3.99, 
-17.00, 52.15, 57.20, -28.36, -5.10, 54.25, -13.53, 3.99, 
-16.00, 52.28, 57.45, -28.63, -5.10, 53.98, -13.55, 3.99, 
-15.00, 52.33, 56.58, -29.05, -5.09, 53.72, -13.57, 3.99, 
-14.00, 52.29, 56.78, -28.85, -5.08, 53.45, -13.59, 3.99, 
-13.00, 52.32, 56.60, -28.72, -5.07, 53.19, -13.61, 3.99, 
-12.00, 52.57, 56.08, -28.61, -5.06, 52.92, -13.63, 3.99, 
-11.00, 52.23, 56.29, -28.37, -5.05, 52.66, -13.65, 3.99, 
-10.00, 52.49, 55.95, -28.57, -5.04, 52.40, -13.67, 3.99, 
-9.00, 52.43, 55.53, -28.33, -5.03, 52.13, -13.68, 3.99, 
-8.00, 52.59, 55.10, -28.42, -5.03, 51.87, -13.70, 3.99, 
-7.00, 52.45, 54.90, -28.50, -5.02, 51.60, -13.72, 3.99, 
-6.00, 52.58, 54.02, -28.38, -5.01, 51.34, -13.74, 3.99, 
-5.00, 52.51, 54.21, -28.84, -5.00, 51.07, -13.76, 3.99, 
-4.00, 52.11, 54.01, -28.78, -4.99, 50.81, -13.78, 3.99, 
-3.00, 52.14, 53.84, -29.01, -4.98, 50.55, -13.80, 3.99, 
-2.00, 52.37, 53.66, -28.93, -4.97, 50.28, -13.82, 3.99, 
-1.00, 52.60, 53.01, -28.91, -4.96, 50.02, -13.84, 3.99, 
0.00, 52.75, 53.16, -29.68, -4.95, 49.75, -13.86, 3.99, 
1.00, 52.81, 52.96, -29.14, -4.95, 49.49, -13.87, 3.99, 
2.00, 52.55, 52.60, -29.10, -4.94, 49.22, -13.89, 3.99, 
3.00, 52.53, 52.49, -29.31, -4.93, 48.96, -13.91, 3.99, 
4.00, 52.21, 52.23, -29.37, -4.92, 48.69, -13.93, 3.99, 
5.00, 52.58, 51.84, -29.04, -4.91, 48.43, -13.95, 3.99, 
6.00, 52.51, 51.61, -29.30, -4.90, 48.16, -13.97, 3.99, 
7.00, 52.54, 51.46, -29.24, -4.89, 47.90, -13.99, 3.99, 
8.00, 52.41, 51.37, -29.52, -4.88, 47.63, -14.01, 3.99, 
9.00, 52.55, 51.10, -29.60, -4.88, 47.37, -14.03, 3.99, 
10.00, 52.55, 50.43, -28.65, -4.87, 47.11, -14.05, 3.99, 
11.00, 52.53, 50.37, -29.08, -4.86, 46.84, -14.07, 3.99, 
12.00, 52.46, 49.90, -29.02, -4.85, 46.58, -14.09, 3.99, 
13.00, 52.78, 50.05, -28.98, -4.84, 46.31, -14.10, 3.99, 
14.00, 52.60, 49.55, -29.27, -4.83, 46.05, -14.12, 3.99, 
15.00, 52.70, 49.30, -29.54, -4.82, 45.78, -14.14, 3.99, 
16.00, 52.72, 49.20, -29.31, -4.81, 45.52, -14.16, 3.99, 
17.00, 52.66, 48.64, -29.30, -4.80, 45.25, -14.18, 3.99, 
18.00, 53.08, 48.68, -29.25, -4.80, 44.99, -14.20, 3.99, 
19.00, 52.89, 48.44, -29.14, -4.79, 44.72, -14.22, 3.99, 
20.00, 52.86, 48.37, -29.26, -4.78, 44.46, -14.24, 3.99, 
21.00, 52.74, 47.98, -29.38, -4.77, 44.19, -14.26, 3.99, 
22.00, 52.96, 47.68, -29.09, -4.76, 43.93, -14.28, 3.99, 
23.00, 52.72, 47.70, -28.94, -4.75, 43.66, -14.30, 3.99, 
24.00, 52.46, 47.23, -29.10, -4.74, 43.40, -14.32, 3.99, 
25.00, 52.80, 47.36, -29.54, -4.73, 43.13, -14.34, 3.99, 
26.00, 52.66, 46.84, -29.05, -4.72, 42.87, -14.36, 3.99, 
27.00, 52.64, 46.38, -29.28, -4.72, 42.60, -14.37, 3.99, 
28.00, 52.50, 46.62, -29.44, -4.71, 42.34, -14.39, 3.99, 
29.00, 52.53, 46.16, -29.49, -4.70, 42.07, -14.41, 3.99, 
30.00, 52.51, 46.82, -28.86, -4.69, 41.81, -14.43, 3.99, 
31.00, 52.62, 46.17, -29.17, -4.68, 41.54, -14.45, 3.99, 
32.00, 52.53, 45.71, -29.30, -4.67, 41.28, -14.47, 3.99, 
33.00, 52.44, 45.13, -29.02, -4.66, 41.02, -14.49, 3.99, 
34.00, 52.53, 44.70, -29.17, -4.65, 40.75, -14.51, 3.99, 
35.00, 52.50, 45.22, -28.78, -4.65, 40.49, -14.53, 3.99, 
36.00, 52.44, 44.03, -29.10, -4.64, 40.22, -14.55, 3.99, 
37.00, 52.43, 44.38, -29.24, -4.63, 39.96, -14.57, 3.99, 
38.00, 52.70, 44.06, -29.44, -4.62, 39.69, -14.59, 3.99, 
39.00, 52.79, 44.79, -29.27, -4.61, 39.43, -14.61, 3.99, 
40.00, 52.79, 43.17, -28.71, -4.60, 39.16, -14.63, 3.99, 
41.00, 52.54, 44.18, -28.67, -4.59, 38.90, -14.65, 3.99, 
42.00, 52.48, 43.09, -28.74, -4.58, 38.63, -14.67, 3.99, 
43.00, 52.42, 43.11, -29.18, -4.57, 38.37, -14.69, 3.99, 
44.00, 52.54, 42.80, -29.38, -4.57, 38.10, -14.71, 3.99, 
45.00, 52.47, 42.48, -29.39, -4.56, 37.84, -14.73, 3.99, 
46.00, 52.39, 42.85, -29.25, -4.55, 37.57, -14.74, 3.99, 
47.00, 52.43, 41.89, -29.54, -4.54, 37.31, -14.76, 3.98, 
48.00, 52.58, 42.74, -30.04, -4.53, 37.04, -14.78, 3.98, 
49.00, 52.36, 41.20, -30.10, -4.52, 36.78, -14.80, 3.98, 
50.00, 52.32, 42.35, -29.94, -4.51, 36.51, -14.82, 3.99, 
51.00, 53.17, 40.48, -29.87, -4.50, 36.25, -14.84, 3.99, 
52.00, 52.46, 41.24, -29.89, -4.50, 35.98, -14.86, 3.99, 
53.00, 52.60, 40.68, -30.04, -4.49, 35.72, -14.88, 3.99, 
54.00, 52.62, 40.30, -29.90, -4.48, 35.45, -14.90, 3.98, 
55.00, 52.39, 40.32, -29.98, -4.47, 35.19, -14.92, 3.99, 
56.00, 52.25, 39.78, -29.57, -4.46, 34.92, -14.94, 3.99, 
57.00, 52.47, 39.85, -29.10, -4.45, 34.66, -14.96, 3.98, 
58.00, 52.47, 39.31, -28.84, -4.44, 34.39, -14.98, 3.99, 
59.00, 51.87, 39.23, -29.36, -4.43, 34.13, -15.00, 3.99, 
60.00, 52.48, 38.86, -29.21, -4.42, 33.87, -15.02, 3.98, 
61.00, 52.79, 39.27, -29.20, -4.42, 33.60, -15.04, 3.98, 
62.00, 52.70, 38.25, -29.06, -4.41, 33.34, -15.06, 3.98, 
63.00, 53.05, 38.24, -29.40, -4.40, 33.07, -15.08, 3.98, 
64.00, 52.94, 37.10, -28.92, -4.39, 32.81, -15.10, 3.98, 
65.00, 52.96, 37.82, -29.62, -4.38, 32.54, -15.12, 3.98, 
66.00, 52.77, 37.21, -29.58, -4.37, 32.28, -15.14, 3.98, 
67.00, 52.70, 36.41, -30.34, -4.36, 32.01, -15.16, 3.98, 
68.00, 53.00, 37.51, -30.11, -4.35, 31.75, -15.18, 3.98, 
69.00, 52.82, 35.69, -29.75, -4.35, 31.48, -15.20, 3.98, 
70.00, 52.82, 37.37, -29.69, -4.34, 31.22, -15.22, 3.98, 
71.00, 53.22, 35.24, -30.48, -4.33, 30.95, -15.24, 3.98, 
72.00, 52.60, 36.95, -30.58, -4.32, 30.69, -15.26, 3.99, 
73.00, 52.91, 35.55, -30.48, -4.31, 30.43, -15.28, 3.99, 
74.00, 52.98, 35.15, -30.48, -4.30, 30.16, -15.30, 3.98, 
75.00, 52.75, 35.75, -30.34, -4.29, 29.90, -15.32, 3.99, 
76.00, 53.10, 34.20, -30.21, -4.28, 29.63, -15.34, 3.98, 
77.00, 53.02, 35.88, -30.36, -4.28, 29.37, -15.36, 3.98, 
78.00, 53.00, 34.24, -30.29, -4.27, 29.10, -15.38, 3.98, 
79.00, 53.13, 34.24, -30.54, -4.26, 28.84, -15.40, 3.98, 
80.00, 53.15, 33.46, -30.58, -4.25, 28.57, -15.42, 3.98, 
81.00, 52.92, 34.92, -30.31, -4.24, 28.31, -15.44, 3.98, 
82.00, 52.79, 33.24, -29.54, -4.23, 28.05, -15.46, 3.98, 
83.00, 52.89, 34.04, -30.37, -4.22, 27.78, -15.48, 3.98, 
84.00, 53.31, 32.93, -30.49, -4.21, 27.52, -15.50, 3.98, 
85.00, 53.27, 32.86, -30.99, -4.21, 27.25, -15.52, 3.98, 
86.00, 53.35, 33.72, -30.75, -4.20, 26.99, -15.54, 3.98, 
87.00, 53.13, 31.52, -30.88, -4.19, 26.72, -15.56, 3.98, 
88.00, 52.98, 33.19, -31.29, -4.18, 26.46, -15.58, 3.98, 
89.00, 53.37, 31.29, -30.99, -4.17, 26.20, -15.60, 3.98, 
90.00, 53.32, 31.74, -31.07, -4.16, 25.93, -15.62, 3.98, 
91.00, 53.25, 30.46, -30.44, -4.15, 25.67, -15.64, 3.98, 
92.00, 53.25, 30.94, -30.63, -4.14, 25.40, -15.66, 3.98, 
93.00, 53.04, 31.04, -30.13, -4.14, 25.14, -15.68, 3.98, 
94.00, 52.96, 29.65, -30.33, -4.13, 24.88, -15.70, 3.98, 
95.00, 53.23, 31.38, -30.57, -4.12, 24.61, -15.72, 3.98, 
96.00, 53.19, 30.27, -30.96, -4.11, 24.35, -15.74, 3.98, 
97.00, 53.10, 31.23, -30.95, -4.10, 24.08, -15.76, 3.98, 
98.00, 53.42, 29.26, -30.60, -4.09, 23.82, -15.78, 3.98, 
99.00, 53.28, 29.73, -31.32, -4.08, 23.56, -15.80, 3.98, 
100.00, 53.17, 29.56, -30.91, -4.07, 23.29, -15.82, 3.98, 
101.00, 53.30, 28.14, -30.95, -4.07, 23.03, -15.84, 3.98, 
102.00, 53.28, 28.92, -31.19, -4.06, 22.77, -15.86, 3.98, 
103.00, 53.24, 27.80, -30.65, -4.05, 22.50, -15.88, 3.98, 
104.00, 53.43, 27.14, -30.91, -4.04, 22.24, -15.90, 3.98, 
105.00, 53.38, 29.17, -30.70, -4.03, 21.97, -15.92, 3.98, 
106.00, 53.18, 27.18, -30.85, -4.02, 21.71, -15.94, 3.98, 
107.00, 53.18, 27.84, -31.16, -4.01, 21.45, -15.96, 3.98, 
108.00, 53.34, 28.52, -30.97, -4.00, 21.18, -15.98, 3.98, 
109.00, 53.17, 27.21, -30.97, -4.00, 20.92, -16.00, 3.98, 
110.00, 53.34, 27.52, -31.34, -3.99, 20.66, -16.02, 3.98, 
111.00, 53.36, 26.31, -31.06, -3.98, 20.39, -16.04, 3.98, 
112.00, 53.16, 25.24, -30.80, -3.97, 20.13, -16.06, 3.98, 
113.00, 53.37, 26.54, -30.70, -3.96, 19.87, -16.08, 3.98, 
114.00, 53.17, 25.51, -30.66, -3.95, 19.60, -16.10, 3.98, 
115.00, 53.38, 26.02, -30.62, -3.94, 19.34, -16.13, 3.98, 
116.00, 53.27, 26.56, -30.55, -3.94, 19.08, -16.15, 3.98, 
117.00, 53.55, 24.41, -30.63, -3.93, 18.81, -16.17, 3.98, 
118.00, 53.38, 25.02, -30.87, -3.92, 18.55, -16.19, 3.97, 
119.00, 53.72, 25.48, -30.81, -3.91, 18.29, -16.21, 3.97, 
120.00, 53.70, 23.73, -30.48, -3.90, 18.03, -16.23, 3.97, 
121.00, 53.45, 25.46, -30.72, -3.89, 17.76, -16.25, 3.97, 
122.00, 53.68, 24.18, -30.66, -3.88, 17.50, -16.27, 3.97, 
123.00, 53.81, 23.51, -31.03, -3.87, 17.24, -16.29, 3.98, 
124.00, 53.92, 24.63, -30.81, -3.87, 16.97, -16.31, 3.98, 
125.00, 53.62, 22.36, -30.70, -3.86, 16.71, -16.33, 3.98, 
126.00, 53.59, 23.50, -30.56, -3.85, 16.45, -16.35, 3.98, 
127.00, 53.63, 23.34, -30.48, -3.84, 16.19, -16.37, 3.98, 
128.00, 54.04, 21.87, -30.40, -3.83, 15.92, -16.39, 3.98, 
129.00, 53.87, 22.92, -30.31, -3.82, 15.66, -16.41, 3.98, 
130.00, 53.85, 22.16, -30.52, -3.81, 15.40, -16.43, 3.97, 
131.00, 53.80, 21.96, -30.30, -3.81, 15.14, -16.45, 3.97, 
132.00, 53.70, 23.44, -30.27, -3.80, 14.87, -16.47, 3.97, 
133.00, 53.73, 21.31, -30.46, -3.79, 14.61, -16.49, 3.97, 
134.00, 53.44, 22.43, -30.59, -3.78, 14.35, -16.52, 3.97, 
135.00, 53.42, 22.08, -30.50, -3.77, 14.09, -16.54, 3.97, 
136.00, 53.45, 20.26, -30.44, -3.76, 13.83, -16.56, 3.97, 
137.00, 53.57, 21.23, -30.74, -3.75, 13.56, -16.58, 3.97, 
138.00, 53.17, 18.88, -31.37, -3.75, 13.30, -16.60, 3.97, 
139.00, 53.16, 19.25, -30.82, -3.74, 13.04, -16.62, 3.97, 
140.00, 53.53, 20.06, -30.52, -3.73, 12.78, -16.64, 3.97, 
141.00, 53.52, 17.99, -30.85, -3.72, 12.52, -16.66, 3.97, 
142.00, 53.34, 19.56, -30.92, -3.71, 12.25, -16.68, 3.97, 
143.00, 53.88, 19.17, -30.61, -3.70, 11.99, -16.70, 3.97, 
144.00, 53.70, 18.21, -30.59, -3.69, 11.73, -16.72, 3.97, 
145.00, 53.48, 19.86, -31.30, -3.69, 11.47, -16.74, 3.97, 
146.00, 53.75, 18.53, -31.24, -3.68, 11.21, -16.76, 3.97, 
147.00, 53.88, 18.35, -31.35, -3.67, 10.95, -16.78, 3.97, 
148.00, 53.95, 18.28, -31.21, -3.66, 10.68, -16.80, 3.97, 
149.00, 53.60, 16.44, -31.18, -3.65, 10.42, -16.83, 3.97, 
150.00, 53.93, 17.70, -30.81, -3.64, 10.16, -16.85, 3.97, 
151.00, 53.99, 17.07, -31.08, -3.63, 9.90, -16.87, 3.97, 
152.00, 53.68, 16.97, -30.72, -3.63, 9.64, -16.89, 3.97, 
153.00, 53.82, 17.90, -30.67, -3.62, 9.38, -16.91, 3.97, 
154.00, 53.88, 16.73, -31.39, -3.61, 9.12, -16.93, 3.97, 
155.00, 53.83, 16.59, -31.57, -3.60, 8.86, -16.95, 3.97, 
156.00, 53.48, 15.65, -31.15, -3.59, 8.59, -16.97, 3.97, 
157.00, 53.97, 15.40, -31.52, -3.58, 8.33, -16.99, 3.97, 
158.00, 53.86, 15.77, -31.62, -3.58, 8.07, -17.01, 3.97, 
159.00, 54.05, 14.27, -31.24, -3.57, 7.81, -17.03, 3.97, 
160.00, 54.00, 15.45, -31.03, -3.56, 7.55, -17.06, 3.97, 
161.00, 53.75, 14.50, -30.86, -3.55, 7.29, -17.08, 3.97, 
162.00, 53.72, 14.63, -31.05, -3.54, 7.03, -17.10, 3.97, 
163.00, 53.81, 14.79, -31.03, -3.53, 6.77, -17.12, 3.97, 
164.00, 53.69, 13.47, -31.41, -3.52, 6.51, -17.14, 3.97, 
165.00, 53.57, 15.55, -31.01, -3.52, 6.25, -17.16, 3.97, 
166.00, 53.86, 13.45, -30.97, -3.51, 5.99, -17.18, 3.97, 
167.00, 53.55, 14.85, -31.39, -3.50, 5.73, -17.20, 3.96, 
168.00, 53.67, 14.40, -30.74, -3.49, 5.47, -17.22, 3.96, 
169.00, 53.65, 12.44, -31.16, -3.48, 5.21, -17.24, 3.97, 
170.00, 53.48, 13.26, -31.18, -3.47, 4.95, -17.26, 3.97, 
171.00, 53.59, 11.91, -31.05, -3.47, 4.69, -17.29, 3.97, 
172.00, 53.36, 12.50, -30.91, -3.46, 4.43, -17.31, 3.97, 
173.00, 53.67, 13.41, -30.85, -3.45, 4.17, -17.33, 3.96, 
174.00, 53.71, 12.46, -31.41, -3.44, 3.91, -17.35, 3.97, 
175.00, 53.81, 13.13, -31.30, -3.43, 3.65, -17.37, 3.97, 
176.00, 53.94, 11.18, -31.43, -3.42, 3.39, -17.39, 3.97, 
177.00, 53.82, 11.15, -30.97, -3.42, 3.13, -17.41, 3.97, 
178.00, 53.88, 11.90, -30.86, -3.41, 2.87, -17.43, 3.96, 
179.00, 54.17, 10.32, -30.65, -3.40, 2.61, -17.45, 3.96, 
180.00, 54.13, 11.53, -30.96, -3.39, 2.35, -17.48, 3.97, 
181.00, 53.99, 11.19, -30.64, -3.38, 2.09, -17.50, 3.96, 
182.00, 53.83, 10.50, -31.26, -3.37, 1.83, -17.52, 3.96, 
183.00, 53.66, 10.80, -31.33, -3.37, 1.57, -17.54, 3.96, 
184.00, 53.50, 9.61, -30.84, -3.36, 1.32, -17.56, 3.97, 
185.00, 53.72, 11.06, -30.68, -3.35, 1.06, -17.58, 3.96, 
186.00, 53.82, 10.23, -30.65, -3.34, 0.80, -17.60, 3.96, 
187.00, 53.87, 8.99, -31.30, -3.33, 0.54, -17.62, 3.96, 
188.00, 53.70, 9.13, -31.18, -3.32, 0.28, -17.65, 3.96, 
189.00, 54.00, 7.74, -31.42, -3.32, 0.02, -17.67, 3.96, 
190.00, 54.12, 8.77, -31.20, -3.31, -0.24, -17.69, 3.96, 
191.00, 54.21, 7.78, -31.08, -3.30, -0.49, -17.71, 3.96, 
192.00, 54.07, 9.25, -31.25, -3.29, -0.75, -17.73, 3.96, 
193.00, 54.12, 8.39, -31.49, -3.28, -1.01, -17.75, 3.96, 
194.00, 53.91, 6.99, -31.57, -3.27, -1.27, -17.77, 3.96, 
195.00, 53.81, 8.07, -31.79, -3.27, -1.53, -17.79, 3.96, 
196.00, 53.85, 6.48, -30.96, -3.26, -1.78, -17.82, 3.96, 
197.00, 53.72, 7.32, -30.88, -3.25, -2.04, -17.84, 3.96, 
198.00, 53.83, 7.37, -31.40, -3.24, -2.30, -17.86, 3.96, 
199.00, 53.87, 6.60, -31.16, -3.23, -2.56, -17.88, 3.96, 
200.00, 53.91, 6.48, -31.07, -3.22, -2.82, -17.90, 3.96, 
201.00, 54.00, 5.16, -31.22, -3.22, -3.07, -17.92, 3.96, 
202.00, 53.96, 6.74, -30.99, -3.21, -3.33, -17.94, 3.96, 
203.00, 54.21, 5.46, -31.33, -3.20, -3.59, -17.96, 3.96, 
204.00, 54.00, 5.26, -31.05, -3.19, -3.84, -17.99, 3.96, 
205.00, 54.05, 4.88, -31.37, -3.18, -4.10, -18.01, 3.96, 
206.00, 53.97, 4.09, -31.36, -3.18, -4.36, -18.03, 3.96, 
207.00, 53.98, 4.81, -31.39, -3.17, -4.62, -18.05, 3.96, 
208.00, 53.87, 4.16, -31.67, -3.16, -4.87, -18.07, 3.96, 
209.00, 54.06, 3.53, -32.36, -3.15, -5.13, -18.09, 3.96, 
210.00, 53.89, 4.23, -31.53, -3.14, -5.39, -18.11, 3.96, 
211.00, 53.73, 3.69, -31.34, -3.14, -5.64, -18.14, 3.95, 
212.00, 53.98, 4.46, -31.89, -3.13, -5.90, -18.16, 3.96, 
213.00, 54.05, 2.97, -31.77, -3.12, -6.16, -18.18, 3.96, 
214.00, 53.74, 3.11, -32.26, -3.11, -6.41, -18.20, 3.96, 
215.00, 53.86, 3.38, -31.94, -3.10, -6.67, -18.22, 3.96, 
216.00, 53.60, 2.31, -31.83, -3.09, -6.92, -18.24, 3.95, 
217.00, 53.58, 2.16, -31.56, -3.09, -7.18, -18.27, 3.96, 
218.00, 53.50, 2.12, -31.70, -3.08, -7.44, -18.29, 3.95, 
219.00, 53.41, 2.15, -31.41, -3.07, -7.69, -18.31, 3.96, 
220.00, 53.61, 1.88, -31.30, -3.06, -7.95, -18.33, 3.95, 
221.00, 53.79, 2.65, -31.67, -3.05, -8.20, -18.35, 3.95, 
222.00, 54.00, 1.13, -31.59, -3.05, -8.46, -18.37, 3.95, 
223.00, 54.14, 0.50, -31.98, -3.04, -8.71, -18.39, 3.95, 
224.00, 53.77, 0.92, -32.05, -3.03, -8.97, -18.42, 3.95, 
225.00, 53.80, 0.34, -31.81, -3.02, -9.22, -18.44, 3.95, 
226.00, 53.86, -0.51, -32.30, -3.01, -9.48, -18.46, 3.95, 
227.00, 54.21, 0.60, -32.36, -3.01, -9.73, -18.48, 3.95, 
228.00, 54.24, -0.04, -32.48, -3.00, -9.99, -18.50, 3.95, 
229.00, 53.83, -0.33, -31.90, -2.99, -10.24, -18.52, 3.95, 
230.00, 53.72, -0.10, -31.77, -2.98, -10.50, -18.55, 3.95, 
231.00, 54.00, -0.53, -32.07, -2.97, -10.75, -18.57, 3.95, 
232.00, 53.84, -1.21, -32.58, -2.97, -11.01, -18.59, 3.95, 
233.00, 53.94, -1.50, -32.21, -2.96, -11.26, -18.61, 3.95, 
234.00, 53.96, -1.27, -32.39, -2.95, -11.52, -18.63, 3.95, 
235.00, 53.94, -1.63, -32.36, -2.94, -11.77, -18.66, 3.95, 
236.00, 54.02, -2.32, -32.23, -2.93, -12.02, -18.68, 3.95, 
237.00, 53.92, -1.86, -32.11, -2.93, -12.28, -18.70, 3.95, 
238.00, 54.22, -3.03, -32.32, -2.92, -12.53, -18.72, 3.95, 
239.00, 54.17, -2.61, -32.28, -2.91, -12.78, -18.74, 3.95, 
240.00, 53.94, -2.44, -32.11, -2.90, -13.04, -18.76, 3.95, 
241.00, 53.64, -2.94, -32.38, -2.90, -13.29, -18.79, 3.95, 
242.00, 53.59, -3.62, -31.85, -2.89, -13.54, -18.81, 3.95, 
243.00, 53.77, -3.73, -32.03, -2.88, -13.80, -18.83, 3.95, 
244.00, 53.83, -3.90, -32.23, -2.87, -14.05, -18.85, 3.95, 
245.00, 53.60, -4.37, -32.63, -2.86, -14.30, -18.87, 3.95, 
246.00, 53.79, -4.35, -32.33, -2.86, -14.56, -18.89, 3.95, 
247.00, 53.94, -4.86, -32.13, -2.85, -14.81, -18.92, 3.95, 
248.00, 53.99, -4.84, -32.30, -2.84, -15.06, -18.94, 3.95, 
249.00, 53.91, -4.87, -32.14, -2.83, -15.31, -18.96, 3.95, 
250.00, 54.15, -5.53, -32.16, -2.82, -15.57, -18.98, 3.95, 
251.00, 54.05, -5.67, -32.59, -2.82, -15.82, -19.00, 3.95, 
252.00, 54.15, -5.76, -32.11, -2.81, -16.07, -19.03, 3.95, 
253.00, 54.19, -5.86, -32.26, -2.80, -16.32, -19.05, 3.95, 
254.00, 53.89, -6.28, -32.49, -2.79, -16.58, -19.07, 3.95, 
255.00, 53.67, -6.69, -32.58, -2.79, -16.83, -19.09, 3.95, 
