---START---
-255.00, 62.01, 102.74, -33.01, -7.07, 115.05, -9.40, 3.67, 
-254.00, 51.27, 102.98, -26.69, -7.06, 114.81, -9.42, 3.67, 
-253.00, 51.05, 102.98, -26.48, -7.05, 114.57, -9.43, 3.67, 
-252.00, 51.00, 102.83, -26.23, -7.05, 114.33, -9.45, 3.67, 
-251.00, 50.84, 102.70, -26.34, -7.04, 114.08, -9.46, 3.65, 
-250.00, 50.96, 102.35, -26.26, -7.03, 113.84, -9.48, 3.67, 
-249.00, 50.93, 102.07, -26.32, -7.02, 113.60, -9.49, 3.67, 
-248.00, 50.80, 101.97, -26.21, -7.02, 113.36, -9.51, 3.67, 
-247.00, 50.83, 101.68, -25.90, -7.01, 113.11, -9.53, 3.67, 
-246.00, 50.77, 101.90, -26.12, -7.00, 112.87, -9.54, 3.67, 
-245.00, 50.93, 101.68, -26.52, -6.99, 112.63, -9.56, 3.67, 
-244.00, 51.02, 101.38, -26.05, -6.99, 112.38, -9.57, 3.67, 
-243.00, 51.03, 101.25, -25.84, -6.98, 112.14, -9.59, 3.67, 
-242.00, 50.93, 100.74, -26.15, -6.97, 111.90, -9.61, 3.67, 
-241.00, 50.86, 100.70, -25.89, -6.96, 111.65, -9.62, 3.67, 
-240.00, 51.02, 100.13, -26.24, -6.96, 111.41, -9.64, 3.67, 
-239.00, 50.85, 99.79, -26.44, -6.95, 111.17, -9.65, 3.67, 
-238.00, 50.86, 100.35, -26.44, -6.94, 110.92, -9.67, 3.67, 
-237.00, 50.71, 99.76, -25.84, -6.93, 110.68, -9.69, 3.67, 
-236.00, 50.96, 99.39, -26.40, -6.93, 110.43, -9.70, 3.67, 
-235.00, 50.81, 99.51, -26.42, -6.92, 110.19, -9.72, 3.67, 
-234.00, 50.87, 98.79, -26.58, -6.91, 109.94, -9.73, 3.67, 
-233.00, 50.82, 98.80, -26.80, -6.90, 109.70, -9.75, 3.67, 
-232.00, 50.98, 98.11, -26.35, -6.90, 109.45, -9.77, 3.67, 
-231.00, 51.22, 97.65, -26.59, -6.89, 109.21, -9.78, 3.67, 
-230.00, 51.13, 98.10, -26.85, -6.88, 108.96, -9.80, 3.66, 
-229.00, 51.18, 97.45, -26.45, -6.87, 108.72, -9.82, 3.67, 
-228.00, 51.21, 97.64, -26.42, -6.87, 108.47, -9.83, 3.67, 
-227.00, 51.05, 96.52, -26.39, -6.86, 108.22, -9.85, 3.67, 
-226.00, 51.27, 96.91, -26.51, -6.85, 107.98, -9.86, 3.67, 
-225.00, 51.30, 97.16, -26.34, -6.84, 107.73, -9.88, 3.67, 
-224.00, 51.29, 96.97, -26.74, -6.84, 107.49, -9.90, 3.66, 
-223.00, 51.18, 96.63, -26.43, -6.83, 107.24, -9.91, 3.67, 
-222.00, 51.24, 96.62, -26.21, -6.82, 106.99, -9.93, 3.67, 
-221.00, 51.07, 95.84, -26.12, -6.81, 106.75, -9.95, 3.67, 
-220.00, 51.03, 96.43, -26.17, -6.81, 106.50, -9.96, 3.67, 
-219.00, 51.11, 95.81, -25.86, -6.80, 106.25, -9.98, 3.67, 
-218.00, 51.01, 96.06, -26.28, -6.79, 106.00, -9.99, 3.67, 
-217.00, 51.22, 95.83, -26.08, -6.78, 105.76, -10.01, 3.67, 
-216.00, 51.43, 94.94, -26.17, -6.77, 105.51, -10.03, 3.67, 
-215.00, 51.31, 95.66, -26.14, -6.77, 105.26, -10.04, 3.68, 
-214.00, 51.03, 94.72, -26.30, -6.76, 105.01, -10.06, 3.68, 
-213.00, 51.34, 94.22, -26.26, -6.75, 104.77, -10.08, 3.68, 
-212.00, 51.21, 95.02, -26.24, -6.74, 104.52, -10.09, 3.68, 
-211.00, 51.05, 94.36, -26.45, -6.74, 104.27, -10.11, 3.67, 
-210.00, 51.03, 94.20, -26.40, -6.73, 104.02, -10.13, 3.67, 
-209.00, 50.89, 94.10, -26.71, -6.72, 103.77, -10.14, 3.67, 
-208.00, 50.76, 93.34, -27.13, -6.71, 103.53, -10.16, 3.67, 
-207.00, 51.24, 93.93, -27.01, -6.71, 103.28, -10.17, 3.68, 
-206.00, 51.01, 93.36, -26.91, -6.70, 103.03, -10.19, 3.68, 
-205.00, 50.86, 93.43, -26.92, -6.69, 102.78, -10.21, 3.68, 
-204.00, 50.78, 93.51, -26.20, -6.68, 102.53, -10.22, 3.68, 
-203.00, 50.80, 92.55, -26.33, -6.67, 102.28, -10.24, 3.68, 
-202.00, 50.86, 93.12, -25.82, -6.67, 102.03, -10.26, 3.68, 
-201.00, 50.86, 91.74, -25.55, -6.66, 101.78, -10.27, 3.67, 
-200.00, 50.96, 91.77, -25.81, -6.65, 101.53, -10.29, 3.67, 
-199.00, 51.19, 91.69, -25.95, -6.64, 101.28, -10.31, 3.68, 
-198.00, 51.44, 91.09, -26.18, -6.63, 101.03, -10.32, 3.68, 
-197.00, 51.82, 92.35, -25.86, -6.63, 100.78, -10.34, 3.68, 
-196.00, 51.46, 91.61, -26.21, -6.62, 100.53, -10.36, 3.68, 
-195.00, 51.25, 91.28, -26.60, -6.61, 100.28, -10.37, 3.68, 
-194.00, 51.31, 90.89, -26.21, -6.60, 100.03, -10.39, 3.67, 
-193.00, 51.41, 89.89, -26.50, -6.60, 99.78, -10.41, 3.68, 
-192.00, 51.03, 90.75, -26.06, -6.59, 99.53, -10.42, 3.68, 
-191.00, 51.45, 90.03, -25.91, -6.58, 99.28, -10.44, 3.68, 
-190.00, 51.62, 90.32, -25.86, -6.57, 99.03, -10.46, 3.67, 
-189.00, 51.50, 90.32, -26.09, -6.56, 98.78, -10.47, 3.68, 
-188.00, 51.26, 89.42, -25.67, -6.56, 98.53, -10.49, 3.68, 
-187.00, 51.01, 89.26, -26.38, -6.55, 98.28, -10.51, 3.68, 
-186.00, 51.10, 89.45, -26.04, -6.54, 98.02, -10.52, 3.68, 
-185.00, 51.29, 88.28, -26.39, -6.53, 97.77, -10.54, 3.68, 
-184.00, 51.30, 89.11, -26.46, -6.52, 97.52, -10.56, 3.67, 
-183.00, 51.43, 88.38, -26.04, -6.52, 97.27, -10.57, 3.67, 
-182.00, 51.27, 88.77, -26.09, -6.51, 97.02, -10.59, 3.68, 
-181.00, 51.34, 88.64, -26.15, -6.50, 96.77, -10.61, 3.68, 
-180.00, 51.25, 87.44, -26.58, -6.49, 96.51, -10.62, 3.68, 
-179.00, 51.08, 88.18, -26.34, -6.48, 96.26, -10.64, 3.68, 
-178.00, 51.44, 87.40, -26.40, -6.48, 96.01, -10.66, 3.68, 
-177.00, 51.50, 87.98, -26.58, -6.47, 95.76, -10.67, 3.68, 
-176.00, 51.41, 87.30, -26.59, -6.46, 95.50, -10.69, 3.68, 
-175.00, 51.35, 86.69, -26.57, -6.45, 95.25, -10.71, 3.68, 
-174.00, 51.60, 87.65, -26.19, -6.44, 95.00, -10.73, 3.68, 
-173.00, 51.14, 85.69, -26.83, -6.44, 94.75, -10.74, 3.69, 
-172.00, 51.53, 86.17, -26.71, -6.43, 94.49, -10.76, 3.67, 
-171.00, 51.21, 85.79, -26.99, -6.42, 94.24, -10.78, 3.68, 
-170.00, 51.37, 84.65, -26.79, -6.41, 93.99, -10.79, 3.67, 
-169.00, 51.08, 85.11, -26.90, -6.40, 93.73, -10.81, 3.68, 
-168.00, 51.13, 84.20, -26.76, -6.39, 93.48, -10.83, 3.68, 
-167.00, 50.91, 84.49, -26.78, -6.39, 93.23, -10.84, 3.68, 
-166.00, 51.18, 86.10, -26.47, -6.38, 92.97, -10.86, 3.68, 
-165.00, 51.42, 84.10, -26.61, -6.37, 92.72, -10.88, 3.68, 
-164.00, 51.23, 85.36, -26.77, -6.36, 92.47, -10.90, 3.68, 
-163.00, 51.37, 84.33, -27.11, -6.35, 92.21, -10.91, 3.69, 
-162.00, 51.29, 84.04, -26.83, -6.35, 91.96, -10.93, 3.69, 
-161.00, 51.12, 84.76, -26.52, -6.34, 91.70, -10.95, 3.69, 
-160.00, 51.43, 82.70, -26.66, -6.33, 91.45, -10.96, 3.68, 
-159.00, 51.63, 83.24, -26.84, -6.32, 91.19, -10.98, 3.68, 
-158.00, 51.67, 83.00, -26.78, -6.31, 90.94, -11.00, 3.68, 
-157.00, 51.59, 81.95, -26.69, -6.30, 90.69, -11.01, 3.69, 
-156.00, 51.57, 83.84, -26.52, -6.30, 90.43, -11.03, 3.69, 
-155.00, 51.78, 82.54, -26.26, -6.29, 90.18, -11.05, 3.69, 
-154.00, 51.65, 82.40, -26.48, -6.28, 89.92, -11.07, 3.68, 
-153.00, 51.58, 83.25, -27.03, -6.27, 89.67, -11.08, 3.68, 
-152.00, 51.63, 81.57, -26.61, -6.26, 89.41, -11.10, 3.68, 
-151.00, 51.24, 82.02, -26.54, -6.26, 89.16, -11.12, 3.68, 
-150.00, 51.43, 81.14, -26.95, -6.25, 88.90, -11.13, 3.69, 
-149.00, 51.63, 80.42, -26.97, -6.24, 88.64, -11.15, 3.69, 
-148.00, 51.68, 82.41, -26.92, -6.23, 88.39, -11.17, 3.69, 
-147.00, 51.53, 80.82, -26.98, -6.22, 88.13, -11.19, 3.69, 
-146.00, 51.51, 81.68, -26.81, -6.21, 87.88, -11.20, 3.69, 
-145.00, 51.47, 81.75, -27.04, -6.21, 87.62, -11.22, 3.69, 
-144.00, 51.65, 80.55, -26.11, -6.20, 87.37, -11.24, 3.69, 
-143.00, 51.59, 81.20, -27.14, -6.19, 87.11, -11.26, 3.68, 
-142.00, 51.59, 80.33, -27.33, -6.18, 86.85, -11.27, 3.68, 
-141.00, 51.69, 78.83, -27.12, -6.17, 86.60, -11.29, 3.68, 
-140.00, 51.62, 79.60, -27.25, -6.16, 86.34, -11.31, 3.68, 
-139.00, 51.47, 77.82, -27.09, -6.16, 86.08, -11.32, 3.68, 
-138.00, 51.83, 78.71, -27.25, -6.15, 85.83, -11.34, 3.68, 
-137.00, 51.71, 79.27, -26.90, -6.14, 85.57, -11.36, 3.68, 
-136.00, 51.51, 78.40, -27.09, -6.13, 85.31, -11.38, 3.68, 
-135.00, 51.45, 79.68, -26.84, -6.12, 85.06, -11.39, 3.69, 
-134.00, 51.81, 79.23, -26.93, -6.11, 84.80, -11.41, 3.69, 
-133.00, 51.66, 78.02, -26.85, -6.11, 84.54, -11.43, 3.69, 
-132.00, 51.80, 78.54, -27.52, -6.10, 84.29, -11.45, 3.69, 
-131.00, 51.90, 78.03, -26.95, -6.09, 84.03, -11.46, 3.69, 
-130.00, 52.05, 77.30, -27.97, -6.08, 83.77, -11.48, 3.69, 
-129.00, 51.89, 78.14, -27.65, -6.07, 83.51, -11.50, 3.69, 
-128.00, 52.09, 76.19, -27.35, -6.06, 83.26, -11.52, 3.69, 
-127.00, 52.08, 76.83, -27.27, -6.06, 83.00, -11.53, 3.68, 
-126.00, 52.16, 77.35, -26.92, -6.05, 82.74, -11.55, 3.68, 
-125.00, 52.03, 75.83, -27.10, -6.04, 82.48, -11.57, 3.69, 
-124.00, 51.87, 77.15, -27.57, -6.03, 82.23, -11.59, 3.69, 
-123.00, 51.82, 76.10, -27.52, -6.02, 81.97, -11.60, 3.69, 
-122.00, 52.15, 75.04, -27.23, -6.01, 81.71, -11.62, 3.69, 
-121.00, 51.95, 76.36, -26.90, -6.01, 81.45, -11.64, 3.68, 
-120.00, 52.14, 75.58, -26.81, -6.00, 81.19, -11.66, 3.69, 
-119.00, 52.10, 75.01, -27.11, -5.99, 80.94, -11.67, 3.69, 
-118.00, 52.10, 76.29, -27.15, -5.98, 80.68, -11.69, 3.69, 
-117.00, 51.96, 74.20, -27.36, -5.97, 80.42, -11.71, 3.69, 
-116.00, 52.31, 74.83, -27.22, -5.96, 80.16, -11.73, 3.69, 
-115.00, 52.29, 74.46, -27.19, -5.95, 79.90, -11.74, 3.69, 
-114.00, 52.49, 72.89, -27.68, -5.95, 79.64, -11.76, 3.70, 
-113.00, 52.31, 74.71, -27.21, -5.94, 79.38, -11.78, 3.69, 
-112.00, 52.29, 73.51, -27.32, -5.93, 79.13, -11.80, 3.69, 
-111.00, 52.39, 74.45, -27.33, -5.92, 78.87, -11.82, 3.69, 
-110.00, 52.04, 74.44, -26.87, -5.91, 78.61, -11.83, 3.69, 
-109.00, 52.05, 72.15, -26.66, -5.90, 78.35, -11.85, 3.69, 
-108.00, 52.17, 72.65, -26.84, -5.90, 78.09, -11.87, 3.70, 
-107.00, 52.08, 72.01, -26.88, -5.89, 77.83, -11.89, 3.69, 
-106.00, 52.16, 71.47, -26.97, -5.88, 77.57, -11.90, 3.69, 
-105.00, 52.32, 73.52, -27.05, -5.87, 77.31, -11.92, 3.69, 
-104.00, 52.39, 72.45, -27.01, -5.86, 77.05, -11.94, 3.69, 
-103.00, 52.56, 72.79, -27.31, -5.85, 76.79, -11.96, 3.69, 
-102.00, 52.29, 72.39, -27.38, -5.84, 76.53, -11.98, 3.70, 
-101.00, 52.42, 69.84, -27.22, -5.84, 76.27, -11.99, 3.69, 
-100.00, 52.40, 70.84, -27.24, -5.83, 76.01, -12.01, 3.69, 
-99.00, 52.45, 70.70, -27.27, -5.82, 75.75, -12.03, 3.69, 
-98.00, 52.14, 71.18, -27.50, -5.81, 75.49, -12.05, 3.69, 
-97.00, 52.31, 71.20, -27.40, -5.80, 75.23, -12.06, 3.70, 
-96.00, 52.22, 70.32, -27.11, -5.79, 74.97, -12.08, 3.70, 
-95.00, 51.97, 69.80, -27.85, -5.78, 74.71, -12.10, 3.69, 
-94.00, 52.17, 70.07, -27.07, -5.78, 74.45, -12.12, 3.69, 
-93.00, 52.29, 68.84, -27.19, -5.77, 74.19, -12.14, 3.70, 
-92.00, 52.15, 70.57, -27.49, -5.76, 73.93, -12.15, 3.69, 
-91.00, 52.39, 68.34, -27.57, -5.75, 73.67, -12.17, 3.69, 
-90.00, 52.84, 67.88, -27.71, -5.74, 73.41, -12.19, 3.69, 
-89.00, 52.31, 68.95, -27.30, -5.73, 73.15, -12.21, 3.70, 
-88.00, 52.34, 67.55, -27.27, -5.72, 72.89, -12.23, 3.69, 
-87.00, 51.35, 68.66, -27.47, -5.72, 72.63, -12.24, 3.69, 
-86.00, 51.32, 67.70, -27.23, -5.71, 72.37, -12.26, 3.69, 
-85.00, 52.20, 66.73, -27.63, -5.70, 72.11, -12.28, 3.70, 
-84.00, 52.10, 68.04, -27.23, -5.69, 71.85, -12.30, 3.69, 
-83.00, 52.14, 67.28, -27.24, -5.68, 71.59, -12.32, 3.69, 
-82.00, 52.48, 67.92, -28.31, -5.67, 71.33, -12.33, 3.69, 
-81.00, 52.55, 67.76, -27.70, -5.66, 71.06, -12.35, 3.70, 
-80.00, 52.40, 65.57, -27.85, -5.66, 70.80, -12.37, 3.69, 
-79.00, 52.44, 66.47, -27.95, -5.65, 70.54, -12.39, 3.69, 
-78.00, 52.39, 65.45, -27.87, -5.64, 70.28, -12.41, 3.70, 
-77.00, 52.39, 66.44, -27.75, -5.63, 70.02, -12.42, 3.69, 
-76.00, 52.51, 66.92, -27.60, -5.62, 69.76, -12.44, 3.69, 
-75.00, 52.58, 64.32, -28.30, -5.61, 69.50, -12.46, 3.70, 
-74.00, 52.69, 65.84, -28.44, -5.60, 69.23, -12.48, 3.69, 
-73.00, 52.75, 64.54, -27.87, -5.59, 68.97, -12.50, 3.69, 
-72.00, 52.51, 65.87, -27.71, -5.59, 68.71, -12.51, 3.70, 
-71.00, 52.47, 64.77, -27.69, -5.58, 68.45, -12.53, 3.69, 
-70.00, 52.27, 65.13, -28.68, -5.57, 68.19, -12.55, 3.69, 
-69.00, 52.15, 64.86, -28.49, -5.56, 67.93, -12.57, 3.69, 
-68.00, 52.39, 63.35, -28.28, -5.55, 67.66, -12.59, 3.69, 
-67.00, 52.52, 64.37, -28.47, -5.54, 67.40, -12.61, 3.70, 
-66.00, 52.85, 63.88, -28.08, -5.53, 67.14, -12.62, 3.69, 
-65.00, 52.41, 63.54, -27.83, -5.53, 66.88, -12.64, 3.69, 
-64.00, 52.34, 63.69, -28.30, -5.52, 66.62, -12.66, 3.70, 
-63.00, 52.63, 62.37, -28.62, -5.51, 66.35, -12.68, 3.70, 
-62.00, 52.47, 63.49, -28.82, -5.50, 66.09, -12.70, 3.69, 
-61.00, 52.66, 61.98, -28.54, -5.49, 65.83, -12.72, 3.70, 
-60.00, 52.62, 62.14, -28.41, -5.48, 65.57, -12.73, 3.70, 
-59.00, 52.62, 62.86, -28.63, -5.47, 65.30, -12.75, 3.70, 
-58.00, 52.65, 61.43, -28.77, -5.46, 65.04, -12.77, 3.69, 
-57.00, 52.62, 62.08, -28.73, -5.46, 64.78, -12.79, 3.70, 
-56.00, 52.62, 61.71, -28.48, -5.45, 64.52, -12.81, 3.70, 
-55.00, 52.65, 61.31, -28.92, -5.44, 64.25, -12.83, 3.70, 
-54.00, 52.89, 61.40, -28.71, -5.43, 63.99, -12.84, 3.70, 
-53.00, 52.64, 60.36, -28.13, -5.42, 63.73, -12.86, 3.70, 
-52.00, 52.53, 61.13, -28.55, -5.41, 63.47, -12.88, 3.69, 
-51.00, 52.72, 59.87, -28.56, -5.40, 63.20, -12.90, 3.70, 
-50.00, 52.62, 60.66, -29.00, -5.39, 62.94, -12.92, 3.70, 
-49.00, 52.47, 60.63, -29.30, -5.39, 62.68, -12.94, 3.70, 
-48.00, 53.01, 59.07, -28.45, -5.38, 62.42, -12.95, 3.70, 
-47.00, 52.54, 59.92, -28.53, -5.37, 62.15, -12.97, 3.70, 
-46.00, 51.65, 59.31, -28.51, -5.36, 61.89, -12.99, 3.70, 
-45.00, 52.51, 59.32, -28.48, -5.35, 61.63, -13.01, 3.70, 
-44.00, 52.31, 59.50, -28.73, -5.34, 61.36, -13.03, 3.70, 
-43.00, 52.42, 58.99, -28.48, -5.33, 61.10, -13.05, 3.70, 
-42.00, 52.32, 58.63, -28.60, -5.32, 60.84, -13.07, 3.70, 
-41.00, 52.48, 58.63, -28.47, -5.32, 60.57, -13.08, 3.70, 
-40.00, 52.79, 58.70, -28.94, -5.31, 60.31, -13.10, 3.70, 
-39.00, 52.60, 58.27, -28.72, -5.30, 60.05, -13.12, 3.70, 
-38.00, 52.59, 57.26, -28.72, -5.29, 59.78, -13.14, 3.70, 
-37.00, 52.79, 58.09, -28.87, -5.28, 59.52, -13.16, 3.70, 
-36.00, 52.54, 56.65, -29.15, -5.27, 59.26, -13.18, 3.70, 
-35.00, 52.54, 56.83, -28.97, -5.26, 58.99, -13.20, 3.70, 
-34.00, 52.96, 56.78, -28.60, -5.25, 58.73, -13.21, 3.70, 
-33.00, 52.35, 56.51, -28.52, -5.25, 58.47, -13.23, 3.70, 
-32.00, 52.65, 56.44, -28.57, -5.24, 58.20, -13.25, 3.70, 
-31.00, 52.62, 55.98, -29.14, -5.23, 57.94, -13.27, 3.70, 
-30.00, 52.69, 55.93, -28.78, -5.22, 57.68, -13.29, 3.70, 
-29.00, 52.55, 55.36, -29.02, -5.21, 57.41, -13.31, 3.70, 
-28.00, 52.56, 55.77, -29.06, -5.20, 57.15, -13.33, 3.70, 
-27.00, 52.92, 55.24, -28.87, -5.19, 56.88, -13.35, 3.70, 
-26.00, 52.78, 55.23, -29.23, -5.18, 56.62, -13.36, 3.70, 
-25.00, 52.88, 55.47, -28.45, -5.18, 56.36, -13.38, 3.70, 
-24.00, 53.06, 54.66, -28.67, -5.17, 56.09, -13.40, 3.70, 
-23.00, 53.05, 55.09, -28.67, -5.16, 55.83, -13.42, 3.70, 
-22.00, 53.15, 54.03, -28.41, -5.15, 55.57, -13.44, 3.70, 
-21.00, 53.02, 54.62, -28.41, -5.14, 55.30, -13.46, 3.70, 
-20.00, 52.85, 53.93, -28.80, -5.13, 55.04, -13.48, 3.70, 
-19.00, 52.71, 53.51, -29.11, -5.12, 54.77, -13.50, 3.70, 
-18.00, 52.71, 53.48, -29.07, -5.11, 54.51, -13.51, 3.70, 
-17.00, 52.54, 52.75, -29.39, -5.10, 54.25, -13.53, 3.70, 
-16.00, 52.78, 53.36, -29.74, -5.10, 53.98, -13.55, 3.70, 
-15.00, 53.08, 51.09, -29.48, -5.09, 53.72, -13.57, 3.70, 
-14.00, 53.04, 52.56, -29.52, -5.08, 53.45, -13.59, 3.70, 
-13.00, 53.13, 52.73, -29.25, -5.07, 53.19, -13.61, 3.70, 
-12.00, 53.17, 52.31, -29.59, -5.06, 52.92, -13.63, 3.70, 
-11.00, 52.99, 51.84, -29.02, -5.05, 52.66, -13.65, 3.70, 
-10.00, 53.31, 51.56, -29.00, -5.04, 52.40, -13.67, 3.70, 
-9.00, 53.19, 51.61, -28.99, -5.03, 52.13, -13.68, 3.70, 
-8.00, 53.20, 51.28, -29.33, -5.03, 51.87, -13.70, 3.70, 
-7.00, 53.12, 51.20, -29.16, -5.02, 51.60, -13.72, 3.70, 
-6.00, 53.30, 50.75, -28.84, -5.01, 51.34, -13.74, 3.70, 
-5.00, 53.16, 50.98, -29.16, -5.00, 51.07, -13.76, 3.70, 
-4.00, 53.22, 50.59, -29.47, -4.99, 50.81, -13.78, 3.70, 
-3.00, 53.00, 50.34, -29.07, -4.98, 50.55, -13.80, 3.70, 
-2.00, 52.77, 50.23, -28.92, -4.97, 50.28, -13.82, 3.70, 
-1.00, 52.80, 50.03, -29.30, -4.96, 50.02, -13.84, 3.70, 
0.00, 52.99, 49.87, -28.97, -4.95, 49.75, -13.86, 3.70, 
1.00, 53.05, 49.36, -28.64, -4.95, 49.49, -13.87, 3.70, 
2.00, 53.25, 49.02, -28.81, -4.94, 49.22, -13.89, 3.70, 
3.00, 53.17, 49.02, -28.65, -4.93, 48.96, -13.91, 3.70, 
4.00, 53.26, 48.78, -29.55, -4.92, 48.69, -13.93, 3.70, 
5.00, 53.08, 48.53, -29.38, -4.91, 48.43, -13.95, 3.70, 
6.00, 53.00, 48.27, -29.55, -4.90, 48.16, -13.97, 3.70, 
7.00, 53.10, 48.10, -29.29, -4.89, 47.90, -13.99, 3.70, 
8.00, 52.98, 47.95, -29.11, -4.88, 47.63, -14.01, 3.70, 
9.00, 52.89, 47.69, -29.24, -4.88, 47.37, -14.03, 3.70, 
10.00, 52.75, 47.14, -29.32, -4.87, 47.11, -14.05, 3.70, 
11.00, 52.79, 46.97, -29.10, -4.86, 46.84, -14.07, 3.70, 
12.00, 52.98, 46.94, -29.26, -4.85, 46.58, -14.09, 3.70, 
13.00, 53.04, 46.91, -29.55, -4.84, 46.31, -14.10, 3.70, 
14.00, 53.18, 46.28, -29.53, -4.83, 46.05, -14.12, 3.70, 
15.00, 53.18, 46.59, -29.79, -4.82, 45.78, -14.14, 3.70, 
16.00, 53.10, 46.18, -29.57, -4.81, 45.52, -14.16, 3.70, 
17.00, 53.27, 45.87, -29.64, -4.80, 45.25, -14.18, 3.70, 
18.00, 53.18, 46.00, -29.37, -4.80, 44.99, -14.20, 3.70, 
19.00, 53.30, 45.49, -29.20, -4.79, 44.72, -14.22, 3.70, 
20.00, 53.37, 45.27, -29.46, -4.78, 44.46, -14.24, 3.70, 
21.00, 53.40, 45.30, -29.20, -4.77, 44.19, -14.26, 3.70, 
22.00, 53.12, 44.78, -29.21, -4.76, 43.93, -14.28, 3.70, 
23.00, 53.09, 44.89, -29.44, -4.75, 43.66, -14.30, 3.70, 
24.00, 53.05, 44.10, -29.20, -4.74, 43.40, -14.32, 3.70, 
25.00, 52.95, 44.50, -29.42, -4.73, 43.13, -14.34, 3.70, 
26.00, 53.14, 43.58, -29.57, -4.72, 42.87, -14.36, 3.70, 
27.00, 53.27, 43.60, -30.04, -4.72, 42.60, -14.37, 3.70, 
28.00, 53.02, 43.55, -29.44, -4.71, 42.34, -14.39, 3.70, 
29.00, 53.05, 42.79, -29.42, -4.70, 42.07, -14.41, 3.70, 
30.00, 53.60, 43.34, -29.62, -4.69, 41.81, -14.43, 3.70, 
31.00, 53.45, 42.71, -29.78, -4.68, 41.54, -14.45, 3.70, 
32.00, 53.30, 43.20, -29.87, -4.67, 41.28, -14.47, 3.70, 
33.00, 53.35, 42.40, -29.71, -4.66, 41.02, -14.49, 3.70, 
34.00, 53.52, 42.63, -29.18, -4.65, 40.75, -14.51, 3.70, 
35.00, 53.28, 42.68, -29.38, -4.65, 40.49, -14.53, 3.70, 
36.00, 53.24, 41.88, -29.61, -4.64, 40.22, -14.55, 3.70, 
37.00, 53.22, 42.36, -30.54, -4.63, 39.96, -14.57, 3.70, 
38.00, 53.18, 41.16, -29.34, -4.62, 39.69, -14.59, 3.70, 
39.00, 53.07, 41.32, -29.70, -4.61, 39.43, -14.61, 3.70, 
40.00, 53.05, 41.23, -30.09, -4.60, 39.16, -14.63, 3.70, 
41.00, 53.20, 40.63, -30.09, -4.59, 38.90, -14.65, 3.70, 
42.00, 53.31, 40.29, -30.22, -4.58, 38.63, -14.67, 3.70, 
43.00, 53.37, 41.10, -29.92, -4.57, 38.37, -14.69, 3.70, 
44.00, 53.15, 40.27, -29.55, -4.57, 38.10, -14.71, 3.70, 
45.00, 53.03, 40.69, -29.85, -4.56, 37.84, -14.73, 3.70, 
46.00, 53.58, 39.28, -29.98, -4.55, 37.57, -14.74, 3.70, 
47.00, 53.17, 39.80, -29.91, -4.54, 37.31, -14.76, 3.70, 
48.00, 53.11, 38.92, -30.11, -4.53, 37.04, -14.78, 3.70, 
49.00, 53.02, 38.87, -30.49, -4.52, 36.78, -14.80, 3.70, 
50.00, 53.42, 39.18, -29.50, -4.51, 36.51, -14.82, 3.70, 
51.00, 53.23, 37.56, -30.07, -4.50, 36.25, -14.84, 3.70, 
52.00, 53.57, 38.95, -30.18, -4.50, 35.98, -14.86, 3.70, 
53.00, 53.17, 37.08, -30.20, -4.49, 35.72, -14.88, 3.70, 
54.00, 53.37, 38.54, -30.06, -4.48, 35.45, -14.90, 3.70, 
55.00, 53.56, 37.71, -30.54, -4.47, 35.19, -14.92, 3.70, 
56.00, 53.29, 37.13, -30.30, -4.46, 34.92, -14.94, 3.70, 
57.00, 53.42, 37.23, -30.11, -4.45, 34.66, -14.96, 3.70, 
58.00, 53.55, 36.16, -30.11, -4.44, 34.39, -14.98, 3.70, 
59.00, 53.50, 37.30, -30.14, -4.43, 34.13, -15.00, 3.70, 
60.00, 53.14, 36.02, -29.41, -4.42, 33.87, -15.02, 3.69, 
61.00, 52.99, 36.78, -29.66, -4.42, 33.60, -15.04, 3.69, 
62.00, 53.37, 35.84, -29.74, -4.41, 33.34, -15.06, 3.70, 
63.00, 53.44, 36.65, -29.84, -4.40, 33.07, -15.08, 3.69, 
64.00, 53.23, 35.38, -30.14, -4.39, 32.81, -15.10, 3.69, 
65.00, 53.41, 35.48, -30.06, -4.38, 32.54, -15.12, 3.69, 
66.00, 53.39, 35.09, -30.01, -4.37, 32.28, -15.14, 3.69, 
67.00, 53.38, 34.58, -30.12, -4.36, 32.01, -15.16, 3.69, 
68.00, 53.63, 35.76, -30.04, -4.35, 31.75, -15.18, 3.69, 
69.00, 53.35, 33.74, -30.07, -4.35, 31.48, -15.20, 3.69, 
70.00, 53.25, 35.01, -30.47, -4.34, 31.22, -15.22, 3.69, 
71.00, 53.18, 33.60, -30.46, -4.33, 30.95, -15.24, 3.69, 
72.00, 53.25, 33.79, -29.89, -4.32, 30.69, -15.26, 3.69, 
73.00, 53.18, 33.57, -29.85, -4.31, 30.43, -15.28, 3.69, 
74.00, 53.00, 32.23, -30.55, -4.30, 30.16, -15.30, 3.69, 
75.00, 53.32, 33.52, -30.67, -4.29, 29.90, -15.32, 3.69, 
76.00, 53.26, 32.36, -29.94, -4.28, 29.63, -15.34, 3.69, 
77.00, 53.07, 32.78, -30.08, -4.28, 29.37, -15.36, 3.69, 
78.00, 53.44, 32.55, -29.67, -4.27, 29.10, -15.38, 3.69, 
79.00, 53.17, 31.17, -29.95, -4.26, 28.84, -15.40, 3.69, 
80.00, 52.91, 32.35, -30.21, -4.25, 28.57, -15.42, 3.69, 
81.00, 53.08, 31.15, -30.13, -4.24, 28.31, -15.44, 3.69, 
82.00, 53.30, 31.84, -29.82, -4.23, 28.05, -15.46, 3.70, 
83.00, 53.58, 32.53, -30.52, -4.22, 27.78, -15.48, 3.70, 
84.00, 53.19, 30.76, -30.19, -4.21, 27.52, -15.50, 3.69, 
85.00, 53.17, 31.98, -30.03, -4.21, 27.25, -15.52, 3.69, 
86.00, 53.02, 31.08, -30.27, -4.20, 26.99, -15.54, 3.69, 
87.00, 52.82, 30.50, -30.79, -4.19, 26.72, -15.56, 3.69, 
88.00, 53.05, 31.00, -30.55, -4.18, 26.46, -15.58, 3.69, 
89.00, 53.12, 29.85, -30.30, -4.17, 26.20, -15.60, 3.69, 
90.00, 53.11, 28.97, -30.23, -4.16, 25.93, -15.62, 3.69, 
91.00, 53.32, 30.32, -30.50, -4.15, 25.67, -15.64, 3.69, 
92.00, 53.24, 29.34, -30.49, -4.14, 25.40, -15.66, 3.69, 
93.00, 53.38, 29.97, -30.21, -4.14, 25.14, -15.68, 3.69, 
94.00, 53.57, 30.04, -30.72, -4.13, 24.88, -15.70, 3.69, 
95.00, 53.38, 28.90, -30.19, -4.12, 24.61, -15.72, 3.69, 
96.00, 53.26, 29.84, -30.70, -4.11, 24.35, -15.74, 3.70, 
97.00, 53.58, 28.09, -30.42, -4.10, 24.08, -15.76, 3.70, 
98.00, 53.36, 26.89, -30.45, -4.09, 23.82, -15.78, 3.70, 
99.00, 53.38, 28.28, -30.40, -4.08, 23.56, -15.80, 3.69, 
100.00, 53.50, 27.67, -30.43, -4.07, 23.29, -15.82, 3.69, 
101.00, 53.43, 28.18, -30.34, -4.07, 23.03, -15.84, 3.69, 
102.00, 53.23, 28.33, -30.21, -4.06, 22.77, -15.86, 3.69, 
103.00, 53.52, 27.03, -29.84, -4.05, 22.50, -15.88, 3.69, 
104.00, 53.48, 27.62, -30.16, -4.04, 22.24, -15.90, 3.69, 
105.00, 53.76, 26.24, -30.53, -4.03, 21.97, -15.92, 3.70, 
106.00, 53.53, 25.60, -30.73, -4.02, 21.71, -15.94, 3.70, 
107.00, 53.36, 25.95, -30.61, -4.01, 21.45, -15.96, 3.69, 
108.00, 53.42, 25.37, -30.73, -4.00, 21.18, -15.98, 3.69, 
109.00, 53.51, 26.55, -30.53, -4.00, 20.92, -16.00, 3.69, 
110.00, 53.64, 27.03, -30.40, -3.99, 20.66, -16.02, 3.69, 
111.00, 53.67, 25.72, -30.62, -3.98, 20.39, -16.04, 3.69, 
112.00, 53.56, 25.59, -30.87, -3.97, 20.13, -16.06, 3.69, 
113.00, 53.55, 25.85, -29.79, -3.96, 19.87, -16.08, 3.69, 
114.00, 53.54, 23.73, -29.65, -3.95, 19.60, -16.10, 3.69, 
115.00, 53.77, 24.88, -30.60, -3.94, 19.34, -16.13, 3.69, 
116.00, 53.71, 24.38, -30.40, -3.94, 19.08, -16.15, 3.70, 
117.00, 53.87, 23.78, -30.71, -3.93, 18.81, -16.17, 3.68, 
118.00, 53.92, 25.50, -30.76, -3.92, 18.55, -16.19, 3.69, 
119.00, 53.79, 23.95, -30.67, -3.91, 18.29, -16.21, 3.69, 
120.00, 53.87, 23.54, -30.61, -3.90, 18.03, -16.23, 3.69, 
121.00, 53.73, 24.37, -30.89, -3.89, 17.76, -16.25, 3.69, 
122.00, 53.64, 21.92, -30.33, -3.88, 17.50, -16.27, 3.69, 
123.00, 53.62, 22.89, -31.08, -3.87, 17.24, -16.29, 3.69, 
124.00, 53.91, 22.52, -30.47, -3.87, 16.97, -16.31, 3.69, 
125.00, 53.83, 22.01, -30.46, -3.86, 16.71, -16.33, 3.69, 
126.00, 53.73, 23.62, -30.72, -3.85, 16.45, -16.35, 3.69, 
127.00, 53.66, 22.55, -30.52, -3.84, 16.19, -16.37, 3.69, 
128.00, 53.76, 21.89, -29.99, -3.83, 15.92, -16.39, 3.69, 
129.00, 54.26, 22.71, -30.41, -3.82, 15.66, -16.41, 3.69, 
130.00, 54.09, 20.98, -30.61, -3.81, 15.40, -16.43, 3.68, 
131.00, 54.00, 20.99, -30.83, -3.81, 15.14, -16.45, 3.68, 
132.00, 53.92, 21.34, -30.28, -3.80, 14.87, -16.47, 3.68, 
133.00, 53.66, 20.40, -30.52, -3.79, 14.61, -16.49, 3.69, 
134.00, 53.67, 21.53, -30.51, -3.78, 14.35, -16.52, 3.68, 
135.00, 53.76, 21.37, -30.74, -3.77, 14.09, -16.54, 3.69, 
136.00, 53.63, 20.75, -30.61, -3.76, 13.83, -16.56, 3.69, 
137.00, 53.58, 21.48, -30.63, -3.75, 13.56, -16.58, 3.69, 
138.00, 53.69, 19.54, -30.39, -3.75, 13.30, -16.60, 3.69, 
139.00, 53.95, 19.96, -30.93, -3.74, 13.04, -16.62, 3.69, 
140.00, 53.89, 19.49, -30.97, -3.73, 12.78, -16.64, 3.68, 
141.00, 54.14, 18.25, -30.88, -3.72, 12.52, -16.66, 3.68, 
142.00, 53.95, 19.64, -30.87, -3.71, 12.25, -16.68, 3.68, 
143.00, 53.70, 19.76, -31.11, -3.70, 11.99, -16.70, 3.69, 
144.00, 53.71, 18.53, -31.09, -3.69, 11.73, -16.72, 3.69, 
145.00, 54.06, 19.01, -30.38, -3.69, 11.47, -16.74, 3.69, 
146.00, 54.30, 17.52, -30.84, -3.68, 11.21, -16.76, 3.69, 
147.00, 54.19, 17.02, -30.99, -3.67, 10.95, -16.78, 3.68, 
148.00, 54.14, 18.41, -30.64, -3.66, 10.68, -16.80, 3.68, 
149.00, 54.10, 17.26, -30.32, -3.65, 10.42, -16.83, 3.69, 
150.00, 53.97, 17.96, -30.39, -3.64, 10.16, -16.85, 3.69, 
151.00, 53.89, 17.61, -30.71, -3.63, 9.90, -16.87, 3.69, 
152.00, 54.12, 16.21, -30.55, -3.63, 9.64, -16.89, 3.68, 
153.00, 53.84, 17.28, -31.01, -3.62, 9.38, -16.91, 3.69, 
154.00, 53.82, 16.20, -30.68, -3.61, 9.12, -16.93, 3.69, 
155.00, 53.70, 16.28, -31.36, -3.60, 8.86, -16.95, 3.69, 
156.00, 54.05, 16.95, -30.98, -3.59, 8.59, -16.97, 3.69, 
157.00, 53.76, 15.90, -31.07, -3.58, 8.33, -16.99, 3.68, 
158.00, 54.02, 16.60, -30.69, -3.58, 8.07, -17.01, 3.68, 
159.00, 54.16, 14.05, -31.22, -3.57, 7.81, -17.03, 3.69, 
160.00, 53.57, 15.67, -31.03, -3.56, 7.55, -17.06, 3.69, 
161.00, 54.07, 15.69, -30.94, -3.55, 7.29, -17.08, 3.69, 
162.00, 54.24, 14.13, -30.87, -3.54, 7.03, -17.10, 3.68, 
163.00, 54.10, 15.29, -30.71, -3.53, 6.77, -17.12, 3.68, 
164.00, 53.99, 15.02, -30.83, -3.52, 6.51, -17.14, 3.68, 
165.00, 54.07, 13.93, -31.08, -3.52, 6.25, -17.16, 3.69, 
166.00, 54.43, 13.82, -30.95, -3.51, 5.99, -17.18, 3.69, 
167.00, 54.23, 12.89, -31.03, -3.50, 5.73, -17.20, 3.68, 
168.00, 54.06, 13.77, -30.99, -3.49, 5.47, -17.22, 3.68, 
169.00, 54.09, 14.21, -31.39, -3.48, 5.21, -17.24, 3.69, 
170.00, 53.85, 13.34, -31.18, -3.47, 4.95, -17.26, 3.69, 
171.00, 54.07, 13.59, -31.44, -3.47, 4.69, -17.29, 3.68, 
172.00, 54.20, 11.65, -31.69, -3.46, 4.43, -17.31, 3.68, 
173.00, 53.84, 12.58, -31.94, -3.45, 4.17, -17.33, 3.69, 
174.00, 54.07, 11.48, -31.52, -3.44, 3.91, -17.35, 3.69, 
175.00, 53.81, 12.15, -31.32, -3.43, 3.65, -17.37, 3.68, 
176.00, 54.39, 12.46, -31.30, -3.42, 3.39, -17.39, 3.68, 
177.00, 54.27, 11.81, -31.58, -3.42, 3.13, -17.41, 3.69, 
178.00, 54.23, 11.97, -31.61, -3.41, 2.87, -17.43, 3.67, 
179.00, 54.40, 10.41, -31.19, -3.40, 2.61, -17.45, 3.68, 
180.00, 54.53, 11.15, -31.83, -3.39, 2.35, -17.48, 3.68, 
181.00, 54.38, 11.41, -31.45, -3.38, 2.09, -17.50, 3.68, 
182.00, 54.11, 10.79, -31.64, -3.37, 1.83, -17.52, 3.68, 
183.00, 54.13, 10.26, -31.58, -3.37, 1.57, -17.54, 3.68, 
184.00, 54.23, 9.46, -31.32, -3.36, 1.32, -17.56, 3.67, 
185.00, 54.08, 10.25, -31.51, -3.35, 1.06, -17.58, 3.68, 
186.00, 54.05, 9.67, -31.51, -3.34, 0.80, -17.60, 3.68, 
187.00, 54.22, 9.31, -31.68, -3.33, 0.54, -17.62, 3.68, 
188.00, 54.01, 10.18, -31.69, -3.32, 0.28, -17.65, 3.68, 
189.00, 54.30, 9.55, -32.35, -3.32, 0.02, -17.67, 3.67, 
190.00, 54.44, 9.34, -32.33, -3.31, -0.24, -17.69, 3.68, 
191.00, 54.41, 8.82, -32.12, -3.30, -0.49, -17.71, 3.68, 
192.00, 54.63, 8.21, -32.06, -3.29, -0.75, -17.73, 3.68, 
193.00, 54.47, 9.13, -32.28, -3.28, -1.01, -17.75, 3.68, 
194.00, 54.02, 7.33, -32.52, -3.27, -1.27, -17.77, 3.67, 
195.00, 54.46, 8.10, -32.17, -3.27, -1.53, -17.79, 3.68, 
196.00, 54.44, 8.11, -32.01, -3.26, -1.78, -17.82, 3.68, 
197.00, 54.52, 7.25, -31.92, -3.25, -2.04, -17.84, 3.67, 
198.00, 54.08, 7.57, -31.81, -3.24, -2.30, -17.86, 3.68, 
199.00, 54.32, 6.73, -32.05, -3.23, -2.56, -17.88, 3.67, 
200.00, 54.05, 7.11, -32.09, -3.22, -2.82, -17.90, 3.68, 
201.00, 54.19, 6.05, -31.53, -3.22, -3.07, -17.92, 3.68, 
202.00, 54.60, 5.95, -31.95, -3.21, -3.33, -17.94, 3.68, 
203.00, 54.29, 6.67, -32.02, -3.20, -3.59, -17.96, 3.68, 
204.00, 54.39, 5.74, -31.86, -3.19, -3.84, -17.99, 3.68, 
205.00, 54.36, 5.29, -32.13, -3.18, -4.10, -18.01, 3.68, 
206.00, 54.19, 6.02, -31.59, -3.18, -4.36, -18.03, 3.67, 
207.00, 54.23, 5.49, -31.63, -3.17, -4.62, -18.05, 3.68, 
208.00, 54.18, 5.50, -31.84, -3.16, -4.87, -18.07, 3.68, 
209.00, 54.39, 4.63, -31.39, -3.15, -5.13, -18.09, 3.68, 
210.00, 54.43, 5.58, -31.86, -3.14, -5.39, -18.11, 3.68, 
211.00, 54.42, 5.37, -32.33, -3.14, -5.64, -18.14, 3.68, 
212.00, 54.29, 4.43, -31.66, -3.13, -5.90, -18.16, 3.68, 
213.00, 54.33, 4.82, -31.77, -3.12, -6.16, -18.18, 3.68, 
214.00, 54.10, 3.25, -32.17, -3.11, -6.41, -18.20, 3.68, 
215.00, 54.20, 3.61, -32.10, -3.10, -6.67, -18.22, 3.68, 
216.00, 54.56, 3.78, -32.02, -3.09, -6.92, -18.24, 3.68, 
217.00, 54.59, 2.99, -31.99, -3.09, -7.18, -18.27, 3.68, 
218.00, 54.42, 3.39, -32.13, -3.08, -7.44, -18.29, 3.68, 
219.00, 54.31, 2.39, -31.90, -3.07, -7.69, -18.31, 3.67, 
220.00, 54.44, 2.52, -31.72, -3.06, -7.95, -18.33, 3.68, 
221.00, 54.58, 2.51, -31.87, -3.05, -8.20, -18.35, 3.67, 
222.00, 54.52, 1.97, -31.99, -3.05, -8.46, -18.37, 3.68, 
223.00, 54.46, 2.00, -32.21, -3.04, -8.71, -18.39, 3.67, 
224.00, 54.69, 1.65, -31.87, -3.03, -8.97, -18.42, 3.67, 
225.00, 54.34, 1.76, -31.88, -3.02, -9.22, -18.44, 3.68, 
226.00, 54.32, 1.03, -32.33, -3.01, -9.48, -18.46, 3.67, 
227.00, 54.25, 1.39, -32.27, -3.01, -9.73, -18.48, 3.67, 
228.00, 54.21, 0.70, -32.53, -3.00, -9.99, -18.50, 3.67, 
229.00, 53.82, 0.83, -31.95, -2.99, -10.24, -18.52, 3.67, 
230.00, 53.78, 0.31, -31.78, -2.98, -10.50, -18.55, 3.67, 
231.00, 53.91, -0.02, -32.06, -2.97, -10.75, -18.57, 3.67, 
232.00, 54.04, 0.36, -31.92, -2.97, -11.01, -18.59, 3.67, 
233.00, 54.11, -0.43, -31.85, -2.96, -11.26, -18.61, 3.67, 
234.00, 54.11, 0.35, -31.95, -2.95, -11.52, -18.63, 3.67, 
235.00, 54.45, -0.18, -32.32, -2.94, -11.77, -18.66, 3.67, 
236.00, 54.19, -1.03, -32.19, -2.93, -12.02, -18.68, 3.67, 
237.00, 54.16, -0.99, -32.31, -2.93, -12.28, -18.70, 3.67, 
238.00, 54.03, -1.61, -32.12, -2.92, -12.53, -18.72, 3.67, 
239.00, 54.17, -1.61, -32.57, -2.91, -12.78, -18.74, 3.67, 
240.00, 54.11, -1.95, -32.64, -2.90, -13.04, -18.76, 3.67, 
241.00, 54.08, -2.15, -32.66, -2.90, -13.29, -18.79, 3.67, 
242.00, 53.93, -1.94, -32.84, -2.89, -13.54, -18.81, 3.67, 
243.00, 53.99, -2.63, -32.83, -2.88, -13.80, -18.83, 3.67, 
244.00, 53.93, -2.44, -32.64, -2.87, -14.05, -18.85, 3.67, 
245.00, 54.09, -2.38, -32.80, -2.86, -14.30, -18.87, 3.67, 
246.00, 54.10, -2.78, -33.12, -2.86, -14.56, -18.89, 3.67, 
247.00, 54.24, -3.10, -33.04, -2.85, -14.81, -18.92, 3.67, 
248.00, 54.53, -3.52, -32.38, -2.84, -15.06, -18.94, 3.67, 
249.00, 54.30, -3.32, -32.94, -2.83, -15.31, -18.96, 3.67, 
250.00, 54.48, -3.56, -32.52, -2.82, -15.57, -18.98, 3.67, 
251.00, 53.91, -3.89, -32.57, -2.82, -15.82, -19.00, 3.67, 
252.00, 54.28, -3.87, -32.75, -2.81, -16.07, -19.03, 3.67, 
253.00, 54.14, -4.45, -33.13, -2.80, -16.32, -19.05, 3.66, 
254.00, 54.56, -4.53, -32.81, -2.79, -16.58, -19.07, 3.67, 
255.00, 54.34, -4.67, -33.22, -2.79, -16.83, -19.09, 3.67, 
