loop print:
-255
-54.17
82.82
-31.91
4.05
loop print:
-245
-55.36
82.84
-32.39
4.06
loop print:
-235
-54.89
82.58
-32.22
4.07
loop print:
-225
-53.95
82.45
-31.83
4.08
loop print:
-215
-52.61
82.50
-31.97
4.08
loop print:
-205
-52.66
82.28
-31.57
4.08
loop print:
-195
-53.20
82.13
-31.74
4.09
loop print:
-185
-52.32
82.20
-31.76
4.09
loop print:
-175
-50.64
82.43
-31.72
4.10
loop print:
-165
-49.73
81.96
-31.87
4.10
loop print:
-155
-49.10
81.96
-31.64
4.11
loop print:
-145
-47.93
81.91
-32.10
4.11
loop print:
-135
-47.44
81.67
-31.79
4.12
loop print:
-125
-48.34
81.35
-31.58
4.12
loop print:
-115
-48.84
81.84
-31.72
4.12
loop print:
-105
-48.76
81.80
-32.08
4.12
loop print:
-95
-47.13
81.82
-32.08
4.13
loop print:
-85
-44.84
81.42
-31.99
4.13
loop print:
-75
-45.59
81.50
-31.98
4.13
loop print:
-65
-46.05
81.46
-32.31
4.14
loop print:
-55
-44.64
81.56
-32.30
4.14
loop print:
-45
-42.86
81.62
-32.09
4.14
loop print:
-35
-43.01
81.51
-32.06
4.14
loop print:
-25
-42.50
81.53
-32.01
4.14
loop print:
-15
-41.85
81.55
-32.21
4.15
loop print:
-5
-41.27
81.44
-32.19
4.14
loop print:
5
-40.72
81.42
-32.61
4.14
loop print:
15
-40.04
81.29
-32.67
4.15
loop print:
25
-39.13
81.03
-32.41
4.14
loop print:
35
-38.97
81.06
-33.19
4.14
loop print:
45
-39.44
81.36
-33.36
4.14
loop print:
55
-38.97
81.16
-33.70
4.14
loop print:
65
-38.21
81.04
-34.35
4.14
loop print:
75
-37.05
80.89
-34.76
4.13
loop print:
85
-36.12
81.08
-34.23
4.13
loop print:
95
-35.07
81.18
-34.28
4.13
loop print:
105
-34.08
81.04
-34.28
4.13
loop print:
115
-33.50
80.99
-34.11
4.12
loop print:
125
-34.43
81.11
-34.41
4.12
loop print:
135
-35.02
81.04
-35.47
4.12
loop print:
145
-34.45
80.84
-35.50
4.12
loop print:
155
-33.09
80.85
-35.63
4.11
loop print:
165
-31.34
80.91
-35.57
4.11
loop print:
175
-29.91
81.00
-35.77
4.10
loop print:
185
-30.42
81.34
-35.50
4.10
loop print:
195
-30.14
81.29
-35.75
4.09
loop print:
205
-29.89
81.02
-36.54
4.09
loop print:
215
-29.27
81.08
-36.62
4.09
loop print:
225
-28.87
81.35
-36.76
4.08
loop print:
235
-28.67
81.09
-37.66
4.08
loop print:
245
-28.00
81.14
-37.46
4.07
loop print:
255
-27.33
81.33
-37.70
4.06