loop print:
-255
-31.92
80.93
-32.62
4.03
loop print:
-245
-31.65
80.94
-32.21
4.04
loop print:
-235
-31.55
80.70
-32.23
4.04
loop print:
-225
-31.64
80.66
-32.03
4.04
loop print:
-215
-31.61
80.69
-32.32
4.04
loop print:
-205
-31.43
80.85
-32.27
4.05
loop print:
-195
-31.56
80.78
-32.29
4.05
loop print:
-185
-31.44
80.55
-32.21
4.05
loop print:
-175
-31.41
80.70
-32.28
4.05
loop print:
-165
-31.54
80.56
-31.91
4.05
loop print:
-155
-31.41
80.72
-32.21
4.05
loop print:
-145
-31.42
80.63
-32.45
4.05
loop print:
-135
-31.46
80.25
-32.15
4.05
loop print:
-125
-31.42
80.40
-32.05
4.05
loop print:
-115
-31.44
80.51
-32.69
4.05
loop print:
-105
-31.69
80.49
-32.84
4.05
loop print:
-95
-31.53
80.23
-32.47
4.05
loop print:
-85
-31.72
80.65
-32.36
4.05
loop print:
-75
-31.72
80.62
-32.62
4.05
loop print:
-65
-31.42
80.87
-32.82
4.05
loop print:
-55
-31.38
80.79
-32.52
4.05
loop print:
-45
-31.44
80.40
-32.46
4.05
loop print:
-35
-31.56
80.54
-32.35
4.05
loop print:
-25
-31.51
80.58
-33.09
4.05
loop print:
-15
-31.60
80.29
-33.10
4.05
loop print:
-5
-31.50
80.27
-32.90
4.05
loop print:
5
-31.56
80.30
-33.22
4.05
loop print:
15
-31.42
80.36
-33.00
4.06
loop print:
25
-31.37
80.45
-32.87
4.06
loop print:
35
-31.46
80.43
-33.02
4.05
loop print:
45
-31.56
80.62
-32.89
4.05
loop print:
55
-31.34
80.20
-32.74
4.06
loop print:
65
-31.45
80.39
-33.31
4.05
loop print:
75
-31.59
80.45
-33.39
4.06
loop print:
85
-31.42
80.62
-32.60
4.05
loop print:
95
-31.39
80.79
-32.72
4.05
loop print:
105
-31.67
80.77
-32.66
4.06
loop print:
115
-31.35
80.60
-32.77
4.05
loop print:
125
-31.47
80.27
-32.75
4.06
loop print:
135
-31.68
80.51
-32.42
4.05
loop print:
145
-31.38
80.40
-32.87
4.05
loop print:
155
-31.36
80.23
-32.73
4.05
loop print:
165
-31.43
80.33
-32.41
4.05
loop print:
175
-31.06
80.23
-32.42
4.06
loop print:
185
-31.07
80.46
-32.53
4.05
loop print:
195
-31.28
80.49
-32.26
4.06
loop print:
205
-31.40
80.56
-32.87
4.06
loop print:
215
-31.33
80.56
-33.00
4.06
loop print:
225
-31.14
80.60
-32.67
4.05
loop print:
235
-31.20
80.63
-32.59
4.06
loop print:
245
-31.15
80.40
-32.88
4.06
loop print:
255
-30.99
80.40
-32.98
4.05