loop print:
-255
-52.52
82.51
-32.74
3.75
loop print:
-245
-53.53
82.64
-32.51
3.76
loop print:
-235
-53.31
82.12
-32.51
3.77
loop print:
-225
-53.17
82.17
-32.70
3.77
loop print:
-215
-52.76
82.40
-32.36
3.77
loop print:
-205
-51.66
82.21
-32.31
3.78
loop print:
-195
-50.72
82.01
-32.16
3.78
loop print:
-185
-50.01
81.67
-32.65
3.79
loop print:
-175
-48.89
81.76
-32.14
3.79
loop print:
-165
-49.61
81.48
-32.08
3.80
loop print:
-155
-50.38
81.53
-32.16
3.80
loop print:
-145
-49.90
81.53
-32.34
3.81
loop print:
-135
-48.88
81.63
-32.57
3.81
loop print:
-125
-48.31
81.49
-32.56
3.81
loop print:
-115
-47.34
81.43
-32.35
3.81
loop print:
-105
-45.34
81.49
-32.31
3.82
loop print:
-95
-44.72
80.96
-31.75
3.82
loop print:
-85
-45.88
80.84
-31.92
3.83
loop print:
-75
-45.78
81.50
-32.05
3.83
loop print:
-65
-43.68
81.49
-31.93
3.83
loop print:
-55
-44.15
80.91
-32.36
3.83
loop print:
-45
-43.43
80.90
-32.01
3.84
loop print:
-35
-42.11
80.89
-32.05
3.84
loop print:
-25
-41.22
81.01
-31.65
3.84
loop print:
-15
-41.58
80.49
-32.15
3.84
loop print:
-5
-40.96
80.57
-32.26
3.84
loop print:
5
-40.54
80.61
-32.64
3.84
loop print:
15
-39.69
80.77
-32.74
3.84
loop print:
25
-39.35
80.87
-33.05
3.84
loop print:
35
-39.33
80.79
-32.92
3.84
loop print:
45
-38.94
80.51
-33.18
3.84
loop print:
55
-37.92
80.71
-33.46
3.83
loop print:
65
-37.18
80.68
-33.48
3.83
loop print:
75
-36.50
80.94
-33.86
3.83
loop print:
85
-35.67
80.95
-33.80
3.83
loop print:
95
-34.58
81.09
-33.65
3.82
loop print:
105
-33.35
81.03
-33.28
3.82
loop print:
115
-33.74
80.85
-33.59
3.82
loop print:
125
-35.02
80.99
-34.76
3.81
loop print:
135
-34.48
80.89
-35.30
3.81
loop print:
145
-32.68
80.79
-35.34
3.81
loop print:
155
-31.13
80.99
-35.05
3.80
loop print:
165
-30.61
80.98
-34.56
3.80
loop print:
175
-31.13
81.19
-35.19
3.80
loop print:
185
-31.42
80.77
-36.01
3.79
loop print:
195
-30.75
80.77
-36.00
3.79
loop print:
205
-29.59
80.73
-35.78
3.79
loop print:
215
-28.14
80.90
-35.91
3.78
loop print:
225
-28.26
81.17
-36.15
3.78
loop print:
235
-28.28
81.11
-36.42
3.77
loop print:
245
-28.04
81.32
-36.92
3.77
loop print:
255
-27.09
81.14
-37.03
3.77