loop print:
-255
-53.27
82.35
-32.16
3.95
loop print:
-245
-54.17
82.20
-32.24
3.96
loop print:
-235
-54.13
82.07
-32.24
3.96
loop print:
-225
-53.60
82.23
-32.27
3.97
loop print:
-215
-52.28
82.11
-32.79
3.98
loop print:
-205
-51.55
81.64
-32.04
3.98
loop print:
-195
-51.84
81.65
-32.30
3.99
loop print:
-185
-52.58
82.08
-32.23
3.99
loop print:
-175
-52.30
81.93
-32.64
4.00
loop print:
-165
-50.80
82.15
-32.69
4.00
loop print:
-155
-48.55
81.79
-32.16
4.00
loop print:
-145
-47.76
81.59
-31.77
4.01
loop print:
-135
-48.58
81.37
-31.90
4.01
loop print:
-125
-49.38
81.62
-32.08
4.01
loop print:
-115
-47.90
81.67
-32.16
4.02
loop print:
-105
-45.62
81.63
-31.88
4.02
loop print:
-95
-46.13
81.18
-32.54
4.03
loop print:
-85
-46.86
81.56
-32.44
4.03
loop print:
-75
-44.52
81.62
-32.33
4.03
loop print:
-65
-43.70
81.10
-32.32
4.03
loop print:
-55
-44.45
81.11
-32.47
4.04
loop print:
-45
-43.89
81.06
-32.38
4.04
loop print:
-35
-42.12
81.20
-32.91
4.04
loop print:
-25
-41.49
80.89
-33.31
4.04
loop print:
-15
-41.23
81.11
-33.22
4.04
loop print:
-5
-40.89
81.30
-32.73
4.04
loop print:
5
-40.19
80.96
-32.79
4.04
loop print:
15
-39.92
80.87
-33.10
4.04
loop print:
25
-39.34
80.57
-33.50
4.04
loop print:
35
-39.16
80.52
-33.50
4.04
loop print:
45
-38.36
81.01
-33.75
4.04
loop print:
55
-37.33
80.99
-34.07
4.04
loop print:
65
-35.97
80.82
-34.00
4.03
loop print:
75
-35.85
80.89
-34.41
4.03
loop print:
85
-36.64
80.67
-34.86
4.03
loop print:
95
-35.81
80.75
-34.50
4.03
loop print:
105
-35.28
80.56
-34.77
4.02
loop print:
115
-36.02
80.68
-34.98
4.02
loop print:
125
-35.57
80.57
-35.60
4.02
loop print:
135
-34.35
80.65
-35.54
4.01
loop print:
145
-32.52
80.77
-35.50
4.01
loop print:
155
-30.99
80.78
-35.35
4.01
loop print:
165
-30.49
80.61
-35.57
4.00
loop print:
175
-29.68
80.89
-35.35
4.00
loop print:
185
-29.64
81.11
-35.37
4.00
loop print:
195
-30.25
81.04
-36.54
3.99
loop print:
205
-29.93
80.65
-37.11
3.98
loop print:
215
-29.23
80.92
-37.00
3.98
loop print:
225
-27.74
80.83
-37.21
3.98
loop print:
235
-27.57
81.17
-37.22
3.97
loop print:
245
-27.40
81.30
-37.75
3.97
loop print:
255
-26.65
81.43
-37.79
3.96