loop print:
-255
-31.35
80.68
-32.71
4.13
loop print:
-245
-31.49
80.42
-32.79
4.14
loop print:
-235
-31.44
80.70
-32.62
4.14
loop print:
-225
-31.13
80.54
-32.78
4.14
loop print:
-215
-31.08
80.68
-32.65
4.14
loop print:
-205
-31.17
80.27
-32.84
4.15
loop print:
-195
-31.01
80.49
-32.86
4.15
loop print:
-185
-31.02
80.58
-32.94
4.15
loop print:
-175
-30.79
80.41
-33.07
4.15
loop print:
-165
-31.03
80.37
-33.30
4.15
loop print:
-155
-31.35
80.28
-32.97
4.15
loop print:
-145
-31.25
80.23
-33.12
4.15
loop print:
-135
-31.30
80.20
-33.12
4.15
loop print:
-125
-31.24
80.24
-33.06
4.15
loop print:
-115
-30.81
80.15
-32.93
4.15
loop print:
-105
-30.89
80.19
-33.06
4.15
loop print:
-95
-30.37
80.20
-32.65
4.15
loop print:
-85
-30.42
80.16
-32.90
4.15
loop print:
-75
-30.54
80.27
-32.57
4.15
loop print:
-65
-30.84
80.31
-32.34
4.15
loop print:
-55
-30.78
80.05
-32.70
4.15
loop print:
-45
-30.91
80.39
-32.83
4.15
loop print:
-35
-30.88
80.31
-32.53
4.15
loop print:
-25
-30.90
80.56
-32.32
4.15
loop print:
-15
-30.72
80.37
-32.08
4.15
loop print:
-5
-30.68
80.16
-32.14
4.15
loop print:
5
-30.68
80.15
-32.05
4.15
loop print:
15
-30.84
80.47
-31.97
4.15
loop print:
25
-30.81
80.15
-31.84
4.15
loop print:
35
-30.99
80.42
-32.38
4.15
loop print:
45
-30.88
80.18
-32.00
4.15
loop print:
55
-30.69
80.33
-32.04
4.15
loop print:
65
-30.89
80.28
-32.00
4.15
loop print:
75
-30.87
80.44
-32.18
4.15
loop print:
85
-31.03
80.41
-32.29
4.15
loop print:
95
-30.93
80.41
-31.92
4.15
loop print:
105
-30.82
80.22
-32.10
4.15
loop print:
115
-30.88
80.33
-32.24
4.15
loop print:
125
-30.84
80.26
-32.33
4.15
loop print:
135
-30.80
80.46
-32.14
4.15
loop print:
145
-30.74
80.40
-32.37
4.15
loop print:
155
-30.58
80.33
-32.43
4.15
loop print:
165
-30.67
80.52
-32.24
4.15
loop print:
175
-30.59
80.35
-32.47
4.15
loop print:
185
-31.00
80.51
-32.30
4.15
loop print:
195
-31.05
80.33
-32.61
4.15
loop print:
205
-31.13
80.40
-32.14
4.15
loop print:
215
-31.04
80.13
-32.35
4.15
loop print:
225
-31.22
80.20
-32.54
4.15
loop print:
235
-31.16
80.23
-32.64
4.15
loop print:
245
-31.39
80.28
-31.86
4.15
loop print:
255
-31.16
80.03
-32.34
4.15