loop print:
-255
-52.36
82.01
-32.80
3.57
loop print:
-245
-53.23
82.27
-32.92
3.57
loop print:
-235
-52.70
82.39
-32.93
3.58
loop print:
-225
-51.84
82.09
-32.83
3.58
loop print:
-215
-51.10
81.82
-32.93
3.58
loop print:
-205
-50.49
82.04
-32.96
3.59
loop print:
-195
-49.74
81.88
-33.11
3.59
loop print:
-185
-50.12
81.88
-32.81
3.60
loop print:
-175
-50.63
81.73
-31.99
3.60
loop print:
-165
-50.12
81.75
-32.03
3.61
loop print:
-155
-49.56
81.67
-32.31
3.61
loop print:
-145
-48.39
81.79
-32.42
3.61
loop print:
-135
-47.60
81.57
-32.09
3.61
loop print:
-125
-47.05
81.70
-32.14
3.62
loop print:
-115
-46.22
81.42
-32.00
3.62
loop print:
-105
-45.28
81.25
-32.02
3.62
loop print:
-95
-44.37
81.31
-31.92
3.63
loop print:
-85
-43.81
81.03
-32.23
3.63
loop print:
-75
-43.92
80.93
-32.05
3.63
loop print:
-65
-44.32
80.48
-32.10
3.64
loop print:
-55
-44.02
80.76
-32.19
3.64
loop print:
-45
-43.48
81.01
-32.08
3.64
loop print:
-35
-42.96
80.73
-32.80
3.64
loop print:
-25
-42.40
80.80
-32.92
3.64
loop print:
-15
-41.68
80.61
-32.56
3.64
loop print:
-5
-40.85
80.56
-32.55
3.64
loop print:
5
-40.46
80.62
-32.98
3.64
loop print:
15
-40.35
80.65
-32.86
3.64
loop print:
25
-40.19
80.70
-33.12
3.64
loop print:
35
-39.65
80.54
-33.34
3.64
loop print:
45
-38.54
80.13
-33.38
3.64
loop print:
55
-37.78
80.31
-33.52
3.64
loop print:
65
-37.11
80.30
-33.25
3.64
loop print:
75
-36.48
80.28
-33.64
3.63
loop print:
85
-35.88
80.39
-33.93
3.63
loop print:
95
-35.62
80.39
-34.25
3.63
loop print:
105
-35.97
80.24
-34.51
3.63
loop print:
115
-36.02
79.92
-34.21
3.62
loop print:
125
-35.63
79.99
-35.00
3.62
loop print:
135
-35.03
80.15
-35.16
3.62
loop print:
145
-34.27
80.53
-35.09
3.62
loop print:
155
-33.68
80.23
-35.71
3.61
loop print:
165
-33.29
80.24
-35.71
3.61
loop print:
175
-32.65
80.37
-35.77
3.60
loop print:
185
-31.84
80.47
-36.45
3.60
loop print:
195
-31.40
80.49
-36.57
3.59
loop print:
205
-31.20
80.23
-36.98
3.59
loop print:
215
-30.27
80.52
-37.00
3.59
loop print:
225
-29.97
80.44
-37.05
3.58
loop print:
235
-29.02
80.58
-36.37
3.58
loop print:
245
-28.43
80.51
-37.23
3.58
loop print:
255
-28.29
80.71
-37.61
3.57