Beginning to iterate through
loop print:
-255
-31.92
80.11
-31.89
3.92
loop print:
-245
-32.02
80.07
-31.47
3.93
loop print:
-235
-31.93
79.96
-31.79
3.93
loop print:
-225
-31.60
79.91
-32.26
3.93
loop print:
-215
-31.64
79.86
-32.03
3.94
loop print:
-205
-31.73
79.99
-32.08
3.94
loop print:
-195
-31.70
80.02
-31.95
3.94
loop print:
-185
-31.65
79.99
-31.98
3.94
loop print:
-175
-31.63
79.95
-32.22
3.94
loop print:
-165
-31.82
80.26
-32.01
3.94
loop print:
-155
-31.65
80.01
-31.85
3.95
loop print:
-145
-31.77
80.08
-31.92
3.95
loop print:
-135
-31.55
79.86
-31.58
3.95
loop print:
-125
-31.82
80.01
-31.77
3.95
loop print:
-115
-31.80
80.42
-31.59
3.95
loop print:
-105
-31.73
80.06
-31.77
3.95
loop print:
-95
-31.46
80.07
-31.96
3.95
loop print:
-85
-31.44
79.93
-31.90
3.95
loop print:
-75
-31.56
80.04
-31.73
3.95
loop print:
-65
-31.59
80.41
-32.47
3.95
loop print:
-55
-31.77
80.20
-32.25
3.95
loop print:
-45
-31.81
80.10
-32.19
3.95
loop print:
-35
-31.78
79.93
-32.36
3.95
loop print:
-25
-31.72
80.41
-32.00
3.95
loop print:
-15
-31.96
80.26
-32.71
3.95
loop print:
-5
-31.75
80.57
-32.30
3.95
loop print:
5
-31.57
80.20
-32.28
3.95
loop print:
15
-31.69
80.01
-32.41
3.95
loop print:
25
-31.79
80.16
-32.57
3.95
loop print:
35
-31.78
80.24
-32.89
3.95
loop print:
45
-31.62
80.10
-32.34
3.95
loop print:
55
-31.98
80.14
-32.74
3.95
loop print:
65
-31.60
80.12
-32.18
3.95
loop print:
75
-31.65
80.26
-32.47
3.95
loop print:
85
-31.64
79.87
-32.60
3.95
loop print:
95
-31.59
79.88
-32.89
3.95
loop print:
105
-31.57
79.86
-32.55
3.95
loop print:
115
-31.68
79.85
-33.00
3.95
loop print:
125
-31.85
79.80
-32.74
3.95
loop print:
135
-32.15
80.14
-32.79
3.95
loop print:
145
-31.89
79.95
-32.72
3.95
loop print:
155
-31.73
79.89
-32.60
3.95
loop print:
165
-31.98
80.13
-32.72
3.95
loop print:
175
-31.82
80.13
-32.39
3.95
loop print:
185
-31.58
80.15
-32.78
3.95
loop print:
195
-31.84
80.29
-32.69
3.95
loop print:
205
-31.72
79.99
-32.19
3.95
loop print:
215
-31.91
80.17
-32.23
3.95
loop print:
225
-31.90
80.20
-32.40
3.95
loop print:
235
-31.98
79.96
-32.16
3.95
loop print:
245
-32.15
80.05
-32.26
3.95
loop print:
255
-32.14
80.53
-32.21
3.95