loop print:
-255
-33.81
81.69
-35.87
3.78
loop print:
-245
-33.52
81.61
-35.34
3.64
loop print:
-235
-33.47
81.35
-35.25
3.46
loop print:
-225
-33.37
81.42
-35.80
3.46
loop print:
-215
-33.60
81.48
-35.19
3.45
loop print:
-205
-33.49
81.58
-35.74
3.90
loop print:
-195
-33.68
81.36
-35.43
3.64
loop print:
-185
-33.17
81.28
-35.44
3.46
loop print:
-175
-33.15
80.66
-35.31
3.48
loop print:
-165
-33.25
81.09
-35.48
3.47
loop print:
-155
-33.54
80.93
-35.93
3.56
loop print:
-145
-33.57
81.04
-35.28
3.48
loop print:
-135
-33.20
80.81
-35.34
3.83
loop print:
-125
-33.49
80.89
-35.28
3.60
loop print:
-115
-33.54
80.71
-35.73
3.48
loop print:
-105
-33.21
80.84
-35.22
3.50
loop print:
-95
-32.95
80.58
-35.03
3.56
loop print:
-85
-33.25
80.68
-35.29
3.63
loop print:
-75
-33.24
80.79
-35.10
3.48
loop print:
-65
-33.63
80.77
-35.22
3.48
loop print:
-55
-33.31
80.82
-35.07
3.49
loop print:
-45
-33.31
81.06
-35.23
3.48
loop print:
-35
-33.59
81.04
-35.20
3.48
loop print:
-25
-33.88
81.22
-35.52
3.47
loop print:
-15
-33.64
81.19
-35.40
3.45
loop print:
-5
-34.31
81.28
-35.53
3.42
loop print:
5
-34.78
81.65
-36.16
3.31
loop print:
15
-33.60
81.41
-34.23
3.42
loop print:
25
-32.34
80.82
-33.12
3.50
loop print:
35
-32.22
80.35
-33.03
3.54
loop print:
45
-31.97
80.00
-32.83
3.56
loop print:
55
-31.79
80.05
-32.82
3.58
loop print:
65
-31.70
79.74
-32.77
3.58
loop print:
75
-31.54
80.06
-32.75
3.59
loop print:
85
-31.69
80.13
-32.58
3.60
loop print:
95
-31.65
79.92
-32.89
3.60
loop print:
105
-31.67
79.66
-32.59
3.60
loop print:
115
-31.30
79.79
-32.40
3.60
loop print:
125
-31.27
79.89
-32.59
3.60
loop print:
135
-31.38
79.93
-32.86
3.60
loop print:
145
-31.29
80.18
-32.55
3.61
loop print:
155
-31.55
79.88
-32.71
3.61
loop print:
165
-31.36
79.90
-32.71
3.61
loop print:
175
-31.44
79.68
-32.69
3.61
loop print:
185
-31.48
79.93
-32.53
3.61
loop print:
195
-31.56
79.99
-33.17
3.61
loop print:
205
-31.25
79.95
-32.98
3.61
loop print:
215
-31.48
79.69
-32.98
3.62
loop print:
225
-31.26
79.77
-33.22
3.61
loop print:
235
-31.38
79.77
-33.31
3.62
loop print:
245
-31.46
80.07
-32.53
3.62
loop print:
255
-31.36
79.85
-32.89
3.61