loop print:
-255
-65.88
71.19
-31.90
4.19
loop print:
-245
-66.92
71.18
-31.63
4.19
loop print:
-235
-66.83
71.06
-31.41
4.20
loop print:
-225
-65.59
71.23
-31.05
4.20
loop print:
-215
-65.65
71.06
-30.86
4.20
loop print:
-205
-64.87
70.96
-31.09
4.21
loop print:
-195
-64.88
70.50
-31.54
4.21
loop print:
-185
-64.77
70.86
-31.03
4.22
loop print:
-175
-62.79
71.15
-31.12
4.22
loop print:
-165
-62.11
70.91
-31.25
4.22
loop print:
-155
-62.22
70.80
-31.31
4.22
loop print:
-145
-60.68
70.55
-31.15
4.23
loop print:
-135
-60.50
70.80
-30.83
4.23
loop print:
-125
-59.43
70.55
-30.72
4.23
loop print:
-115
-59.09
70.40
-30.89
4.23
loop print:
-105
-58.28
70.84
-30.75
4.24
loop print:
-95
-58.19
70.93
-30.82
4.24
loop print:
-85
-57.48
70.49
-31.54
4.24
loop print:
-75
-57.25
70.56
-31.54
4.24
loop print:
-65
-56.67
70.59
-31.11
4.24
loop print:
-55
-56.04
70.30
-31.18
4.25
loop print:
-45
-54.76
70.06
-30.95
4.25
loop print:
-35
-53.74
70.06
-31.27
4.25
loop print:
-25
-53.18
70.27
-31.25
4.25
loop print:
-15
-52.63
70.15
-31.37
4.25
loop print:
-5
-52.22
70.14
-31.62
4.25
loop print:
5
-51.85
70.38
-31.35
4.25
loop print:
15
-51.39
70.07
-31.83
4.25
loop print:
25
-50.33
70.05
-32.15
4.25
loop print:
35
-49.25
70.02
-31.42
4.25
loop print:
45
-48.40
70.06
-31.59
4.25
loop print:
55
-49.22
70.23
-32.44
4.25
loop print:
65
-47.42
70.13
-32.44
4.25
loop print:
75
-46.56
69.83
-32.10
4.24
loop print:
85
-47.58
69.63
-32.83
4.24
loop print:
95
-45.82
70.04
-32.60
4.24
loop print:
105
-44.33
70.18
-33.05
4.23
loop print:
115
-46.62
70.20
-33.98
4.23
loop print:
125
-44.26
70.16
-34.04
4.23
loop print:
135
-43.29
70.07
-33.66
4.23
loop print:
145
-43.38
69.98
-34.54
4.23
loop print:
155
-43.36
70.36
-34.49
4.23
loop print:
165
-41.84
70.35
-34.50
4.22
loop print:
175
-41.87
70.11
-34.93
4.22
loop print:
185
-41.86
70.23
-35.50
4.21
loop print:
195
-41.36
70.09
-35.77
4.21
loop print:
205
-40.72
70.16
-35.89
4.21
loop print:
215
-39.93
70.31
-35.64
4.21
loop print:
225
-38.78
70.63
-35.62
4.20
loop print:
235
-38.47
70.32
-35.93
4.20
loop print:
245
-37.86
70.46
-36.73
4.19
loop print:
255
-37.02
70.46
-36.73
4.19