loop print:
-255
-57.18
47.67
-32.65
3.54
loop print:
-245
-57.37
47.44
-32.59
3.55
loop print:
-235
-57.52
47.56
-32.75
3.55
loop print:
-225
-57.21
47.82
-32.86
3.55
loop print:
-215
-57.34
47.78
-32.97
3.55
loop print:
-205
-57.34
47.45
-32.66
3.55
loop print:
-195
-57.45
47.64
-32.56
3.55
loop print:
-185
-57.50
47.60
-32.49
3.55
loop print:
-175
-57.55
47.59
-32.65
3.55
loop print:
-165
-57.47
47.72
-32.72
3.55
loop print:
-155
-57.62
47.81
-32.83
3.55
loop print:
-145
-57.40
47.95
-32.69
3.55
loop print:
-135
-57.58
47.92
-32.65
3.55
loop print:
-125
-57.60
47.81
-32.55
3.55
loop print:
-115
-57.51
47.71
-32.48
3.55
loop print:
-105
-57.52
47.70
-32.46
3.55
loop print:
-95
-57.21
47.68
-32.48
3.55
loop print:
-85
-57.56
47.76
-32.42
3.55
loop print:
-75
-57.61
47.47
-32.85
3.55
loop print:
-65
-57.50
47.44
-33.30
3.55
loop print:
-55
-57.48
47.61
-32.93
3.55
loop print:
-45
-57.73
47.39
-32.81
3.55
loop print:
-35
-57.39
47.57
-32.89
3.55
loop print:
-25
-57.49
47.52
-32.74
3.55
loop print:
-15
-57.46
47.48
-32.41
3.55
loop print:
-5
-57.21
47.65
-32.93
3.55
loop print:
5
-57.28
47.71
-32.58
3.55
loop print:
15
-57.53
47.60
-33.44
3.55
loop print:
25
-57.63
47.36
-33.40
3.55
loop print:
35
-57.73
47.46
-33.56
3.55
loop print:
45
-57.58
47.45
-33.42
3.55
loop print:
55
-57.07
47.49
-33.69
3.55
loop print:
65
-56.72
47.26
-33.88
3.55
loop print:
75
-57.07
47.53
-33.70
3.55
loop print:
85
-56.85
47.49
-33.42
3.55
loop print:
95
-57.20
47.25
-33.18
3.56
loop print:
105
-57.05
47.11
-33.82
3.55
loop print:
115
-57.04
47.44
-33.96
3.55
loop print:
125
-57.04
47.64
-33.46
3.55
loop print:
135
-56.97
47.48
-33.58
3.55
loop print:
145
-56.94
47.37
-33.55
3.55
loop print:
155
-56.94
47.47
-33.34
3.55
loop print:
165
-57.01
47.21
-33.45
3.55
loop print:
175
-57.29
47.09
-33.41
3.55
loop print:
185
-57.31
46.83
-33.58
3.55
loop print:
195
-57.62
46.76
-33.41
3.55
loop print:
205
-57.56
46.58
-33.27
3.55
loop print:
215
-57.70
47.09
-33.10
3.55
loop print:
225
-57.83
47.36
-32.93
3.56
loop print:
235
-57.72
47.42
-33.42
3.55
loop print:
245
-57.86
47.56
-33.36
3.55
loop print:
255
-57.72
47.48
-32.96
3.55