loop print:
-255
-52.70
82.26
-33.05
3.66
loop print:
-245
-53.24
82.39
-32.51
3.67
loop print:
-235
-52.81
82.20
-32.72
3.67
loop print:
-225
-52.32
82.53
-32.45
3.68
loop print:
-215
-52.51
82.45
-32.61
3.68
loop print:
-205
-51.39
82.06
-32.84
3.69
loop print:
-195
-50.51
82.10
-32.78
3.69
loop print:
-185
-49.68
81.55
-32.56
3.70
loop print:
-175
-51.18
81.65
-32.51
3.70
loop print:
-165
-50.87
81.90
-32.46
3.70
loop print:
-155
-48.44
81.83
-32.51
3.71
loop print:
-145
-46.81
81.39
-32.64
3.71
loop print:
-135
-46.85
81.19
-32.60
3.72
loop print:
-125
-47.21
81.17
-32.61
3.72
loop print:
-115
-47.46
81.19
-32.28
3.72
loop print:
-105
-47.23
81.08
-32.50
3.73
loop print:
-95
-46.74
81.24
-32.34
3.73
loop print:
-85
-46.21
80.84
-32.72
3.73
loop print:
-75
-45.33
80.96
-32.67
3.73
loop print:
-65
-43.34
81.16
-32.28
3.73
loop print:
-55
-42.66
80.93
-32.63
3.74
loop print:
-45
-43.14
80.99
-32.58
3.74
loop print:
-35
-42.80
80.63
-32.07
3.74
loop print:
-25
-42.27
80.55
-32.45
3.74
loop print:
-15
-41.74
80.44
-32.26
3.74
loop print:
-5
-41.06
80.63
-32.17
3.75
loop print:
5
-40.62
80.39
-32.62
3.75
loop print:
15
-40.48
80.61
-33.26
3.74
loop print:
25
-39.27
80.44
-33.43
3.74
loop print:
35
-38.38
80.44
-32.89
3.74
loop print:
45
-37.78
80.65
-32.97
3.74
loop print:
55
-39.00
80.72
-33.47
3.74
loop print:
65
-38.07
80.69
-33.88
3.74
loop print:
75
-36.49
80.81
-33.70
3.73
loop print:
85
-35.30
80.87
-33.34
3.73
loop print:
95
-34.86
80.72
-33.60
3.73
loop print:
105
-35.47
80.74
-34.44
3.73
loop print:
115
-35.91
80.91
-35.05
3.72
loop print:
125
-35.39
80.99
-35.42
3.72
loop print:
135
-34.17
81.07
-35.16
3.72
loop print:
145
-31.85
80.80
-35.14
3.71
loop print:
155
-31.53
80.58
-35.29
3.71
loop print:
165
-32.22
80.50
-35.51
3.71
loop print:
175
-32.50
80.66
-36.51
3.70
loop print:
185
-31.93
80.75
-36.35
3.70
loop print:
195
-31.11
80.80
-37.94
3.69
loop print:
205
-29.50
80.74
-36.48
3.69
loop print:
215
-29.75
80.80
-36.52
3.69
loop print:
225
-29.63
80.96
-36.83
3.68
loop print:
235
-28.85
80.77
-37.07
3.68
loop print:
245
-28.16
80.91
-37.03
3.67
loop print:
255
-27.77
80.94
-37.23
3.67