loop print:
-255
-32.52
80.20
-32.98
3.71
loop print:
-245
-32.49
80.05
-33.31
3.71
loop print:
-235
-32.49
80.11
-33.43
3.72
loop print:
-225
-32.31
79.69
-32.97
3.72
loop print:
-215
-32.33
79.89
-33.03
3.72
loop print:
-205
-32.39
79.93
-33.16
3.72
loop print:
-195
-32.40
79.94
-33.24
3.72
loop print:
-185
-32.43
80.09
-33.05
3.72
loop print:
-175
-32.37
80.08
-33.48
3.73
loop print:
-165
-32.41
79.96
-33.09
3.73
loop print:
-155
-32.46
80.02
-33.13
3.73
loop print:
-145
-32.46
79.92
-33.26
3.73
loop print:
-135
-32.60
80.00
-33.81
3.73
loop print:
-125
-32.41
79.89
-33.27
3.73
loop print:
-115
-32.31
80.05
-33.20
3.73
loop print:
-105
-32.29
80.12
-33.10
3.73
loop print:
-95
-32.19
80.08
-33.31
3.73
loop print:
-85
-32.35
79.97
-33.87
3.73
loop print:
-75
-32.32
80.14
-33.59
3.73
loop print:
-65
-32.30
80.20
-33.33
3.73
loop print:
-55
-32.33
79.92
-33.29
3.73
loop print:
-45
-32.29
79.98
-33.17
3.73
loop print:
-35
-32.12
80.00
-33.55
3.73
loop print:
-25
-32.31
79.88
-32.91
3.73
loop print:
-15
-32.31
79.66
-33.39
3.73
loop print:
-5
-32.27
79.97
-33.06
3.73
loop print:
5
-32.22
79.90
-33.13
3.73
loop print:
15
-32.13
79.51
-33.15
3.73
loop print:
25
-32.29
79.32
-33.00
3.73
loop print:
35
-32.19
79.64
-32.84
3.73
loop print:
45
-32.24
79.76
-32.49
3.73
loop print:
55
-32.34
79.94
-32.62
3.73
loop print:
65
-32.23
79.83
-32.46
3.73
loop print:
75
-32.00
79.96
-33.00
3.73
loop print:
85
-32.18
80.08
-32.94
3.73
loop print:
95
-32.19
79.85
-33.16
3.74
loop print:
105
-32.45
80.12
-32.93
3.73
loop print:
115
-32.43
80.01
-32.81
3.73
loop print:
125
-32.25
79.92
-32.67
3.73
loop print:
135
-31.90
79.68
-32.69
3.73
loop print:
145
-32.04
79.87
-32.55
3.73
loop print:
155
-31.98
79.99
-32.32
3.74
loop print:
165
-31.93
80.00
-32.89
3.73
loop print:
175
-31.90
79.72
-32.52
3.73
loop print:
185
-32.32
79.68
-32.44
3.73
loop print:
195
-32.29
79.53
-32.64
3.73
loop print:
205
-32.05
79.82
-32.92
3.73
loop print:
215
-32.13
79.94
-32.60
3.73
loop print:
225
-32.18
79.75
-32.41
3.73
loop print:
235
-31.80
79.77
-32.50
3.73
loop print:
245
-32.02
79.62
-32.48
3.73
loop print:
255
-32.18
79.98
-32.66
3.73