loop print:
-255
-51.58
81.69
-32.48
3.43
loop print:
-245
-52.36
81.67
-32.28
3.45
loop print:
-235
-51.69
81.57
-32.51
3.46
loop print:
-225
-51.25
81.91
-32.45
3.46
loop print:
-215
-50.65
81.45
-32.92
3.47
loop print:
-205
-50.74
81.29
-32.48
3.48
loop print:
-195
-51.20
81.36
-31.96
3.48
loop print:
-185
-51.02
81.27
-32.03
3.49
loop print:
-175
-50.31
81.22
-32.27
3.49
loop print:
-165
-49.77
81.11
-32.18
3.49
loop print:
-155
-48.53
81.25
-31.96
3.50
loop print:
-145
-48.71
81.19
-31.91
3.50
loop print:
-135
-48.45
81.03
-31.69
3.51
loop print:
-125
-47.68
81.23
-31.74
3.51
loop print:
-115
-47.48
80.90
-31.92
3.51
loop print:
-105
-47.09
80.91
-31.41
3.51
loop print:
-95
-46.60
80.85
-31.84
3.52
loop print:
-85
-45.94
80.72
-31.68
3.52
loop print:
-75
-45.54
80.58
-31.98
3.52
loop print:
-65
-44.59
80.38
-31.93
3.52
loop print:
-55
-43.94
80.18
-31.80
3.53
loop print:
-45
-43.39
80.30
-32.18
3.53
loop print:
-35
-42.53
80.21
-32.13
3.53
loop print:
-25
-42.06
80.24
-32.30
3.53
loop print:
-15
-41.54
80.29
-32.40
3.53
loop print:
-5
-40.70
80.30
-32.26
3.54
loop print:
5
-40.33
80.09
-32.12
3.54
loop print:
15
-39.93
80.05
-32.37
3.54
loop print:
25
-39.03
80.06
-32.78
3.53
loop print:
35
-38.30
80.14
-32.81
3.53
loop print:
45
-37.73
80.25
-32.82
3.53
loop print:
55
-37.22
80.34
-32.72
3.53
loop print:
65
-36.74
80.25
-32.96
3.53
loop print:
75
-37.30
80.50
-33.29
3.52
loop print:
85
-37.33
80.40
-33.79
3.52
loop print:
95
-36.78
80.04
-33.94
3.52
loop print:
105
-35.79
80.04
-34.09
3.52
loop print:
115
-34.82
80.43
-33.93
3.51
loop print:
125
-33.77
80.30
-34.01
3.51
loop print:
135
-32.98
80.35
-33.97
3.51
loop print:
145
-33.69
80.21
-34.60
3.50
loop print:
155
-33.90
80.35
-35.26
3.50
loop print:
165
-33.57
80.52
-35.48
3.50
loop print:
175
-32.63
80.61
-34.98
3.50
loop print:
185
-31.96
80.80
-35.12
3.49
loop print:
195
-30.76
80.65
-35.06
3.49
loop print:
205
-29.85
80.43
-35.63
3.49
loop print:
215
-29.26
80.31
-35.86
3.49
loop print:
225
-29.18
80.27
-36.25
3.48
loop print:
235
-28.86
80.60
-36.68
3.48
loop print:
245
-28.70
80.68
-36.38
3.47
loop print:
255
-28.27
80.58
-36.84
3.47