loop print:
-255
-53.22
82.53
-32.43
3.85
loop print:
-245
-54.32
82.65
-31.84
3.86
loop print:
-235
-53.75
82.27
-31.72
3.86
loop print:
-225
-52.83
82.10
-32.06
3.87
loop print:
-215
-52.43
82.07
-31.73
3.88
loop print:
-205
-53.00
82.04
-31.32
3.88
loop print:
-195
-52.78
81.98
-31.42
3.89
loop print:
-185
-51.45
82.06
-31.56
3.89
loop print:
-175
-49.85
82.08
-31.43
3.90
loop print:
-165
-48.70
81.77
-31.70
3.90
loop print:
-155
-49.58
81.32
-31.65
3.90
loop print:
-145
-50.19
81.47
-31.60
3.91
loop print:
-135
-48.17
81.40
-31.86
3.91
loop print:
-125
-46.58
81.47
-31.95
3.91
loop print:
-115
-47.47
80.99
-31.55
3.92
loop print:
-105
-48.25
81.16
-31.37
3.92
loop print:
-95
-45.84
81.29
-31.58
3.92
loop print:
-85
-44.76
81.08
-31.65
3.93
loop print:
-75
-46.03
81.13
-31.73
3.93
loop print:
-65
-45.62
81.25
-31.48
3.93
loop print:
-55
-43.77
81.40
-31.54
3.94
loop print:
-45
-43.67
80.99
-31.26
3.94
loop print:
-35
-43.67
80.84
-31.50
3.94
loop print:
-25
-42.73
81.08
-31.77
3.94
loop print:
-15
-42.22
80.88
-31.46
3.94
loop print:
-5
-41.76
81.13
-31.90
3.94
loop print:
5
-41.21
81.03
-31.98
3.95
loop print:
15
-40.62
81.03
-31.84
3.94
loop print:
25
-39.32
80.91
-32.35
3.94
loop print:
35
-39.04
81.13
-32.54
3.94
loop print:
45
-38.17
80.75
-32.53
3.94
loop print:
55
-39.04
80.45
-32.86
3.94
loop print:
65
-37.17
80.97
-32.87
3.93
loop print:
75
-35.92
80.80
-32.61
3.93
loop print:
85
-37.38
80.77
-33.24
3.93
loop print:
95
-36.28
80.49
-33.26
3.93
loop print:
105
-33.97
80.81
-33.28
3.92
loop print:
115
-35.14
80.28
-33.36
3.92
loop print:
125
-35.29
80.49
-34.33
3.92
loop print:
135
-34.22
80.52
-34.45
3.91
loop print:
145
-32.27
80.51
-34.74
3.91
loop print:
155
-31.28
80.69
-34.71
3.90
loop print:
165
-32.24
80.73
-35.23
3.90
loop print:
175
-32.43
80.94
-35.96
3.90
loop print:
185
-31.18
80.92
-35.75
3.90
loop print:
195
-29.19
80.76
-35.54
3.89
loop print:
205
-29.72
81.04
-36.00
3.89
loop print:
215
-29.66
81.01
-36.54
3.88
loop print:
225
-28.53
81.08
-36.50
3.88
loop print:
235
-27.35
81.18
-36.27
3.87
loop print:
245
-27.73
81.15
-36.71
3.87
loop print:
255
-27.10
81.34
-37.66
3.86