loop print:
-255
-32.39
80.20
-32.62
3.82
loop print:
-245
-32.32
80.07
-32.52
3.83
loop print:
-235
-32.23
80.15
-32.62
3.83
loop print:
-225
-32.32
80.00
-33.00
3.84
loop print:
-215
-32.26
80.26
-32.78
3.84
loop print:
-205
-31.96
80.01
-32.42
3.84
loop print:
-195
-32.30
80.11
-32.71
3.85
loop print:
-185
-31.74
80.15
-32.86
3.85
loop print:
-175
-32.14
80.29
-33.31
3.84
loop print:
-165
-32.15
79.99
-32.49
3.85
loop print:
-155
-32.17
79.77
-32.88
3.85
loop print:
-145
-31.90
79.87
-32.75
3.85
loop print:
-135
-32.02
80.05
-32.77
3.85
loop print:
-125
-31.73
80.17
-33.12
3.85
loop print:
-115
-31.87
80.06
-33.04
3.85
loop print:
-105
-32.01
79.94
-32.71
3.85
loop print:
-95
-32.03
79.95
-32.52
3.85
loop print:
-85
-31.88
80.14
-32.31
3.85
loop print:
-75
-32.26
80.09
-32.35
3.85
loop print:
-65
-32.16
80.22
-32.92
3.85
loop print:
-55
-31.99
80.24
-33.12
3.85
loop print:
-45
-31.90
80.18
-32.67
3.85
loop print:
-35
-32.16
80.21
-32.89
3.85
loop print:
-25
-32.34
80.53
-32.85
3.85
loop print:
-15
-32.10
80.09
-33.06
3.85
loop print:
-5
-32.09
80.12
-32.91
3.85
loop print:
5
-32.40
80.07
-33.34
3.85
loop print:
15
-32.38
80.28
-32.76
3.85
loop print:
25
-32.30
80.15
-32.90
3.85
loop print:
35
-32.10
79.94
-32.99
3.85
loop print:
45
-31.91
80.10
-32.97
3.85
loop print:
55
-32.17
80.17
-32.88
3.85
loop print:
65
-32.01
80.14
-33.07
3.85
loop print:
75
-32.07
79.87
-33.28
3.85
loop print:
85
-31.94
80.15
-33.20
3.85
loop print:
95
-31.73
80.06
-33.06
3.85
loop print:
105
-31.46
80.24
-33.19
3.85
loop print:
115
-31.79
80.55
-33.12
3.85
loop print:
125
-31.51
80.56
-32.81
3.85
loop print:
135
-31.78
80.27
-33.22
3.85
loop print:
145
-31.98
80.51
-32.35
3.85
loop print:
155
-31.83
80.46
-32.79
3.85
loop print:
165
-31.95
80.47
-32.83
3.85
loop print:
175
-31.77
80.19
-33.07
3.86
loop print:
185
-31.67
80.16
-33.23
3.85
loop print:
195
-31.55
79.79
-33.03
3.85
loop print:
205
-31.71
80.09
-33.10
3.85
loop print:
215
-31.67
80.14
-32.60
3.86
loop print:
225
-31.73
80.01
-32.88
3.85
loop print:
235
-31.87
80.13
-32.83
3.85
loop print:
245
-31.82
80.15
-33.01
3.85
loop print:
255
-31.79
79.94
-32.62
3.86
Finished