1768846394
-255
-83.84
58.06
-36.93
3.60
1768846394
-245
-84.59
57.82
-37.07
3.60
1768846394
-235
-84.50
57.88
-36.88
3.61
1768846394
-225
-83.80
57.83
-36.69
3.61
1768846394
-215
-83.60
57.90
-36.76
3.61
1768846394
-205
-83.32
58.35
-36.35
3.62
1768846394
-195
-83.05
58.26
-35.71
3.62
1768846394
-185
-82.55
58.06
-35.87
3.63
1768846394
-175
-82.25
58.14
-35.86
3.63
1768846394
-165
-82.33
58.39
-35.14
3.63
1768846394
-155
-81.89
58.14
-34.76
3.63
1768846394
-145
-81.35
58.27
-34.58
3.63
1768846394
-135
-80.75
58.52
-34.27
3.64
1768846394
-125
-80.44
58.65
-34.21
3.64
1768846394
-115
-80.04
58.48
-34.19
3.64
1768846394
-105
-79.62
58.38
-34.39
3.64
1768846394
-95
-79.15
58.49
-33.57
3.65
1768846394
-85
-78.88
58.85
-33.51
3.65
1768846394
-75
-78.82
58.91
-32.79
3.65
1768846394
-65
-78.33
58.68
-32.96
3.65
1768846394
-55
-77.81
58.80
-32.65
3.66
1768846394
-45
-77.64
59.08
-32.53
3.66
1768846394
-35
-77.13
59.09
-32.30
3.66
1768846394
-25
-77.07
59.15
-32.03
3.66
1768846394
-15
-76.38
59.26
-32.26
3.66
1768846394
-5
-76.07
59.39
-32.08
3.66
1768846394
5
-75.53
59.50
-31.87
3.66
1768846394
15
-75.23
59.82
-31.59
3.66
1768846394
25
-75.03
59.85
-31.49
3.66
1768846394
35
-74.67
60.07
-31.45
3.66
1768846394
45
-73.99
60.20
-31.37
3.65
1768846394
55
-73.51
60.37
-30.99
3.66
1768846394
65
-73.34
60.10
-31.32
3.65
1768846394
75
-72.72
60.56
-31.03
3.65
1768846394
85
-72.14
60.29
-31.29
3.65
1768846394
95
-72.09
60.67
-31.26
3.65
1768846394
105
-71.83
61.11
-31.24
3.64
1768846394
115
-71.47
61.20
-31.35
3.65
1768846394
125
-70.74
61.13
-31.07
3.64
1768846394
135
-70.49
61.45
-31.02
3.64
1768846394
145
-70.45
61.76
-30.97
3.64
1768846394
155
-70.17
61.81
-30.48
3.63
1768846394
165
-69.85
61.25
-30.78
3.63
1768846394
175
-69.37
61.84
-30.86
3.63
1768846394
185
-68.92
61.98
-30.92
3.63
1768846394
195
-68.70
62.13
-30.75
3.62
1768846394
205
-68.25
62.41
-30.51
3.62
1768846394
215
-68.16
62.39
-30.58
3.62
1768846394
225
-67.62
62.46
-30.87
3.61
1768846394
235
-67.40
63.08
-30.60
3.61
1768846394
245
-66.66
63.34
-31.03
3.61
1768846394
255
-66.66
63.44
-30.91
3.60