1768846394
-255
-83.26
56.62
-36.75
3.70
1768846394
-245
-83.93
57.01
-36.71
3.70
1768846394
-235
-83.55
56.74
-36.48
3.71
1768846394
-225
-83.50
56.50
-36.45
3.71
1768846394
-215
-83.12
56.59
-36.29
3.71
1768846394
-205
-82.74
56.60
-35.31
3.72
1768846394
-195
-82.67
56.95
-35.52
3.72
1768846394
-185
-82.58
56.96
-35.41
3.72
1768846394
-175
-82.15
56.90
-35.41
3.72
1768846394
-165
-81.66
56.82
-35.17
3.73
1768846394
-155
-81.18
56.97
-34.51
3.73
1768846394
-145
-80.96
57.32
-34.67
3.73
1768846394
-135
-80.79
57.15
-33.96
3.74
1768846394
-125
-80.56
56.86
-33.76
3.74
1768846394
-115
-80.12
57.22
-33.57
3.74
1768846394
-105
-79.86
57.50
-33.62
3.74
1768846394
-95
-79.47
57.19
-33.17
3.74
1768846394
-85
-78.77
57.18
-33.24
3.75
1768846394
-75
-78.56
57.26
-33.06
3.75
1768846394
-65
-78.52
57.63
-32.75
3.75
1768846394
-55
-78.33
57.55
-32.22
3.75
1768846394
-45
-77.78
57.50
-32.26
3.76
1768846394
-35
-77.52
57.78
-32.30
3.76
1768846394
-25
-77.07
57.94
-31.76
3.76
1768846394
-15
-76.73
57.95
-31.81
3.76
1768846394
-5
-76.34
58.15
-31.82
3.76
1768846394
5
-76.06
58.29
-31.98
3.76
1768846394
15
-75.59
58.58
-31.76
3.76
1768846394
25
-75.01
58.33
-31.65
3.76
1768846394
35
-74.67
58.54
-31.38
3.76
1768846394
45
-73.62
58.40
-30.96
3.76
1768846394
55
-73.98
58.81
-30.96
3.75
1768846394
65
-73.65
58.90
-31.10
3.75
1768846394
75
-73.36
59.28
-31.05
3.75
1768846394
85
-72.96
59.28
-30.83
3.75
1768846394
95
-72.50
59.52
-30.98
3.75
1768846394
105
-72.32
59.66
-30.70
3.74
1768846394
115
-72.27
60.02
-30.49
3.74
1768846394
125
-72.00
59.85
-30.59
3.74
1768846394
135
-71.21
60.02
-30.69
3.74
1768846394
145
-71.06
60.10
-30.62
3.73
1768846394
155
-70.77
60.06
-30.66
3.73
1768846394
165
-70.65
60.70
-30.42
3.73
1768846394
175
-70.34
60.75
-30.19
3.73
1768846394
185
-70.02
60.55
-30.63
3.72
1768846394
195
-69.58
60.53
-30.39
3.72
1768846394
205
-69.30
61.30
-30.51
3.72
1768846394
215
-69.26
61.33
-30.29
3.72
1768846394
225
-68.87
61.43
-30.55
3.71
1768846394
235
-68.52
61.51
-30.73
3.71
1768846394
245
-68.33
61.37
-30.71
3.70
1768846394
255
-67.88
61.88
-30.88
3.70