1768846394
-255
-83.41
57.77
-37.12
3.50
1768846394
-245
-83.88
57.59
-37.63
3.50
1768846394
-235
-84.00
58.11
-36.83
3.51
1768846394
-225
-83.58
57.58
-37.09
3.51
1768846394
-215
-83.27
57.34
-36.62
3.51
1768846394
-205
-82.96
57.57
-35.95
3.52
1768846394
-195
-82.50
57.86
-35.86
3.52
1768846394
-185
-82.06
57.52
-35.20
3.52
1768846394
-175
-81.94
57.59
-35.28
3.53
1768846394
-165
-81.62
57.81
-35.36
3.53
1768846394
-155
-81.40
58.12
-34.68
3.53
1768846394
-145
-80.99
58.10
-34.66
3.53
1768846394
-135
-80.62
57.98
-34.68
3.54
1768846394
-125
-80.30
58.05
-34.44
3.54
1768846394
-115
-79.45
58.43
-33.93
3.54
1768846394
-105
-79.30
58.47
-33.67
3.55
1768846394
-95
-78.84
58.47
-33.33
3.55
1768846394
-85
-78.61
58.54
-32.95
3.55
1768846394
-75
-78.23
58.88
-32.54
3.55
1768846394
-65
-77.80
58.94
-32.25
3.55
1768846394
-55
-77.68
58.97
-31.89
3.55
1768846394
-45
-77.43
58.84
-31.94
3.55
1768846394
-35
-76.75
58.82
-32.28
3.56
1768846394
-25
-76.37
59.16
-32.48
3.56
1768846394
-15
-75.93
59.33
-32.16
3.56
1768846394
-5
-75.85
59.14
-31.43
3.56
1768846394
5
-75.23
59.23
-31.11
3.56
1768846394
15
-74.94
59.50
-31.03
3.56
1768846394
25
-74.71
59.88
-31.14
3.56
1768846394
35
-74.24
59.98
-30.92
3.55
1768846394
45
-74.41
60.02
-30.95
3.56
1768846394
55
-73.92
60.14
-30.51
3.55
1768846394
65
-73.12
60.19
-30.63
3.55
1768846394
75
-72.74
60.44
-30.47
3.55
1768846394
85
-72.62
60.60
-30.82
3.55
1768846394
95
-72.32
60.54
-30.90
3.55
1768846394
105
-71.64
60.45
-30.68
3.54
1768846394
115
-71.11
60.42
-30.45
3.54
1768846394
125
-71.11
60.87
-30.65
3.54
1768846394
135
-70.58
60.98
-30.27
3.54
1768846394
145
-70.74
61.00
-30.30
3.54
1768846394
155
-70.14
61.41
-30.34
3.53
1768846394
165
-69.31
61.65
-30.83
3.53
1768846394
175
-69.23
61.86
-30.73
3.53
1768846394
185
-69.25
62.19
-30.83
3.53
1768846394
195
-68.63
62.05
-30.34
3.52
1768846394
205
-68.31
62.24
-30.72
3.52
1768846394
215
-68.12
62.14
-30.36
3.52
1768846394
225
-67.91
62.47
-30.57
3.51
1768846394
235
-67.90
62.79
-30.52
3.51
1768846394
245
-67.35
62.69
-30.32
3.51
1768846394
255
-66.88
62.84
-30.17
3.51