1768846394
-255
-83.93
57.41
-37.79
3.70
1768846394
-245
-84.34
57.49
-37.57
3.71
1768846394
-235
-84.43
57.46
-37.72
3.71
1768846394
-225
-83.77
57.47
-37.00
3.71
1768846394
-215
-83.40
57.61
-37.04
3.72
1768846394
-205
-83.30
57.94
-36.92
3.72
1768846394
-195
-83.12
57.73
-36.66
3.72
1768846394
-185
-82.67
57.58
-36.38
3.72
1768846394
-175
-82.09
57.62
-35.96
3.73
1768846394
-165
-81.96
57.66
-35.43
3.73
1768846394
-155
-81.60
57.92
-35.38
3.73
1768846394
-145
-81.61
57.83
-34.59
3.73
1768846394
-135
-80.87
57.75
-34.85
3.74
1768846394
-125
-80.72
57.78
-34.31
3.74
1768846394
-115
-80.17
58.00
-34.19
3.74
1768846394
-105
-80.13
58.28
-34.11
3.74
1768846394
-95
-79.56
58.40
-33.80
3.75
1768846394
-85
-78.81
58.29
-33.75
3.75
1768846394
-75
-78.58
58.59
-33.43
3.75
1768846394
-65
-78.29
58.70
-33.17
3.75
1768846394
-55
-77.82
58.77
-33.05
3.75
1768846394
-45
-77.30
59.00
-32.65
3.76
1768846394
-35
-77.04
58.87
-32.98
3.76
1768846394
-25
-76.76
59.13
-33.01
3.76
1768846394
-15
-76.40
59.11
-32.55
3.76
1768846394
-5
-76.04
59.00
-32.11
3.76
1768846394
5
-75.85
59.42
-31.97
3.76
1768846394
15
-75.54
59.63
-31.43
3.76
1768846394
25
-75.11
59.42
-31.56
3.76
1768846394
35
-74.40
59.38
-31.90
3.76
1768846394
45
-74.09
59.78
-31.66
3.76
1768846394
55
-74.09
60.13
-31.27
3.75
1768846394
65
-73.46
60.23
-31.41
3.75
1768846394
75
-73.12
60.25
-31.46
3.75
1768846394
85
-72.71
60.76
-31.60
3.75
1768846394
95
-72.39
60.82
-31.61
3.75
1768846394
105
-72.20
60.96
-31.44
3.75
1768846394
115
-72.03
60.79
-31.30
3.74
1768846394
125
-71.35
60.99
-31.09
3.74
1768846394
135
-71.04
61.26
-31.07
3.74
1768846394
145
-70.70
61.70
-30.95
3.74
1768846394
155
-70.42
61.61
-31.44
3.73
1768846394
165
-69.72
61.47
-31.89
3.73
1768846394
175
-69.42
61.44
-31.49
3.73
1768846394
185
-69.39
61.96
-31.59
3.73
1768846394
195
-69.36
62.27
-31.62
3.72
1768846394
205
-69.07
62.59
-31.21
3.72
1768846394
215
-68.37
62.44
-31.44
3.72
1768846394
225
-68.14
62.83
-31.44
3.71
1768846394
235
-67.87
62.76
-31.48
3.71
1768846394
245
-67.52
63.02
-31.56
3.71
1768846394
255
-67.00
62.72
-31.21
3.70