1768846394
-255
-83.12
54.62
-38.81
3.60
1768846394
-245
-83.53
54.63
-39.29
3.60
1768846394
-235
-83.07
54.50
-39.05
3.61
1768846394
-225
-83.04
54.60
-38.73
3.61
1768846394
-215
-82.90
54.90
-38.76
3.61
1768846394
-205
-82.26
54.98
-38.01
3.62
1768846394
-195
-82.42
54.83
-37.74
3.62
1768846394
-185
-81.90
54.73
-36.71
3.62
1768846394
-175
-81.35
54.89
-36.84
3.62
1768846394
-165
-81.48
54.99
-36.21
3.63
1768846394
-155
-81.37
55.19
-36.07
3.63
1768846394
-145
-80.83
55.26
-36.12
3.63
1768846394
-135
-80.57
55.70
-35.84
3.64
1768846394
-125
-80.13
55.78
-35.46
3.64
1768846394
-115
-79.80
55.92
-35.50
3.64
1768846394
-105
-79.14
55.94
-35.36
3.64
1768846394
-95
-78.93
56.25
-35.00
3.64
1768846394
-85
-78.68
56.50
-34.48
3.65
1768846394
-75
-78.25
55.97
-34.25
3.64
1768846394
-65
-77.75
55.91
-34.36
3.65
1768846394
-55
-77.54
56.66
-34.08
3.65
1768846394
-45
-77.38
56.39
-33.86
3.65
1768846394
-35
-76.88
56.29
-33.63
3.65
1768846394
-25
-76.24
56.32
-33.55
3.66
1768846394
-15
-75.77
56.45
-33.50
3.65
1768846394
-5
-75.64
56.65
-33.47
3.65
1768846394
5
-75.40
57.13
-32.92
3.66
1768846394
15
-74.64
56.87
-32.98
3.65
1768846394
25
-74.16
56.62
-33.08
3.66
1768846394
35
-74.00
56.93
-32.60
3.65
1768846394
45
-73.54
57.22
-32.62
3.65
1768846394
55
-73.40
57.52
-32.99
3.65
1768846394
65
-72.71
57.72
-33.05
3.65
1768846394
75
-72.32
57.97
-32.30
3.65
1768846394
85
-72.79
58.93
-32.08
3.65
1768846394
95
-72.85
58.82
-31.76
3.64
1768846394
105
-72.77
59.32
-31.70
3.64
1768846394
115
-72.51
59.15
-32.13
3.64
1768846394
125
-72.05
58.94
-32.16
3.64
1768846394
135
-71.88
59.76
-31.80
3.63
1768846394
145
-71.62
59.64
-31.82
3.63
1768846394
155
-70.80
59.60
-31.84
3.63
1768846394
165
-70.24
58.90
-31.55
3.63
1768846394
175
-70.96
58.06
-32.29
3.62
1768846394
185
-69.80
58.54
-31.50
3.62
1768846394
195
-69.65
58.19
-31.88
3.62
1768846394
205
-68.83
58.12
-31.65
3.62
1768846394
215
-68.02
60.01
-31.71
3.61
1768846394
225
-67.53
60.25
-32.05
3.61
1768846394
235
-67.33
60.70
-32.08
3.61
1768846394
245
-66.84
60.83
-31.96
3.60
1768846394
255
-66.16
60.91
-31.94
3.60