1768846394
-255
-84.01
57.36
-37.11
3.89
1768846394
-245
-84.78
57.65
-37.13
3.89
1768846394
-235
-84.72
57.47
-36.61
3.90
1768846394
-225
-84.27
57.47
-36.20
3.90
1768846394
-215
-83.86
57.25
-36.28
3.91
1768846394
-205
-83.31
57.71
-36.37
3.91
1768846394
-195
-82.95
57.74
-35.73
3.91
1768846394
-185
-82.36
57.40
-35.74
3.92
1768846394
-175
-82.46
57.46
-35.37
3.92
1768846394
-165
-81.79
57.47
-35.33
3.92
1768846394
-155
-81.21
57.63
-35.02
3.92
1768846394
-145
-81.19
57.85
-34.59
3.93
1768846394
-135
-80.52
57.84
-34.44
3.93
1768846394
-125
-80.17
57.87
-34.10
3.93
1768846394
-115
-80.05
58.10
-34.21
3.94
1768846394
-105
-79.65
58.26
-33.88
3.94
1768846394
-95
-78.99
58.43
-33.48
3.94
1768846394
-85
-78.75
58.37
-33.12
3.94
1768846394
-75
-78.34
58.39
-32.89
3.95
1768846394
-65
-77.65
58.50
-32.95
3.95
1768846394
-55
-77.33
58.65
-32.45
3.95
1768846394
-45
-77.27
58.78
-32.49
3.95
1768846394
-35
-76.88
59.08
-32.33
3.95
1768846394
-25
-76.32
58.96
-31.71
3.95
1768846394
-15
-75.88
58.90
-31.43
3.95
1768846394
-5
-75.31
59.28
-31.45
3.95
1768846394
5
-75.23
59.46
-31.37
3.95
1768846394
15
-75.03
59.26
-31.24
3.95
1768846394
25
-74.64
59.64
-31.16
3.95
1768846394
35
-74.30
59.69
-31.03
3.95
1768846394
45
-73.88
60.09
-31.27
3.95
1768846394
55
-73.30
60.16
-31.75
3.95
1768846394
65
-73.00
60.34
-31.45
3.95
1768846394
75
-72.50
60.18
-31.60
3.94
1768846394
85
-71.98
60.21
-31.38
3.94
1768846394
95
-71.58
60.33
-31.22
3.94
1768846394
105
-71.35
60.56
-31.39
3.94
1768846394
115
-71.06
61.14
-30.85
3.94
1768846394
125
-70.69
61.10
-30.98
3.93
1768846394
135
-70.44
61.30
-31.37
3.93
1768846394
145
-69.88
61.45
-30.74
3.93
1768846394
155
-69.66
61.54
-30.90
3.92
1768846394
165
-69.39
61.92
-31.08
3.92
1768846394
175
-68.83
61.88
-30.89
3.92
1768846394
185
-68.34
62.25
-30.44
3.91
1768846394
195
-68.05
62.15
-30.81
3.91
1768846394
205
-67.26
62.24
-30.92
3.91
1768846394
215
-67.03
62.26
-31.00
3.90
1768846394
225
-66.70
62.78
-30.71
3.90
1768846394
235
-66.45
62.95
-30.84
3.90
1768846394
245
-66.19
63.14
-30.44
3.89
1768846394
255
-65.61
62.92
-30.73
3.89