1768846394
-255
-84.31
57.09
-37.57
3.80
1768846394
-245
-84.96
56.82
-37.96
3.80
1768846394
-235
-84.64
57.52
-37.20
3.80
1768846394
-225
-84.33
57.32
-36.65
3.81
1768846394
-215
-84.09
57.17
-36.64
3.81
1768846394
-205
-83.53
57.41
-36.54
3.81
1768846394
-195
-82.84
57.55
-35.97
3.82
1768846394
-185
-82.83
57.66
-35.87
3.82
1768846394
-175
-82.35
57.16
-35.64
3.82
1768846394
-165
-81.96
57.25
-34.87
3.83
1768846394
-155
-81.80
57.40
-34.72
3.83
1768846394
-145
-81.65
57.68
-35.06
3.83
1768846394
-135
-81.33
57.76
-34.82
3.83
1768846394
-125
-80.62
57.79
-34.89
3.84
1768846394
-115
-79.98
58.14
-34.71
3.84
1768846394
-105
-79.90
58.26
-33.81
3.84
1768846394
-95
-79.15
58.18
-33.77
3.84
1768846394
-85
-78.93
58.24
-33.75
3.84
1768846394
-75
-78.60
58.47
-33.18
3.85
1768846394
-65
-78.21
58.57
-33.23
3.85
1768846394
-55
-77.89
58.53
-32.37
3.85
1768846394
-45
-77.17
58.96
-32.54
3.85
1768846394
-35
-76.85
58.78
-32.19
3.85
1768846394
-25
-76.71
59.04
-32.17
3.85
1768846394
-15
-76.37
58.80
-32.18
3.85
1768846394
-5
-75.87
58.79
-32.33
3.86
1768846394
5
-75.61
59.32
-31.63
3.86
1768846394
15
-74.90
59.91
-31.68
3.85
1768846394
25
-74.67
59.98
-31.38
3.85
1768846394
35
-74.12
59.94
-31.30
3.85
1768846394
45
-73.87
59.45
-31.26
3.85
1768846394
55
-73.30
59.89
-31.07
3.85
1768846394
65
-72.77
60.66
-31.31
3.85
1768846394
75
-72.60
60.69
-31.06
3.85
1768846394
85
-72.36
60.56
-30.63
3.85
1768846394
95
-71.79
60.49
-30.66
3.84
1768846394
105
-71.35
60.60
-30.60
3.84
1768846394
115
-70.98
61.29
-30.65
3.84
1768846394
125
-70.88
61.49
-30.18
3.84
1768846394
135
-70.38
61.68
-29.92
3.83
1768846394
145
-69.90
61.58
-29.98
3.83
1768846394
155
-69.62
61.92
-30.17
3.83
1768846394
165
-69.50
62.23
-30.57
3.83
1768846394
175
-69.14
61.98
-30.25
3.82
1768846394
185
-68.65
62.12
-30.40
3.82
1768846394
195
-68.08
62.18
-30.39
3.82
1768846394
205
-67.86
62.67
-30.39
3.81
1768846394
215
-67.41
62.91
-30.44
3.81
1768846394
225
-67.42
62.73
-30.90
3.81
1768846394
235
-67.19
62.83
-31.00
3.80
1768846394
245
-66.57
62.84
-31.07
3.80
1768846394
255
-66.32
63.34
-30.64
3.80