1768846394
-255
-84.26
56.62
-36.79
3.80
1768846394
-245
-85.04
56.78
-36.88
3.80
1768846394
-235
-84.85
56.97
-36.69
3.81
1768846394
-225
-84.41
56.95
-36.26
3.81
1768846394
-215
-84.36
56.86
-36.02
3.82
1768846394
-205
-83.70
56.75
-35.54
3.82
1768846394
-195
-83.56
56.89
-35.59
3.82
1768846394
-185
-83.12
57.01
-35.61
3.82
1768846394
-175
-83.01
56.99
-35.15
3.83
1768846394
-165
-82.37
57.00
-34.77
3.83
1768846394
-155
-81.94
57.30
-34.57
3.84
1768846394
-145
-81.47
57.11
-33.93
3.84
1768846394
-135
-81.05
57.28
-33.99
3.84
1768846394
-125
-80.79
57.57
-34.00
3.84
1768846394
-115
-80.30
57.49
-33.84
3.84
1768846394
-105
-80.08
57.30
-33.69
3.85
1768846394
-95
-79.63
57.57
-33.39
3.85
1768846394
-85
-79.05
57.76
-33.14
3.85
1768846394
-75
-78.75
57.62
-32.81
3.85
1768846394
-65
-78.66
57.73
-32.53
3.85
1768846394
-55
-78.10
57.59
-32.55
3.86
1768846394
-45
-77.70
57.46
-32.16
3.86
1768846394
-35
-77.33
57.83
-31.89
3.86
1768846394
-25
-77.13
58.09
-32.06
3.86
1768846394
-15
-76.41
58.16
-31.86
3.86
1768846394
-5
-76.02
58.06
-31.40
3.86
1768846394
5
-75.46
58.24
-31.60
3.86
1768846394
15
-75.15
58.46
-31.62
3.86
1768846394
25
-74.98
58.75
-31.19
3.86
1768846394
35
-74.27
58.81
-31.13
3.86
1768846394
45
-74.16
59.08
-31.20
3.86
1768846394
55
-73.72
59.08
-31.03
3.86
1768846394
65
-72.74
59.43
-30.88
3.86
1768846394
75
-72.32
59.58
-30.59
3.85
1768846394
85
-71.86
60.16
-30.23
3.85
1768846394
95
-71.66
60.15
-30.76
3.85
1768846394
105
-71.15
60.06
-30.47
3.85
1768846394
115
-71.11
60.57
-30.40
3.84
1768846394
125
-71.13
60.77
-30.38
3.84
1768846394
135
-70.58
60.99
-30.72
3.84
1768846394
145
-70.81
61.05
-30.91
3.83
1768846394
155
-70.52
60.55
-31.18
3.83
1768846394
165
-70.18
61.22
-30.45
3.83
1768846394
175
-69.84
60.94
-31.05
3.83
1768846394
185
-68.81
61.25
-30.57
3.83
1768846394
195
-68.55
61.98
-30.64
3.82
1768846394
205
-68.42
61.29
-30.65
3.82
1768846394
215
-67.62
61.82
-30.66
3.82
1768846394
225
-67.61
62.22
-30.33
3.81
1768846394
235
-67.92
61.96
-30.46
3.81
1768846394
245
-67.44
61.96
-30.39
3.80
1768846394
255
-67.03
62.13
-30.61
3.80