1768846394
-255
-83.58
57.41
-37.68
4.00
1768846394
-245
-84.27
57.25
-38.19
4.00
1768846394
-235
-84.13
57.57
-37.76
4.01
1768846394
-225
-84.15
57.70
-36.90
4.01
1768846394
-215
-83.98
57.65
-36.69
4.02
1768846394
-205
-83.36
57.84
-36.56
4.02
1768846394
-195
-82.88
57.85
-36.04
4.02
1768846394
-185
-82.55
57.90
-36.15
4.02
1768846394
-175
-82.15
58.10
-35.61
4.03
1768846394
-165
-81.84
57.84
-35.89
4.03
1768846394
-155
-81.35
57.65
-35.34
4.03
1768846394
-145
-80.96
58.07
-35.03
4.03
1768846394
-135
-80.84
58.49
-34.86
4.04
1768846394
-125
-80.88
58.27
-34.35
4.04
1768846394
-115
-80.00
58.37
-33.99
4.04
1768846394
-105
-79.53
58.25
-33.92
4.04
1768846394
-95
-79.31
58.40
-33.35
4.05
1768846394
-85
-78.94
58.57
-33.35
4.05
1768846394
-75
-78.28
58.57
-33.13
4.05
1768846394
-65
-77.89
58.44
-32.70
4.05
1768846394
-55
-77.53
58.68
-32.81
4.05
1768846394
-45
-77.27
58.87
-32.68
4.06
1768846394
-35
-77.12
58.91
-32.52
4.05
1768846394
-25
-76.55
59.20
-32.44
4.06
1768846394
-15
-76.21
58.92
-32.33
4.06
1768846394
-5
-75.41
58.87
-32.11
4.06
1768846394
5
-75.28
59.35
-31.85
4.06
1768846394
15
-75.00
59.37
-31.14
4.06
1768846394
25
-74.54
59.39
-30.86
4.06
1768846394
35
-74.18
59.54
-31.01
4.06
1768846394
45
-73.58
59.81
-31.02
4.06
1768846394
55
-72.98
59.63
-30.57
4.05
1768846394
65
-72.83
59.89
-31.09
4.05
1768846394
75
-72.51
60.31
-30.99
4.05
1768846394
85
-72.47
60.11
-31.34
4.05
1768846394
95
-71.75
60.17
-30.97
4.04
1768846394
105
-71.49
60.26
-30.47
4.04
1768846394
115
-70.97
60.51
-30.74
4.04
1768846394
125
-70.91
61.03
-30.83
4.04
1768846394
135
-70.70
61.17
-31.14
4.04
1768846394
145
-70.17
61.17
-31.05
4.04
1768846394
155
-69.68
61.42
-31.15
4.03
1768846394
165
-69.55
61.75
-30.95
4.03
1768846394
175
-68.88
61.46
-31.04
4.03
1768846394
185
-68.81
61.89
-31.04
4.03
1768846394
195
-68.46
61.81
-30.70
4.02
1768846394
205
-67.99
62.08
-30.53
4.02
1768846394
215
-67.78
62.31
-30.77
4.02
1768846394
225
-67.68
62.26
-30.76
4.01
1768846394
235
-67.43
62.62
-30.81
4.01
1768846394
245
-67.31
63.05
-31.10
4.01
1768846394
255
-66.67
62.84
-30.91
4.00