1768846394
-255
-83.05
54.88
-38.56
3.49
1768846394
-245
-83.78
54.96
-39.17
3.49
1768846394
-235
-83.57
54.74
-38.81
3.50
1768846394
-225
-83.49
54.47
-38.64
3.50
1768846394
-215
-83.07
55.09
-37.71
3.51
1768846394
-205
-82.70
55.20
-37.42
3.51
1768846394
-195
-82.36
55.05
-37.37
3.52
1768846394
-185
-82.02
54.90
-36.74
3.52
1768846394
-175
-81.30
55.10
-36.69
3.52
1768846394
-165
-81.50
55.56
-36.28
3.52
1768846394
-155
-81.03
55.44
-36.16
3.53
1768846394
-145
-80.36
55.52
-36.16
3.53
1768846394
-135
-80.15
55.56
-35.67
3.53
1768846394
-125
-79.65
55.68
-35.74
3.53
1768846394
-115
-79.56
55.75
-35.63
3.54
1768846394
-105
-79.12
55.59
-35.08
3.54
1768846394
-95
-79.03
55.89
-35.13
3.54
1768846394
-85
-78.57
55.96
-34.67
3.54
1768846394
-75
-78.40
56.21
-34.55
3.54
1768846394
-65
-77.99
55.94
-34.12
3.55
1768846394
-55
-77.77
56.19
-34.30
3.55
1768846394
-45
-77.50
56.19
-33.55
3.55
1768846394
-35
-77.44
56.60
-33.61
3.55
1768846394
-25
-76.97
56.60
-33.57
3.55
1768846394
-15
-76.26
56.62
-33.26
3.55
1768846394
-5
-75.91
56.73
-33.18
3.55
1768846394
5
-75.62
57.02
-33.29
3.55
1768846394
15
-75.34
57.26
-33.30
3.55
1768846394
25
-74.97
57.07
-33.08
3.55
1768846394
35
-74.87
56.90
-33.34
3.55
1768846394
45
-74.11
57.13
-33.18
3.55
1768846394
55
-73.78
57.29
-33.24
3.55
1768846394
65
-73.82
57.78
-32.35
3.55
1768846394
75
-73.02
58.37
-32.51
3.54
1768846394
85
-72.93
58.58
-32.18
3.54
1768846394
95
-72.25
58.94
-32.58
3.54
1768846394
105
-71.73
58.79
-32.83
3.54
1768846394
115
-71.56
58.95
-32.51
3.54
1768846394
125
-70.99
59.46
-32.48
3.54
1768846394
135
-70.81
59.22
-32.71
3.53
1768846394
145
-70.53
59.66
-32.83
3.53
1768846394
155
-70.09
60.07
-33.00
3.53
1768846394
165
-69.85
60.05
-32.62
3.53
1768846394
175
-69.47
59.86
-32.22
3.52
1768846394
185
-69.05
60.06
-32.35
3.52
1768846394
195
-68.75
60.15
-32.46
3.52
1768846394
205
-68.30
60.87
-32.13
3.52
1768846394
215
-68.04
60.72
-32.08
3.51
1768846394
225
-67.84
60.90
-32.35
3.51
1768846394
235
-67.35
61.07
-32.05
3.51
1768846394
245
-67.24
60.83
-32.65
3.50
1768846394
255
-66.88
61.37
-32.59
3.50