1768846394
-255
-84.01
57.54
-37.46
4.10
1768846394
-245
-84.47
57.54
-37.49
4.10
1768846394
-235
-84.44
57.50
-36.95
4.11
1768846394
-225
-84.25
57.57
-36.99
4.11
1768846394
-215
-83.86
57.66
-37.20
4.12
1768846394
-205
-83.39
57.58
-36.97
4.12
1768846394
-195
-83.32
57.70
-36.35
4.12
1768846394
-185
-82.84
57.71
-35.83
4.12
1768846394
-175
-82.08
57.45
-35.99
4.13
1768846394
-165
-82.00
57.91
-35.55
4.13
1768846394
-155
-81.51
58.09
-35.46
4.13
1768846394
-145
-81.42
57.95
-35.12
4.13
1768846394
-135
-81.03
57.78
-34.47
4.13
1768846394
-125
-80.26
57.82
-34.15
4.14
1768846394
-115
-79.94
58.40
-34.45
4.14
1768846394
-105
-79.61
58.66
-34.12
4.14
1768846394
-95
-79.36
58.36
-33.53
4.14
1768846394
-85
-79.07
58.19
-33.36
4.15
1768846394
-75
-78.37
58.58
-32.99
4.15
1768846394
-65
-78.10
58.47
-32.75
4.15
1768846394
-55
-77.57
58.71
-32.78
4.15
1768846394
-45
-77.22
58.73
-32.35
4.16
1768846394
-35
-76.98
58.82
-32.29
4.16
1768846394
-25
-76.63
59.29
-32.30
4.16
1768846394
-15
-76.14
59.42
-31.91
4.16
1768846394
-5
-75.57
59.58
-31.93
4.16
1768846394
5
-75.12
59.65
-32.01
4.16
1768846394
15
-74.65
59.62
-31.99
4.16
1768846394
25
-74.29
59.42
-31.37
4.16
1768846394
35
-73.84
59.45
-31.62
4.16
1768846394
45
-73.29
59.58
-31.57
4.15
1768846394
55
-73.00
60.20
-31.30
4.15
1768846394
65
-72.72
60.14
-31.57
4.15
1768846394
75
-72.27
60.13
-31.11
4.15
1768846394
85
-71.63
60.23
-31.03
4.15
1768846394
95
-71.42
60.56
-31.05
4.15
1768846394
105
-70.97
60.90
-30.81
4.14
1768846394
115
-71.04
60.75
-30.64
4.14
1768846394
125
-70.47
60.89
-31.15
4.14
1768846394
135
-70.30
61.06
-30.73
4.14
1768846394
145
-69.54
61.65
-31.47
4.13
1768846394
155
-69.39
61.99
-30.96
4.13
1768846394
165
-68.96
62.07
-30.83
4.13
1768846394
175
-68.50
62.03
-30.91
4.13
1768846394
185
-68.15
61.87
-30.69
4.12
1768846394
195
-67.56
62.52
-30.31
4.12
1768846394
205
-67.17
62.51
-30.15
4.12
1768846394
215
-67.11
62.78
-30.29
4.12
1768846394
225
-66.71
62.88
-30.29
4.11
1768846394
235
-66.39
62.78
-30.50
4.11
1768846394
245
-65.93
63.20
-30.02
4.10
1768846394
255
-65.50
63.53
-30.30
4.10