1768846394
-255
-67.22
87.81
-42.94
3.81
1768846394
-245
-67.57
87.80
-42.80
3.81
1768846394
-235
-67.43
87.78
-42.16
3.82
1768846394
-225
-66.97
87.94
-41.98
3.82
1768846394
-215
-66.87
87.82
-41.62
3.82
1768846394
-205
-66.63
87.96
-41.51
3.83
1768846394
-195
-66.25
88.08
-40.86
3.83
1768846394
-185
-65.91
88.24
-40.47
3.83
1768846394
-175
-65.20
88.32
-40.30
3.84
1768846394
-165
-65.50
88.52
-40.25
3.84
1768846394
-155
-64.78
88.24
-40.14
3.84
1768846394
-145
-63.70
88.37
-39.88
3.84
1768846394
-135
-63.76
88.16
-40.11
3.85
1768846394
-125
-64.17
88.40
-39.72
3.85
1768846394
-115
-63.30
88.49
-39.11
3.85
1768846394
-105
-63.03
88.56
-38.71
3.85
1768846394
-95
-62.51
88.70
-38.58
3.85
1768846394
-85
-62.38
88.90
-38.06
3.85
1768846394
-75
-61.85
88.72
-38.20
3.86
1768846394
-65
-61.73
88.76
-38.60
3.86
1768846394
-55
-61.08
89.28
-38.45
3.86
1768846394
-45
-60.75
89.05
-38.00
3.86
1768846394
-35
-60.60
89.44
-37.39
3.86
1768846394
-25
-60.02
89.02
-37.49
3.86
1768846394
-15
-59.70
88.90
-37.22
3.86
1768846394
-5
-59.46
89.22
-37.15
3.86
1768846394
5
-59.06
88.88
-36.58
3.86
1768846394
15
-58.76
89.40
-36.62
3.86
1768846394
25
-58.23
89.76
-36.40
3.86
1768846394
35
-58.02
90.16
-36.84
3.86
1768846394
45
-57.98
89.59
-36.96
3.86
1768846394
55
-57.85
89.85
-36.93
3.86
1768846394
65
-57.38
90.35
-36.89
3.86
1768846394
75
-57.09
90.51
-36.54
3.86
1768846394
85
-56.56
90.78
-37.00
3.85
1768846394
95
-56.47
90.76
-37.02
3.85
1768846394
105
-56.63
91.40
-37.11
3.85
1768846394
115
-55.84
91.46
-36.94
3.85
1768846394
125
-55.57
91.29
-36.34
3.85
1768846394
135
-55.15
91.51
-36.68
3.85
1768846394
145
-54.52
91.48
-36.48
3.84
1768846394
155
-54.68
91.61
-36.88
3.84
1768846394
165
-53.69
92.02
-36.60
3.84
1768846394
175
-53.39
92.05
-36.09
3.84
1768846394
185
-53.02
92.07
-36.10
3.83
1768846394
195
-53.13
92.22
-36.51
3.83
1768846394
205
-52.72
92.22
-36.45
3.83
1768846394
215
-52.67
92.03
-36.72
3.83
1768846394
225
-51.19
92.79
-36.49
3.83
1768846394
235
-51.49
92.77
-36.37
3.82
1768846394
245
-50.99
93.01
-36.89
3.82
1768846394
255
-50.65
93.21
-36.66
3.81