1768846394
-255
-86.72
72.85
-43.94
4.09
1768846394
-245
-87.47
72.59
-44.52
4.10
1768846394
-235
-87.11
72.70
-44.02
4.10
1768846394
-225
-86.75
72.90
-43.40
4.10
1768846394
-215
-86.07
73.17
-43.16
4.11
1768846394
-205
-85.86
72.94
-42.88
4.12
1768846394
-195
-85.75
72.74
-42.22
4.12
1768846394
-185
-84.97
73.15
-42.69
4.12
1768846394
-175
-84.85
73.18
-42.13
4.12
1768846394
-165
-84.25
73.48
-41.99
4.13
1768846394
-155
-84.05
73.44
-40.99
4.13
1768846394
-145
-83.51
73.97
-41.02
4.13
1768846394
-135
-82.23
73.88
-41.06
4.13
1768846394
-125
-82.92
73.93
-40.75
4.13
1768846394
-115
-81.44
74.14
-40.33
4.14
1768846394
-105
-81.74
74.36
-39.92
4.14
1768846394
-95
-80.75
73.69
-39.72
4.14
1768846394
-85
-81.56
74.13
-39.54
4.14
1768846394
-75
-80.30
74.28
-39.83
4.14
1768846394
-65
-80.57
74.41
-39.26
4.15
1768846394
-55
-79.75
74.56
-38.87
4.15
1768846394
-45
-79.55
74.64
-38.65
4.15
1768846394
-35
-79.16
74.70
-39.14
4.16
1768846394
-25
-78.71
74.66
-38.44
4.16
1768846394
-15
-78.16
74.97
-38.22
4.16
1768846394
-5
-77.70
74.98
-37.94
4.16
1768846394
5
-77.17
74.79
-37.67
4.15
1768846394
15
-76.90
75.13
-37.71
4.15
1768846394
25
-76.37
75.05
-37.42
4.16
1768846394
35
-75.76
75.57
-37.05
4.15
1768846394
45
-75.66
75.79
-37.33
4.15
1768846394
55
-74.56
75.92
-37.26
4.15
1768846394
65
-75.25
76.16
-37.42
4.15
1768846394
75
-74.96
75.77
-37.23
4.14
1768846394
85
-74.37
76.17
-37.10
4.14
1768846394
95
-74.65
76.32
-36.99
4.15
1768846394
105
-73.49
76.36
-36.80
4.14
1768846394
115
-72.74
77.01
-36.96
4.14
1768846394
125
-73.52
76.85
-37.14
4.14
1768846394
135
-72.07
77.12
-37.38
4.13
1768846394
145
-72.73
77.22
-36.62
4.13
1768846394
155
-71.33
77.39
-37.04
4.13
1768846394
165
-71.53
77.49
-36.81
4.13
1768846394
175
-71.21
77.71
-37.14
4.13
1768846394
185
-70.86
77.61
-37.08
4.12
1768846394
195
-70.83
78.21
-36.95
4.12
1768846394
205
-70.13
78.16
-36.59
4.11
1768846394
215
-69.77
78.53
-36.61
4.11
1768846394
225
-69.63
78.42
-37.09
4.11
1768846394
235
-69.16
78.66
-37.40
4.10
1768846394
245
-68.54
78.84
-37.17
4.10
1768846394
255
-68.33
79.13
-37.28
4.09