1768846394
-255
-86.02
71.60
-42.93
3.89
1768846394
-245
-86.61
71.54
-42.83
3.89
1768846394
-235
-86.17
71.71
-42.91
3.90
1768846394
-225
-86.04
71.76
-42.46
3.90
1768846394
-215
-85.76
71.99
-42.20
3.90
1768846394
-205
-85.65
72.03
-41.72
3.91
1768846394
-195
-84.94
72.08
-41.56
3.91
1768846394
-185
-84.81
72.28
-40.63
3.92
1768846394
-175
-84.53
72.15
-41.04
3.92
1768846394
-165
-83.52
72.35
-40.69
3.92
1768846394
-155
-83.56
72.43
-40.74
3.93
1768846394
-145
-82.72
72.53
-40.02
3.93
1768846394
-135
-82.80
72.38
-40.16
3.93
1768846394
-125
-82.42
72.22
-39.63
3.93
1768846394
-115
-82.34
72.42
-39.70
3.94
1768846394
-105
-82.16
72.57
-39.04
3.94
1768846394
-95
-81.21
72.93
-39.55
3.94
1768846394
-85
-80.61
72.82
-38.59
3.94
1768846394
-75
-80.58
73.59
-38.85
3.95
1768846394
-65
-80.95
72.67
-39.14
3.95
1768846394
-55
-80.20
73.17
-39.38
3.95
1768846394
-45
-79.73
73.03
-38.82
3.95
1768846394
-35
-79.61
73.15
-38.44
3.95
1768846394
-25
-78.83
73.12
-38.67
3.95
1768846394
-15
-78.74
73.04
-38.66
3.95
1768846394
-5
-78.35
73.50
-38.55
3.95
1768846394
5
-77.91
73.36
-38.18
3.95
1768846394
15
-77.14
73.39
-38.10
3.95
1768846394
25
-77.28
73.67
-37.73
3.95
1768846394
35
-76.53
74.12
-37.10
3.95
1768846394
45
-76.85
74.74
-36.97
3.95
1768846394
55
-76.73
74.66
-36.87
3.95
1768846394
65
-75.90
74.92
-36.99
3.95
1768846394
75
-75.20
75.05
-37.44
3.94
1768846394
85
-74.76
74.82
-36.91
3.94
1768846394
95
-74.38
74.95
-36.86
3.94
1768846394
105
-74.68
76.22
-36.64
3.94
1768846394
115
-74.00
76.58
-36.54
3.94
1768846394
125
-74.13
76.03
-36.49
3.93
1768846394
135
-72.54
75.90
-36.17
3.93
1768846394
145
-72.85
75.68
-36.00
3.93
1768846394
155
-73.46
76.19
-36.66
3.92
1768846394
165
-72.80
76.96
-36.90
3.92
1768846394
175
-72.51
77.25
-36.96
3.92
1768846394
185
-71.78
77.37
-36.97
3.92
1768846394
195
-72.13
77.38
-37.00
3.91
1768846394
205
-72.01
77.16
-37.75
3.91
1768846394
215
-71.32
77.53
-37.21
3.91
1768846394
225
-71.00
77.81
-37.29
3.90
1768846394
235
-70.54
78.11
-36.83
3.90
1768846394
245
-70.63
78.42
-37.02
3.90
1768846394
255
-70.22
78.59
-36.74
3.89