1768846394
-255
-84.99
74.19
-42.58
4.01
1768846394
-245
-86.05
73.94
-42.84
4.01
1768846394
-235
-85.63
74.00
-42.56
4.01
1768846394
-225
-85.24
73.86
-41.79
4.02
1768846394
-215
-84.99
74.18
-41.17
4.02
1768846394
-205
-85.09
73.87
-40.94
4.02
1768846394
-195
-84.42
73.95
-40.37
4.03
1768846394
-185
-84.12
74.08
-40.18
4.03
1768846394
-175
-83.69
74.12
-39.79
4.03
1768846394
-165
-83.57
74.43
-39.56
4.03
1768846394
-155
-82.81
74.39
-39.86
4.03
1768846394
-145
-82.43
74.25
-40.12
4.04
1768846394
-135
-82.28
74.29
-39.84
4.04
1768846394
-125
-82.25
74.39
-40.03
4.04
1768846394
-115
-81.96
74.61
-39.66
4.04
1768846394
-105
-81.47
74.96
-39.35
4.04
1768846394
-95
-81.48
74.82
-39.14
4.04
1768846394
-85
-81.23
74.78
-38.71
4.05
1768846394
-75
-81.15
74.74
-38.50
4.05
1768846394
-65
-80.48
74.83
-38.36
4.05
1768846394
-55
-80.18
75.06
-38.13
4.05
1768846394
-45
-79.90
75.42
-38.04
4.05
1768846394
-35
-79.40
75.80
-37.46
4.05
1768846394
-25
-78.88
75.40
-37.41
4.05
1768846394
-15
-78.72
75.03
-37.52
4.06
1768846394
-5
-78.00
75.22
-37.47
4.06
1768846394
5
-77.80
75.29
-36.97
4.06
1768846394
15
-77.30
75.52
-36.84
4.06
1768846394
25
-76.82
76.02
-36.31
4.06
1768846394
35
-76.66
75.76
-36.85
4.06
1768846394
45
-75.83
75.98
-36.94
4.05
1768846394
55
-75.37
76.21
-36.70
4.05
1768846394
65
-75.02
76.07
-36.74
4.05
1768846394
75
-74.94
75.82
-36.44
4.05
1768846394
85
-74.17
76.31
-36.40
4.05
1768846394
95
-75.49
76.55
-36.85
4.05
1768846394
105
-75.07
76.74
-36.56
4.04
1768846394
115
-74.65
76.53
-36.35
4.04
1768846394
125
-73.05
76.50
-36.05
4.04
1768846394
135
-72.73
76.17
-35.97
4.04
1768846394
145
-72.26
76.86
-36.16
4.04
1768846394
155
-72.17
76.90
-36.29
4.04
1768846394
165
-73.15
77.20
-36.17
4.04
1768846394
175
-72.70
77.49
-36.52
4.03
1768846394
185
-72.15
77.97
-36.13
4.03
1768846394
195
-71.97
77.99
-35.98
4.03
1768846394
205
-71.93
78.23
-36.28
4.03
1768846394
215
-71.22
78.33
-36.19
4.02
1768846394
225
-70.64
78.41
-36.07
4.02
1768846394
235
-70.37
78.70
-35.91
4.02
1768846394
245
-70.23
78.63
-36.20
4.01
1768846394
255
-69.89
78.85
-36.37
4.01