1768846394
-255
-84.94
73.58
-42.49
3.59
1768846394
-245
-85.83
73.31
-42.88
3.60
1768846394
-235
-85.67
73.05
-42.59
3.60
1768846394
-225
-85.39
72.12
-42.39
3.61
1768846394
-215
-84.74
72.22
-41.86
3.61
1768846394
-205
-84.32
72.39
-41.92
3.61
1768846394
-195
-84.62
72.05
-41.66
3.62
1768846394
-185
-84.36
71.95
-41.39
3.62
1768846394
-175
-84.07
72.25
-41.46
3.62
1768846394
-165
-83.64
73.04
-40.93
3.62
1768846394
-155
-82.78
74.15
-40.88
3.63
1768846394
-145
-82.32
74.03
-40.42
3.63
1768846394
-135
-82.18
73.80
-39.96
3.63
1768846394
-125
-81.74
73.71
-39.66
3.63
1768846394
-115
-82.09
73.75
-39.68
3.64
1768846394
-105
-81.24
74.14
-39.29
3.64
1768846394
-95
-81.06
73.95
-39.26
3.64
1768846394
-85
-80.76
74.55
-39.04
3.64
1768846394
-75
-79.74
74.50
-39.15
3.64
1768846394
-65
-79.41
74.05
-38.51
3.64
1768846394
-55
-79.45
74.66
-38.06
3.64
1768846394
-45
-79.43
74.40
-37.88
3.65
1768846394
-35
-78.82
74.84
-37.82
3.65
1768846394
-25
-78.80
74.77
-37.56
3.65
1768846394
-15
-78.25
74.77
-37.72
3.65
1768846394
-5
-78.24
73.61
-38.26
3.65
1768846394
5
-78.03
74.55
-38.14
3.65
1768846394
15
-77.68
74.74
-37.59
3.65
1768846394
25
-77.52
74.63
-37.33
3.65
1768846394
35
-77.00
74.60
-37.27
3.65
1768846394
45
-76.92
74.89
-37.05
3.65
1768846394
55
-76.43
75.31
-37.40
3.64
1768846394
65
-76.23
75.36
-37.57
3.64
1768846394
75
-75.83
75.06
-37.59
3.64
1768846394
85
-75.88
75.22
-36.77
3.64
1768846394
95
-75.40
75.62
-37.16
3.64
1768846394
105
-75.73
75.47
-37.82
3.64
1768846394
115
-73.95
76.07
-37.43
3.63
1768846394
125
-74.51
76.00
-37.08
3.64
1768846394
135
-73.46
75.66
-36.99
3.63
1768846394
145
-73.54
76.04
-36.87
3.63
1768846394
155
-73.54
76.46
-37.18
3.63
1768846394
165
-72.93
76.50
-37.55
3.63
1768846394
175
-72.87
76.41
-37.13
3.63
1768846394
185
-72.49
76.51
-37.10
3.62
1768846394
195
-72.10
76.89
-37.09
3.61
1768846394
205
-72.73
76.99
-37.50
3.61
1768846394
215
-71.12
78.30
-37.19
3.61
1768846394
225
-70.61
78.59
-36.84
3.61
1768846394
235
-70.48
78.56
-37.00
3.60
1768846394
245
-69.94
78.35
-37.02
3.60
1768846394
255
-69.44
78.63
-37.26
3.60