1768846394
-255
-64.65
92.71
-43.09
3.46
1768846394
-245
-64.95
92.71
-43.09
3.47
1768846394
-235
-64.78
92.56
-42.66
3.48
1768846394
-225
-64.52
92.31
-42.69
3.48
1768846394
-215
-64.16
92.31
-42.49
3.49
1768846394
-205
-64.08
92.55
-42.09
3.49
1768846394
-195
-63.66
92.55
-41.87
3.49
1768846394
-185
-63.48
92.30
-41.59
3.50
1768846394
-175
-63.40
92.10
-41.38
3.50
1768846394
-165
-62.97
92.20
-41.34
3.50
1768846394
-155
-62.85
92.48
-40.55
3.51
1768846394
-145
-62.46
92.34
-40.79
3.51
1768846394
-135
-62.12
92.70
-40.30
3.51
1768846394
-125
-61.88
92.69
-39.96
3.51
1768846394
-115
-61.61
92.59
-39.97
3.52
1768846394
-105
-61.53
92.95
-39.85
3.52
1768846394
-95
-61.18
92.83
-39.84
3.52
1768846394
-85
-61.03
93.02
-39.87
3.53
1768846394
-75
-60.64
93.12
-39.74
3.53
1768846394
-65
-60.07
93.61
-39.30
3.53
1768846394
-55
-59.74
93.29
-39.60
3.53
1768846394
-45
-59.16
93.39
-38.85
3.54
1768846394
-35
-59.02
92.99
-38.48
3.54
1768846394
-25
-58.65
93.19
-38.35
3.54
1768846394
-15
-58.14
93.48
-38.75
3.54
1768846394
-5
-57.95
93.67
-38.59
3.54
1768846394
5
-57.60
93.46
-38.33
3.54
1768846394
15
-57.09
93.36
-37.76
3.54
1768846394
25
-56.85
93.61
-37.45
3.54
1768846394
35
-56.70
93.59
-37.66
3.54
1768846394
45
-56.34
93.88
-37.94
3.54
1768846394
55
-56.17
93.72
-38.16
3.53
1768846394
65
-55.63
93.88
-37.57
3.53
1768846394
75
-55.22
94.28
-37.38
3.53
1768846394
85
-54.79
94.70
-37.34
3.53
1768846394
95
-54.49
94.76
-37.68
3.53
1768846394
105
-54.27
94.67
-37.84
3.53
1768846394
115
-54.12
94.58
-37.27
3.52
1768846394
125
-53.80
94.97
-37.24
3.52
1768846394
135
-53.47
95.07
-37.41
3.52
1768846394
145
-53.14
95.14
-37.35
3.52
1768846394
155
-53.01
95.48
-36.85
3.52
1768846394
165
-52.86
95.45
-37.04
3.51
1768846394
175
-52.77
95.74
-37.02
3.51
1768846394
185
-52.37
95.65
-37.39
3.51
1768846394
195
-52.12
96.13
-37.32
3.51
1768846394
205
-52.08
95.92
-37.59
3.50
1768846394
215
-51.84
95.76
-37.51
3.50
1768846394
225
-51.50
96.17
-37.76
3.49
1768846394
235
-51.31
96.33
-38.00
3.49
1768846394
245
-51.22
96.31
-37.60
3.49
1768846394
255
-50.78
96.71
-37.69
3.49