1768846394
-255
-86.02
72.71
-43.10
3.70
1768846394
-245
-86.52
72.96
-43.86
3.71
1768846394
-235
-86.53
72.73
-43.50
3.71
1768846394
-225
-86.29
72.91
-42.83
3.72
1768846394
-215
-85.75
73.07
-42.62
3.72
1768846394
-205
-85.48
73.14
-42.39
3.73
1768846394
-195
-84.99
73.45
-42.41
3.73
1768846394
-185
-84.56
73.32
-42.01
3.73
1768846394
-175
-84.21
73.53
-41.75
3.73
1768846394
-165
-83.67
73.34
-41.50
3.73
1768846394
-155
-83.66
73.43
-40.97
3.74
1768846394
-145
-83.52
73.47
-40.57
3.74
1768846394
-135
-82.84
73.42
-40.72
3.74
1768846394
-125
-82.52
73.47
-39.94
3.74
1768846394
-115
-82.04
73.41
-40.08
3.75
1768846394
-105
-81.73
73.65
-39.79
3.75
1768846394
-95
-81.31
73.85
-39.63
3.75
1768846394
-85
-80.94
73.74
-39.35
3.75
1768846394
-75
-80.56
73.61
-39.32
3.76
1768846394
-65
-80.59
73.59
-38.50
3.76
1768846394
-55
-80.06
73.91
-38.59
3.76
1768846394
-45
-79.29
73.95
-38.44
3.76
1768846394
-35
-79.00
73.94
-38.16
3.76
1768846394
-25
-78.84
74.10
-38.07
3.76
1768846394
-15
-78.38
74.27
-37.96
3.76
1768846394
-5
-77.58
74.26
-37.30
3.76
1768846394
5
-77.38
74.53
-37.13
3.76
1768846394
15
-77.14
74.83
-36.99
3.76
1768846394
25
-76.87
75.04
-37.19
3.76
1768846394
35
-76.34
75.25
-36.47
3.76
1768846394
45
-75.94
75.14
-37.00
3.76
1768846394
55
-75.91
75.62
-36.88
3.76
1768846394
65
-75.14
75.58
-36.89
3.76
1768846394
75
-75.70
75.64
-36.76
3.75
1768846394
85
-74.29
75.47
-36.46
3.75
1768846394
95
-74.08
75.86
-36.35
3.75
1768846394
105
-74.31
76.44
-36.91
3.75
1768846394
115
-73.17
76.57
-37.20
3.75
1768846394
125
-73.89
76.99
-37.14
3.75
1768846394
135
-74.07
76.68
-36.87
3.74
1768846394
145
-71.39
77.65
-35.92
3.74
1768846394
155
-71.72
77.90
-36.27
3.74
1768846394
165
-72.17
77.47
-36.62
3.74
1768846394
175
-71.25
77.66
-36.59
3.73
1768846394
185
-70.80
77.80
-36.30
3.73
1768846394
195
-70.18
78.17
-36.39
3.73
1768846394
205
-70.59
78.12
-36.46
3.72
1768846394
215
-69.35
78.40
-36.64
3.72
1768846394
225
-69.72
78.64
-36.22
3.72
1768846394
235
-69.28
78.66
-36.08
3.71
1768846394
245
-69.25
78.65
-36.30
3.71
1768846394
255
-69.10
78.46
-36.58
3.70