1768846394
-255
-87.33
72.93
-43.69
4.19
1768846394
-245
-88.03
72.34
-44.14
4.20
1768846394
-235
-87.52
72.52
-44.00
4.20
1768846394
-225
-87.01
72.21
-43.37
4.21
1768846394
-215
-86.52
72.34
-43.46
4.21
1768846394
-205
-86.34
72.34
-42.79
4.22
1768846394
-195
-86.17
72.62
-42.02
4.22
1768846394
-185
-84.96
72.75
-42.18
4.22
1768846394
-175
-85.57
72.96
-41.83
4.23
1768846394
-165
-84.55
72.51
-41.26
4.23
1768846394
-155
-84.53
72.67
-41.00
4.23
1768846394
-145
-83.43
72.97
-40.87
4.23
1768846394
-135
-83.41
73.15
-40.27
4.23
1768846394
-125
-83.80
73.14
-41.11
4.23
1768846394
-115
-83.30
72.93
-39.96
4.24
1768846394
-105
-82.22
72.94
-40.34
4.24
1768846394
-95
-82.39
73.12
-39.68
4.24
1768846394
-85
-82.00
73.17
-39.59
4.25
1768846394
-75
-81.26
73.77
-39.83
4.25
1768846394
-65
-80.62
74.38
-38.82
4.25
1768846394
-55
-80.12
74.42
-38.56
4.25
1768846394
-45
-80.26
74.63
-38.68
4.25
1768846394
-35
-79.58
74.34
-38.34
4.26
1768846394
-25
-79.23
73.80
-38.03
4.26
1768846394
-15
-78.21
73.79
-37.55
4.26
1768846394
-5
-78.17
74.22
-37.85
4.26
1768846394
5
-77.67
74.06
-37.67
4.26
1768846394
15
-77.06
74.11
-37.18
4.26
1768846394
25
-77.19
74.23
-37.13
4.26
1768846394
35
-76.28
74.48
-36.93
4.26
1768846394
45
-76.45
74.93
-37.22
4.25
1768846394
55
-75.60
74.94
-36.77
4.25
1768846394
65
-75.37
75.08
-36.24
4.25
1768846394
75
-75.25
75.21
-36.35
4.25
1768846394
85
-75.05
75.43
-37.20
4.25
1768846394
95
-73.77
75.61
-36.40
4.24
1768846394
105
-74.19
75.81
-37.06
4.24
1768846394
115
-73.45
76.05
-36.29
4.24
1768846394
125
-73.36
77.06
-36.84
4.24
1768846394
135
-73.19
76.72
-36.57
4.23
1768846394
145
-72.24
75.95
-36.38
4.23
1768846394
155
-70.68
76.64
-35.78
4.23
1768846394
165
-70.18
77.21
-35.70
4.23
1768846394
175
-70.94
77.33
-36.71
4.23
1768846394
185
-71.36
76.69
-36.55
4.22
1768846394
195
-69.70
77.09
-36.37
4.22
1768846394
205
-70.14
77.24
-36.68
4.22
1768846394
215
-69.66
77.37
-36.85
4.21
1768846394
225
-68.95
77.33
-36.87
4.21
1768846394
235
-68.52
77.65
-36.43
4.20
1768846394
245
-68.35
78.89
-36.14
4.20
1768846394
255
-67.65
79.33
-36.25
4.19