1768846394
-255
-67.10
86.12
-42.14
4.00
1768846394
-245
-67.97
86.33
-42.70
4.00
1768846394
-235
-67.38
86.50
-42.77
4.00
1768846394
-225
-66.68
86.54
-42.09
4.01
1768846394
-215
-66.98
86.42
-41.63
4.01
1768846394
-205
-66.03
86.66
-41.19
4.01
1768846394
-195
-65.66
86.92
-41.15
4.02
1768846394
-185
-65.17
86.86
-40.70
4.02
1768846394
-175
-65.18
86.85
-41.03
4.02
1768846394
-165
-64.84
86.63
-40.85
4.03
1768846394
-155
-64.49
86.51
-40.39
4.03
1768846394
-145
-64.45
87.05
-40.68
4.03
1768846394
-135
-63.55
87.01
-39.91
4.03
1768846394
-125
-63.67
87.07
-39.53
4.04
1768846394
-115
-62.67
86.96
-39.40
4.04
1768846394
-105
-62.83
87.28
-39.37
4.04
1768846394
-95
-62.43
86.82
-39.04
4.04
1768846394
-85
-62.16
87.25
-38.58
4.04
1768846394
-75
-61.60
87.26
-38.28
4.04
1768846394
-65
-61.43
87.37
-38.32
4.04
1768846394
-55
-61.06
87.25
-38.18
4.04
1768846394
-45
-60.66
87.57
-37.83
4.04
1768846394
-35
-60.53
87.60
-37.57
4.05
1768846394
-25
-59.97
87.70
-37.60
4.05
1768846394
-15
-59.42
87.80
-37.37
4.05
1768846394
-5
-58.92
87.81
-36.94
4.05
1768846394
5
-58.46
87.88
-37.23
4.05
1768846394
15
-58.29
88.17
-36.46
4.05
1768846394
25
-57.82
88.42
-37.12
4.05
1768846394
35
-57.76
88.38
-37.13
4.05
1768846394
45
-57.38
88.62
-36.58
4.05
1768846394
55
-56.67
88.63
-36.15
4.04
1768846394
65
-56.59
88.76
-36.43
4.04
1768846394
75
-55.43
89.01
-36.32
4.04
1768846394
85
-55.59
89.35
-36.49
4.04
1768846394
95
-55.15
88.79
-36.27
4.04
1768846394
105
-54.72
89.28
-35.89
4.04
1768846394
115
-54.57
89.56
-36.39
4.04
1768846394
125
-54.26
89.81
-36.35
4.03
1768846394
135
-54.09
89.77
-36.08
4.03
1768846394
145
-54.07
90.08
-35.97
4.03
1768846394
155
-53.27
89.95
-36.02
4.03
1768846394
165
-52.94
90.70
-35.67
4.02
1768846394
175
-52.75
90.31
-36.37
4.02
1768846394
185
-52.25
90.50
-36.11
4.02
1768846394
195
-51.70
91.13
-35.81
4.01
1768846394
205
-51.94
90.97
-36.05
4.01
1768846394
215
-51.24
91.23
-35.82
4.01
1768846394
225
-51.11
91.16
-36.47
4.01
1768846394
235
-51.11
91.25
-36.49
4.00
1768846394
245
-50.74
91.25
-36.95
4.00
1768846394
255
-49.25
91.83
-36.25
4.00