1768846394
-255
-85.98
73.06
-42.88
3.80
1768846394
-245
-86.56
73.17
-43.10
3.81
1768846394
-235
-86.28
73.29
-43.11
3.81
1768846394
-225
-85.88
73.47
-43.04
3.82
1768846394
-215
-85.71
73.42
-41.68
3.82
1768846394
-205
-84.90
73.67
-41.58
3.82
1768846394
-195
-85.21
73.81
-41.45
3.82
1768846394
-185
-84.07
73.55
-41.58
3.82
1768846394
-175
-83.98
73.69
-40.90
3.83
1768846394
-165
-83.88
73.59
-40.60
3.83
1768846394
-155
-83.58
73.78
-40.46
3.83
1768846394
-145
-83.69
73.93
-40.24
3.84
1768846394
-135
-82.42
73.80
-40.15
3.84
1768846394
-125
-82.36
73.92
-40.37
3.84
1768846394
-115
-81.84
73.89
-40.12
3.84
1768846394
-105
-81.62
73.86
-39.46
3.84
1768846394
-95
-81.32
73.86
-38.82
3.84
1768846394
-85
-81.04
73.76
-38.66
3.85
1768846394
-75
-80.87
73.97
-38.72
3.85
1768846394
-65
-79.92
74.11
-38.79
3.85
1768846394
-55
-79.70
73.99
-38.38
3.85
1768846394
-45
-79.80
74.24
-38.44
3.86
1768846394
-35
-78.58
74.54
-38.22
3.86
1768846394
-25
-78.93
74.55
-37.83
3.85
1768846394
-15
-78.39
74.44
-38.16
3.86
1768846394
-5
-77.99
74.65
-37.99
3.86
1768846394
5
-77.75
74.58
-37.61
3.86
1768846394
15
-77.63
74.91
-37.07
3.86
1768846394
25
-77.04
75.13
-36.93
3.86
1768846394
35
-76.72
75.21
-36.98
3.85
1768846394
45
-76.23
75.14
-36.74
3.85
1768846394
55
-76.24
75.87
-36.77
3.85
1768846394
65
-75.09
75.74
-36.60
3.85
1768846394
75
-74.37
76.05
-36.49
3.85
1768846394
85
-75.07
76.37
-36.19
3.85
1768846394
95
-74.98
76.16
-36.26
3.84
1768846394
105
-73.76
76.10
-36.25
3.85
1768846394
115
-73.42
76.61
-36.08
3.84
1768846394
125
-73.40
76.59
-36.56
3.84
1768846394
135
-72.83
76.54
-36.39
3.84
1768846394
145
-72.80
76.73
-36.51
3.84
1768846394
155
-72.06
76.77
-36.34
3.83
1768846394
165
-71.71
77.27
-36.23
3.83
1768846394
175
-71.62
77.27
-35.71
3.83
1768846394
185
-71.14
77.61
-36.10
3.82
1768846394
195
-71.20
77.41
-36.76
3.82
1768846394
205
-70.93
77.73
-36.90
3.82
1768846394
215
-70.87
77.83
-36.91
3.82
1768846394
225
-70.58
77.93
-36.94
3.82
1768846394
235
-70.23
77.95
-37.13
3.81
1768846394
245
-69.92
78.05
-36.84
3.81
1768846394
255
-69.77
78.09
-37.11
3.81