1768846394
-255
-66.83
88.40
-43.18
3.67
1768846394
-245
-67.10
88.09
-43.27
3.67
1768846394
-235
-66.68
88.36
-43.03
3.67
1768846394
-225
-65.98
88.59
-42.37
3.68
1768846394
-215
-65.47
88.48
-42.37
3.68
1768846394
-205
-65.71
88.52
-42.56
3.69
1768846394
-195
-65.25
88.71
-42.27
3.69
1768846394
-185
-64.96
88.47
-41.87
3.69
1768846394
-175
-64.69
88.79
-41.39
3.70
1768846394
-165
-64.40
88.87
-41.25
3.70
1768846394
-155
-64.18
88.87
-41.03
3.71
1768846394
-145
-64.22
88.95
-40.90
3.71
1768846394
-135
-63.54
88.84
-40.85
3.71
1768846394
-125
-63.33
88.91
-40.08
3.71
1768846394
-115
-62.56
88.89
-39.92
3.72
1768846394
-105
-62.57
89.19
-39.90
3.72
1768846394
-95
-62.29
89.14
-39.32
3.72
1768846394
-85
-62.10
89.16
-38.83
3.72
1768846394
-75
-61.18
89.47
-39.03
3.73
1768846394
-65
-61.46
89.18
-38.98
3.73
1768846394
-55
-60.98
89.48
-39.13
3.73
1768846394
-45
-60.68
89.51
-39.15
3.73
1768846394
-35
-60.41
89.72
-38.82
3.73
1768846394
-25
-60.06
89.67
-38.31
3.73
1768846394
-15
-59.99
90.01
-38.08
3.74
1768846394
-5
-59.79
90.25
-37.77
3.74
1768846394
5
-59.35
90.04
-37.77
3.74
1768846394
15
-58.90
89.94
-37.72
3.74
1768846394
25
-58.22
89.92
-37.73
3.73
1768846394
35
-57.80
90.01
-37.31
3.73
1768846394
45
-57.65
90.23
-37.63
3.73
1768846394
55
-57.08
90.34
-37.73
3.73
1768846394
65
-56.87
90.36
-37.32
3.73
1768846394
75
-57.26
90.56
-36.90
3.73
1768846394
85
-56.27
90.84
-37.02
3.72
1768846394
95
-56.00
90.83
-36.82
3.72
1768846394
105
-55.37
91.24
-36.48
3.72
1768846394
115
-55.19
91.13
-36.80
3.71
1768846394
125
-54.92
91.10
-36.63
3.72
1768846394
135
-54.20
91.20
-36.39
3.71
1768846394
145
-54.19
91.34
-36.43
3.71
1768846394
155
-53.98
91.27
-36.49
3.70
1768846394
165
-53.93
91.53
-36.86
3.70
1768846394
175
-53.36
92.08
-36.85
3.70
1768846394
185
-52.97
91.86
-36.38
3.69
1768846394
195
-52.89
91.82
-36.50
3.69
1768846394
205
-52.86
92.28
-36.91
3.69
1768846394
215
-52.25
92.43
-36.43
3.69
1768846394
225
-52.35
92.40
-36.93
3.68
1768846394
235
-51.76
92.42
-36.77
3.67
1768846394
245
-51.41
92.36
-36.96
3.67
1768846394
255
-51.24
92.93
-36.85
3.67