1768846394
-255
-66.16
92.00
-44.07
3.61
1768846394
-245
-66.91
91.95
-44.13
3.61
1768846394
-235
-66.21
92.01
-43.82
3.62
1768846394
-225
-66.00
91.88
-43.69
3.62
1768846394
-215
-65.75
91.91
-43.25
3.62
1768846394
-205
-65.34
91.82
-42.87
3.63
1768846394
-195
-64.92
91.91
-42.54
3.63
1768846394
-185
-64.58
91.86
-42.24
3.63
1768846394
-175
-64.31
91.94
-42.24
3.63
1768846394
-165
-63.95
92.22
-41.77
3.64
1768846394
-155
-63.47
92.17
-41.62
3.64
1768846394
-145
-63.01
92.08
-40.85
3.64
1768846394
-135
-62.63
92.09
-40.16
3.64
1768846394
-125
-62.20
92.51
-40.21
3.65
1768846394
-115
-61.65
92.39
-40.06
3.65
1768846394
-105
-61.42
92.43
-40.03
3.65
1768846394
-95
-61.19
92.72
-39.96
3.65
1768846394
-85
-55.80
79.47
-37.81
3.65
1768846394
-75
-54.19
77.61
-37.33
3.65
1768846394
-65
-53.78
77.87
-37.02
3.66
1768846394
-55
-53.54
77.52
-37.06
3.66
1768846394
-45
-53.15
77.63
-36.85
3.66
1768846394
-35
-52.46
77.91
-36.62
3.66
1768846394
-25
-52.66
78.23
-36.61
3.66
1768846394
-15
-52.05
78.64
-35.94
3.66
1768846394
-5
-51.55
78.57
-35.78
3.66
1768846394
5
-55.17
84.72
-35.62
3.66
1768846394
15
-58.37
89.68
-38.04
3.66
1768846394
25
-58.24
89.30
-37.73
3.66
1768846394
35
-57.74
89.30
-38.03
3.66
1768846394
45
-57.38
89.35
-37.53
3.66
1768846394
55
-57.34
89.37
-37.28
3.65
1768846394
65
-56.64
89.26
-37.21
3.66
1768846394
75
-56.40
89.52
-37.07
3.66
1768846394
85
-56.17
89.85
-37.23
3.65
1768846394
95
-55.94
90.03
-37.78
3.65
1768846394
105
-55.34
90.39
-37.33
3.65
1768846394
115
-54.63
90.39
-37.18
3.65
1768846394
125
-54.39
90.49
-36.77
3.64
1768846394
135
-54.48
90.52
-36.99
3.64
1768846394
145
-53.87
90.43
-36.68
3.64
1768846394
155
-53.72
90.63
-36.57
3.64
1768846394
165
-53.23
91.11
-36.75
3.64
1768846394
175
-52.74
91.24
-36.65
3.64
1768846394
185
-52.64
91.53
-37.26
3.63
1768846394
195
-52.16
91.25
-36.81
3.63
1768846394
205
-51.70
92.01
-36.71
3.63
1768846394
215
-51.32
92.10
-37.05
3.63
1768846394
225
-51.15
92.35
-37.14
3.62
1768846394
235
-50.22
92.26
-36.60
3.62
1768846394
245
-50.16
92.61
-36.50
3.61
1768846394
255
-49.83
93.05
-36.97
3.61