1768846394
-255
-66.43
86.76
-42.62
3.91
1768846394
-245
-66.97
86.57
-42.78
3.91
1768846394
-235
-66.39
86.52
-42.33
3.91
1768846394
-225
-66.41
86.49
-41.79
3.92
1768846394
-215
-66.24
86.52
-41.10
3.92
1768846394
-205
-66.08
87.07
-41.06
3.92
1768846394
-195
-65.78
86.87
-40.95
3.93
1768846394
-185
-65.33
86.92
-40.77
3.93
1768846394
-175
-65.26
87.13
-40.46
3.93
1768846394
-165
-64.63
86.92
-39.92
3.94
1768846394
-155
-64.11
87.27
-39.87
3.94
1768846394
-145
-63.89
87.04
-39.85
3.94
1768846394
-135
-63.89
87.13
-39.44
3.94
1768846394
-125
-63.09
87.21
-39.80
3.94
1768846394
-115
-63.09
87.36
-39.22
3.95
1768846394
-105
-62.66
87.50
-38.65
3.95
1768846394
-95
-62.20
87.28
-38.69
3.95
1768846394
-85
-61.83
87.63
-38.41
3.95
1768846394
-75
-61.37
87.46
-38.41
3.95
1768846394
-65
-61.27
87.71
-38.44
3.95
1768846394
-55
-60.86
87.46
-38.29
3.95
1768846394
-45
-60.13
87.40
-37.92
3.96
1768846394
-35
-60.36
87.71
-37.19
3.95
1768846394
-25
-59.33
88.03
-37.29
3.96
1768846394
-15
-59.04
88.14
-37.39
3.96
1768846394
-5
-58.65
88.35
-37.06
3.96
1768846394
5
-58.39
88.64
-36.86
3.96
1768846394
15
-58.04
88.88
-36.78
3.96
1768846394
25
-57.67
88.62
-37.02
3.96
1768846394
35
-57.25
88.80
-36.87
3.96
1768846394
45
-57.21
88.75
-36.82
3.95
1768846394
55
-56.74
88.92
-36.66
3.95
1768846394
65
-56.33
89.16
-36.91
3.95
1768846394
75
-56.01
88.89
-36.84
3.95
1768846394
85
-55.07
89.13
-36.71
3.95
1768846394
95
-55.50
89.71
-36.39
3.95
1768846394
105
-55.27
89.35
-36.76
3.95
1768846394
115
-53.95
89.49
-36.51
3.95
1768846394
125
-53.64
89.50
-36.42
3.95
1768846394
135
-53.91
90.11
-35.81
3.94
1768846394
145
-53.34
89.99
-35.93
3.94
1768846394
155
-53.67
90.68
-36.31
3.94
1768846394
165
-52.64
90.66
-36.01
3.94
1768846394
175
-52.81
90.99
-36.21
3.93
1768846394
185
-52.19
91.17
-36.15
3.93
1768846394
195
-52.48
91.11
-36.61
3.93
1768846394
205
-52.11
90.82
-36.30
3.92
1768846394
215
-51.61
91.09
-35.98
3.92
1768846394
225
-51.24
91.04
-36.25
3.92
1768846394
235
-51.02
91.59
-36.50
3.91
1768846394
245
-51.06
91.56
-36.24
3.91
1768846394
255
-50.46
91.68
-35.83
3.91