1768846394
-255
-80.11
60.43
-40.18
4.22
1768846394
-245
-81.15
59.96
-40.23
3.45
1768846394
-235
-80.96
60.07
-40.77
3.41
1768846394
-225
-80.24
59.35
-40.53
3.94
1768846394
-215
-78.95
57.60
-40.52
3.46
1768846394
-205
-80.17
58.91
-39.59
4.21
1768846394
-195
-80.56
60.22
-39.05
3.84
1768846394
-185
-79.75
60.09
-38.49
4.23
1768846394
-175
-80.05
59.86
-38.96
3.60
1768846394
-165
-79.50
60.00
-38.87
4.31
1768846394
-155
-78.92
60.65
-39.16
3.77
1768846394
-145
-79.09
60.86
-38.35
3.47
1768846394
-135
-77.67
60.85
-39.69
3.36
1768846394
-125
-77.46
58.40
-39.18
3.80
1768846394
-115
-76.44
58.55
-38.83
4.09
1768846394
-105
-77.14
60.65
-38.37
4.12
1768846394
-95
-77.36
60.73
-38.45
4.19
1768846394
-85
-77.02
60.64
-37.50
4.14
1768846394
-75
-77.28
60.44
-37.73
3.43
1768846394
-65
-76.42
60.63
-37.48
3.74
1768846394
-55
-76.44
60.98
-37.34
3.89
1768846394
-45
-75.08
59.57
-37.53
3.53
1768846394
-35
-74.16
59.14
-37.36
4.05
1768846394
-25
-74.80
60.56
-37.21
4.32
1768846394
-15
-74.97
61.24
-36.42
3.46
1768846394
-5
-75.03
61.15
-36.59
3.54
1768846394
5
-74.73
61.68
-36.23
3.54
1768846394
15
-74.21
61.98
-36.56
3.67
1768846394
25
-74.09
62.08
-36.50
3.89
1768846394
35
-73.21
61.24
-36.89
3.96
1768846394
45
-72.50
59.34
-36.07
4.27
1768846394
55
-72.26
61.03
-35.87
4.33
1768846394
65
-72.44
62.10
-35.51
4.08
1768846394
75
-72.41
62.52
-35.17
3.76
1768846394
85
-72.09
62.51
-35.58
4.31
1768846394
95
-72.05
62.31
-35.82
3.52
1768846394
105
-72.10
62.78
-36.27
4.21
1768846394
115
-71.69
62.87
-36.66
3.71
1768846394
125
-70.78
60.80
-36.31
4.18
1768846394
135
-69.66
60.35
-35.92
3.42
1768846394
145
-70.60
63.06
-35.60
4.36
1768846394
155
-70.61
63.10
-35.87
4.29
1768846394
165
-69.47
63.35
-35.37
4.24
1768846394
175
-70.10
63.54
-36.34
3.67
1768846394
185
-70.19
63.46
-36.44
4.21
1768846394
195
-69.56
63.87
-35.65
3.40
1768846394
205
-69.50
64.24
-35.85
3.56
1768846394
215
-68.37
62.20
-35.89
3.42
1768846394
225
-67.21
61.67
-35.45
4.37
1768846394
235
-68.44
64.21
-35.25
3.68
1768846394
245
-68.10
64.44
-35.95
4.15
1768846394
255
-67.70
64.76
-36.00
3.83