1768846394
-255
-80.99
61.19
-41.17
4.50
1768846394
-245
-82.32
61.65
-41.28
4.68
1768846394
-235
-82.36
61.33
-41.09
3.81
1768846394
-225
-82.11
61.38
-41.39
3.81
1768846394
-215
-81.10
59.35
-41.36
3.85
1768846394
-205
-80.13
59.13
-40.94
4.27
1768846394
-195
-79.73
59.70
-41.29
4.30
1768846394
-185
-80.69
61.87
-40.82
4.49
1768846394
-175
-80.87
61.95
-39.93
4.22
1768846394
-165
-80.70
61.90
-39.83
4.41
1768846394
-155
-79.05
59.85
-40.15
4.62
1768846394
-145
-77.60
59.76
-40.72
4.57
1768846394
-135
-78.78
59.30
-40.05
4.33
1768846394
-125
-78.92
61.02
-39.77
4.63
1768846394
-115
-78.42
62.25
-40.01
4.10
1768846394
-105
-77.47
62.19
-39.62
3.88
1768846394
-95
-77.62
61.06
-39.44
4.24
1768846394
-85
-77.16
59.96
-39.10
4.42
1768846394
-75
-76.98
59.68
-39.44
3.79
1768846394
-65
-75.44
59.94
-38.77
4.46
1768846394
-55
-76.53
62.61
-38.36
4.57
1768846394
-45
-76.63
62.59
-38.17
3.81
1768846394
-35
-76.93
62.03
-38.06
3.83
1768846394
-25
-75.08
60.35
-38.22
4.23
1768846394
-15
-74.43
60.37
-38.30
3.81
1768846394
-5
-74.34
60.84
-37.85
3.78
1768846394
5
-74.26
61.48
-37.54
3.77
1768846394
15
-75.11
63.77
-37.98
4.13
1768846394
25
-74.76
63.81
-37.87
4.12
1768846394
35
-73.88
61.99
-38.04
3.99
1768846394
45
-72.66
61.80
-37.55
3.97
1768846394
55
-72.59
61.97
-37.15
3.81
1768846394
65
-73.28
62.04
-37.12
4.18
1768846394
75
-72.87
63.97
-36.51
4.59
1768846394
85
-72.93
63.61
-36.87
3.81
1768846394
95
-72.28
63.15
-36.84
3.80
1768846394
105
-72.02
63.60
-36.69
4.41
1768846394
115
-72.29
63.92
-36.53
3.81
1768846394
125
-70.69
64.53
-36.43
4.47
1768846394
135
-71.30
64.60
-36.40
3.87
1768846394
145
-71.01
64.34
-37.10
4.10
1768846394
155
-70.94
64.26
-36.79
3.79
1768846394
165
-70.07
64.29
-36.39
3.84
1768846394
175
-69.99
64.32
-36.34
4.00
1768846394
185
-68.64
64.62
-36.25
3.97
1768846394
195
-68.46
63.58
-36.73
3.88
1768846394
205
-68.67
62.99
-36.87
3.87
1768846394
215
-68.13
63.27
-36.38
3.91
1768846394
225
-67.79
63.96
-36.11
4.26
1768846394
235
-68.01
65.37
-35.91
3.79
1768846394
245
-67.84
65.24
-35.95
3.78
1768846394
255
-67.45
65.61
-36.16
3.77