1768846394
-255
-80.05
60.62
-40.16
3.95
1768846394
-245
-81.45
60.50
-40.26
3.48
1768846394
-235
-81.18
60.39
-40.38
3.61
1768846394
-225
-80.55
60.32
-40.25
3.95
1768846394
-215
-81.11
60.54
-39.82
3.47
1768846394
-205
-80.77
60.74
-40.02
3.65
1768846394
-195
-79.03
59.35
-40.46
4.18
1768846394
-185
-78.37
57.86
-39.94
3.62
1768846394
-175
-79.02
59.17
-38.94
3.83
1768846394
-165
-78.54
60.60
-38.70
3.53
1768846394
-155
-79.71
60.92
-37.81
3.68
1768846394
-145
-78.83
60.64
-38.33
3.53
1768846394
-135
-77.95
61.18
-38.92
3.48
1768846394
-125
-78.30
61.71
-38.45
3.64
1768846394
-115
-78.71
61.31
-37.73
4.03
1768846394
-105
-77.10
59.15
-37.90
3.75
1768846394
-95
-75.76
59.03
-37.19
3.67
1768846394
-85
-76.64
61.49
-37.04
3.51
1768846394
-75
-76.66
61.48
-36.92
3.51
1768846394
-65
-76.95
61.71
-36.48
3.90
1768846394
-55
-75.78
61.99
-36.45
3.85
1768846394
-45
-75.89
61.60
-36.55
3.64
1768846394
-35
-75.79
61.71
-36.19
3.64
1768846394
-25
-73.74
59.60
-36.22
4.38
1768846394
-15
-73.89
59.39
-36.21
4.07
1768846394
-5
-74.46
61.89
-36.00
4.05
1768846394
5
-74.47
62.38
-36.26
3.57
1768846394
15
-74.23
62.29
-35.46
4.35
1768846394
25
-74.08
62.30
-35.59
3.50
1768846394
35
-73.93
62.47
-35.19
3.46
1768846394
45
-72.70
61.53
-35.70
4.16
1768846394
55
-71.87
60.35
-34.58
3.87
1768846394
65
-72.13
60.82
-34.63
4.49
1768846394
75
-71.97
62.49
-35.05
4.06
1768846394
85
-72.20
62.70
-35.07
3.55
1768846394
95
-72.19
63.11
-35.42
3.77
1768846394
105
-71.59
63.17
-35.82
4.15
1768846394
115
-72.21
63.07
-35.65
3.86
1768846394
125
-70.78
62.23
-35.37
3.97
1768846394
135
-69.99
60.53
-35.38
3.81
1768846394
145
-69.06
61.75
-35.36
3.78
1768846394
155
-70.69
63.48
-35.20
3.56
1768846394
165
-70.14
63.07
-34.85
3.79
1768846394
175
-69.27
63.43
-35.05
4.14
1768846394
185
-69.30
63.96
-35.29
3.48
1768846394
195
-69.08
63.99
-34.79
3.63
1768846394
205
-68.68
64.22
-34.84
3.83
1768846394
215
-68.88
63.79
-35.36
3.51
1768846394
225
-67.28
61.66
-35.26
3.63
1768846394
235
-66.89
62.35
-35.22
4.09
1768846394
245
-67.50
64.27
-34.90
4.08
1768846394
255
-67.42
64.51
-35.13
3.50