1768846394
-255
-80.78
61.59
-40.42
3.68
1768846394
-245
-81.84
60.95
-40.86
4.51
1768846394
-235
-80.98
59.41
-40.49
3.73
1768846394
-225
-80.20
59.05
-40.82
4.64
1768846394
-215
-81.00
60.19
-40.43
3.70
1768846394
-205
-81.20
61.77
-40.09
3.87
1768846394
-195
-80.54
61.67
-39.99
4.12
1768846394
-185
-80.34
61.85
-39.60
3.72
1768846394
-175
-79.72
59.56
-39.72
4.21
1768846394
-165
-78.80
59.51
-39.48
4.15
1768846394
-155
-77.74
59.62
-38.97
3.72
1768846394
-145
-79.16
62.05
-39.19
4.17
1768846394
-135
-79.68
62.06
-38.99
3.72
1768846394
-125
-79.62
61.99
-38.85
4.40
1768846394
-115
-78.55
60.07
-38.20
4.26
1768846394
-105
-77.11
59.93
-38.97
4.32
1768846394
-95
-76.73
59.70
-38.71
4.14
1768846394
-85
-78.20
61.74
-37.39
3.85
1768846394
-75
-77.76
62.24
-37.22
3.77
1768846394
-65
-76.88
62.52
-37.92
3.75
1768846394
-55
-75.81
61.58
-37.50
4.37
1768846394
-45
-75.66
60.06
-37.82
3.78
1768846394
-35
-75.62
60.15
-37.95
4.59
1768846394
-25
-75.65
61.04
-37.97
4.33
1768846394
-15
-75.74
62.99
-37.01
4.29
1768846394
-5
-75.31
62.94
-37.51
3.83
1768846394
5
-75.03
63.25
-37.26
3.71
1768846394
15
-73.76
60.70
-37.29
3.98
1768846394
25
-73.74
60.52
-37.10
3.71
1768846394
35
-72.63
60.44
-36.67
4.33
1768846394
45
-73.32
63.00
-36.41
4.52
1768846394
55
-73.38
63.40
-36.45
3.73
1768846394
65
-73.44
63.38
-36.00
3.72
1768846394
75
-72.29
62.16
-35.97
3.76
1768846394
85
-71.34
61.83
-36.12
4.50
1768846394
95
-71.94
61.79
-36.21
3.91
1768846394
105
-72.27
63.13
-35.83
4.48
1768846394
115
-72.07
63.77
-35.69
4.04
1768846394
125
-71.41
63.84
-35.48
4.07
1768846394
135
-70.63
64.07
-35.66
3.90
1768846394
145
-69.39
61.90
-36.11
3.77
1768846394
155
-69.15
62.40
-35.89
4.15
1768846394
165
-69.67
62.99
-36.63
3.98
1768846394
175
-70.58
64.69
-36.13
4.08
1768846394
185
-69.97
64.81
-36.33
4.61
1768846394
195
-69.62
65.00
-35.99
4.07
1768846394
205
-69.36
64.24
-36.02
3.86
1768846394
215
-68.02
62.86
-35.77
3.88
1768846394
225
-68.05
63.35
-36.18
3.70
1768846394
235
-68.62
65.38
-36.51
4.36
1768846394
245
-68.28
65.71
-35.84
4.27
1768846394
255
-67.99
65.60
-36.02
3.70