1768846394
-255
-62.41
74.18
-41.32
3.88
1768846394
-245
-63.09
73.32
-41.52
3.90
1768846394
-235
-63.42
73.35
-41.78
4.22
1768846394
-225
-62.94
73.76
-41.44
3.92
1768846394
-215
-62.67
73.51
-41.15
3.90
1768846394
-205
-62.35
73.44
-40.64
4.14
1768846394
-195
-62.21
73.61
-39.84
3.93
1768846394
-185
-62.07
73.78
-40.03
4.43
1768846394
-175
-61.65
73.80
-40.21
4.15
1768846394
-165
-61.37
73.76
-39.80
3.92
1768846394
-155
-60.30
73.08
-40.19
4.24
1768846394
-145
-59.45
72.15
-40.00
3.89
1768846394
-135
-59.42
72.55
-39.73
3.97
1768846394
-125
-59.74
72.71
-39.47
3.90
1768846394
-115
-59.37
73.41
-39.28
4.44
1768846394
-105
-60.01
74.00
-38.50
4.10
1768846394
-95
-58.36
73.97
-39.10
4.39
1768846394
-85
-59.07
74.51
-38.60
3.91
1768846394
-75
-58.30
74.11
-38.53
3.90
1768846394
-65
-57.59
74.53
-38.10
3.89
1768846394
-55
-58.06
74.47
-37.92
4.29
1768846394
-45
-57.36
74.50
-38.09
4.06
1768846394
-35
-56.76
75.54
-38.20
3.94
1768846394
-25
-56.78
74.83
-38.03
4.14
1768846394
-15
-56.31
74.55
-37.92
3.97
1768846394
-5
-56.00
74.98
-36.95
3.95
1768846394
5
-55.60
75.13
-37.09
3.95
1768846394
15
-55.51
75.22
-36.95
3.94
1768846394
25
-54.74
75.70
-37.32
3.93
1768846394
35
-55.47
75.61
-37.12
3.91
1768846394
45
-55.05
75.61
-37.47
3.86
1768846394
55
-55.42
76.68
-36.21
3.88
1768846394
65
-53.69
75.34
-34.59
3.98
1768846394
75
-52.80
74.90
-33.55
4.02
1768846394
85
-50.75
73.84
-33.67
3.99
1768846394
95
-51.90
74.28
-34.00
3.98
1768846394
105
-51.35
74.34
-33.91
3.97
1768846394
115
-50.10
74.88
-33.91
3.98
1768846394
125
-50.83
76.35
-33.75
4.01
1768846394
135
-50.35
76.27
-34.10
4.03
1768846394
145
-50.11
75.77
-33.75
4.04
1768846394
155
-48.47
75.89
-33.42
4.04
1768846394
165
-48.89
76.06
-33.99
4.04
1768846394
175
-47.50
75.93
-33.28
4.04
1768846394
185
-47.78
75.75
-33.38
4.04
1768846394
195
-46.88
76.22
-33.60
4.04
1768846394
205
-46.62
77.06
-33.12
4.04
1768846394
215
-46.13
76.85
-33.41
4.04
1768846394
225
-45.67
77.10
-33.26
4.03
1768846394
235
-45.42
77.03
-33.23
4.03
1768846394
245
-45.18
77.11
-33.07
4.02
1768846394
255
-44.84
77.64
-33.54
4.02