1768846394
-255
-80.08
60.92
-40.35
3.64
1768846394
-245
-80.18
58.12
-40.54
3.97
1768846394
-235
-79.76
58.21
-40.07
3.80
1768846394
-225
-80.67
60.36
-39.24
3.72
1768846394
-215
-81.25
60.55
-38.74
3.90
1768846394
-205
-80.73
60.04
-38.75
3.60
1768846394
-195
-80.29
60.49
-39.45
4.28
1768846394
-185
-79.76
60.75
-39.29
3.86
1768846394
-175
-79.23
59.04
-39.08
4.24
1768846394
-165
-77.66
58.47
-38.57
4.62
1768846394
-155
-78.39
60.19
-38.54
4.17
1768846394
-145
-79.52
60.71
-38.02
3.76
1768846394
-135
-78.08
60.90
-38.08
3.91
1768846394
-125
-78.21
61.51
-38.24
3.60
1768846394
-115
-78.23
61.48
-38.35
3.97
1768846394
-105
-76.95
59.72
-37.94
4.50
1768846394
-95
-76.18
58.71
-37.77
3.81
1768846394
-85
-76.85
59.24
-37.17
4.02
1768846394
-75
-76.75
60.91
-36.75
4.45
1768846394
-65
-76.18
61.56
-36.92
4.52
1768846394
-55
-76.58
61.94
-37.24
3.65
1768846394
-45
-76.10
61.92
-37.57
3.62
1768846394
-35
-75.14
60.11
-37.35
4.35
1768846394
-25
-74.05
58.96
-36.56
4.09
1768846394
-15
-74.20
60.35
-36.31
3.71
1768846394
-5
-75.06
62.05
-35.83
4.45
1768846394
5
-74.36
62.15
-35.77
4.42
1768846394
15
-74.32
62.31
-35.97
4.50
1768846394
25
-74.03
62.49
-36.16
4.20
1768846394
35
-73.30
61.65
-36.37
4.44
1768846394
45
-72.70
60.42
-36.38
4.35
1768846394
55
-71.56
60.45
-35.86
3.62
1768846394
65
-72.58
62.76
-36.01
3.62
1768846394
75
-72.88
62.66
-35.91
4.34
1768846394
85
-72.00
62.51
-36.09
3.58
1768846394
95
-71.58
62.89
-35.99
3.86
1768846394
105
-72.11
63.10
-36.23
4.34
1768846394
115
-71.06
60.87
-35.55
3.68
1768846394
125
-69.52
60.93
-35.18
4.19
1768846394
135
-70.87
63.49
-35.51
4.14
1768846394
145
-70.91
63.34
-35.66
3.56
1768846394
155
-69.82
63.24
-35.63
4.37
1768846394
165
-69.70
64.14
-35.99
3.84
1768846394
175
-70.45
63.86
-36.31
3.79
1768846394
185
-69.38
61.67
-36.44
4.13
1768846394
195
-68.01
61.15
-35.13
3.76
1768846394
205
-68.31
63.48
-35.03
3.67
1768846394
215
-68.64
63.98
-35.38
3.90
1768846394
225
-68.04
64.52
-35.02
3.61
1768846394
235
-68.27
64.95
-35.65
3.67
1768846394
245
-68.20
64.60
-36.27
4.35
1768846394
255
-67.39
62.97
-36.62
3.95