1768846394
-255
-80.49
61.00
-39.51
4.30
1768846394
-245
-81.91
60.92
-40.09
3.90
1768846394
-235
-81.84
61.19
-39.39
4.30
1768846394
-225
-81.37
61.34
-40.03
3.76
1768846394
-215
-81.72
61.38
-40.23
4.31
1768846394
-205
-79.59
59.07
-40.40
4.53
1768846394
-195
-79.19
59.45
-40.56
4.26
1768846394
-185
-79.89
60.17
-39.85
4.12
1768846394
-175
-79.36
61.74
-39.61
4.20
1768846394
-165
-79.93
61.96
-39.20
4.19
1768846394
-155
-80.08
61.76
-38.69
3.92
1768846394
-145
-78.02
60.37
-38.94
4.57
1768846394
-135
-76.84
59.76
-39.23
4.43
1768846394
-125
-77.62
59.61
-38.23
4.35
1768846394
-115
-79.21
61.33
-37.69
4.49
1768846394
-105
-78.47
61.62
-37.54
3.63
1768846394
-95
-77.47
62.17
-37.77
4.07
1768846394
-85
-76.84
61.67
-38.04
3.63
1768846394
-75
-76.51
60.35
-38.47
4.28
1768846394
-65
-76.36
59.84
-38.22
3.75
1768846394
-55
-76.29
60.46
-37.86
4.33
1768846394
-45
-76.02
62.73
-37.39
3.69
1768846394
-35
-76.20
62.79
-37.40
4.19
1768846394
-25
-75.59
62.54
-37.13
4.52
1768846394
-15
-74.51
60.20
-37.29
3.89
1768846394
-5
-74.24
59.82
-37.31
3.62
1768846394
5
-73.67
60.08
-37.00
4.17
1768846394
15
-74.77
62.58
-36.86
3.63
1768846394
25
-74.51
63.26
-37.04
3.65
1768846394
35
-74.48
63.55
-37.27
4.24
1768846394
45
-73.70
61.59
-36.63
3.91
1768846394
55
-72.65
60.77
-37.33
4.18
1768846394
65
-72.16
60.41
-37.16
3.71
1768846394
75
-72.11
62.32
-36.72
3.98
1768846394
85
-72.45
63.53
-36.63
3.67
1768846394
95
-72.11
64.02
-36.64
4.20
1768846394
105
-72.74
63.82
-37.05
3.62
1768846394
115
-71.36
61.34
-37.23
4.57
1768846394
125
-70.57
61.45
-36.82
4.53
1768846394
135
-69.61
62.60
-36.39
3.98
1768846394
145
-71.23
64.47
-36.45
3.96
1768846394
155
-71.44
64.38
-36.70
4.41
1768846394
165
-71.07
64.16
-36.75
3.62
1768846394
175
-69.35
63.12
-36.38
4.34
1768846394
185
-68.19
62.81
-36.48
3.61
1768846394
195
-69.03
62.41
-36.53
4.17
1768846394
205
-69.59
64.20
-36.53
3.62
1768846394
215
-69.05
65.02
-35.95
4.55
1768846394
225
-68.99
65.40
-36.43
4.30
1768846394
235
-68.92
65.63
-35.80
4.09
1768846394
245
-67.51
63.29
-36.45
3.63
1768846394
255
-66.57
62.90
-36.13
4.16