loop print:
-255
-60.37
69.52
-35.29
3.69
loop print:
-245
-61.45
69.52
-34.80
3.70
loop print:
-235
-60.93
69.39
-34.68
3.70
loop print:
-225
-60.14
69.04
-34.67
3.71
loop print:
-215
-59.84
69.15
-34.65
3.71
loop print:
-205
-58.87
69.16
-34.50
3.71
loop print:
-195
-58.43
69.33
-34.64
3.72
loop print:
-185
-57.73
68.80
-34.80
3.72
loop print:
-175
-56.46
69.06
-34.76
3.73
loop print:
-165
-56.02
68.95
-35.07
3.73
loop print:
-155
-56.56
68.76
-34.85
3.73
loop print:
-145
-57.38
69.13
-35.01
3.73
loop print:
-135
-56.67
68.82
-34.60
3.74
loop print:
-125
-55.04
68.44
-34.17
3.73
loop print:
-115
-54.25
68.55
-34.64
3.74
loop print:
-105
-53.72
68.64
-34.64
3.74
loop print:
-95
-52.41
68.71
-34.39
3.74
loop print:
-85
-51.86
68.59
-34.02
3.75
loop print:
-75
-53.12
68.25
-34.24
3.75
loop print:
-65
-51.68
68.96
-34.60
3.75
loop print:
-55
-51.57
68.88
-33.94
3.75
loop print:
-45
-50.70
68.78
-34.79
3.76
loop print:
-35
-50.89
68.57
-34.47
3.76
loop print:
-25
-49.87
68.36
-34.38
3.75
loop print:
-15
-49.20
68.41
-34.82
3.76
loop print:
-5
-48.91
68.52
-34.58
3.76
loop print:
5
-48.25
68.59
-34.79
3.76
loop print:
15
-47.80
68.68
-35.19
3.76
loop print:
25
-47.20
68.43
-35.38
3.76
loop print:
35
-46.99
68.22
-35.16
3.76
loop print:
45
-45.99
68.47
-35.62
3.75
loop print:
55
-45.34
68.47
-35.32
3.75
loop print:
65
-43.95
68.90
-35.45
3.75
loop print:
75
-44.60
68.66
-35.84
3.75
loop print:
85
-43.25
68.84
-35.86
3.75
loop print:
95
-43.01
68.64
-36.31
3.75
loop print:
105
-43.47
68.63
-36.67
3.74
loop print:
115
-42.02
68.53
-36.95
3.74
loop print:
125
-40.73
68.07
-36.65
3.74
loop print:
135
-41.34
68.06
-37.15
3.74
loop print:
145
-41.84
68.08
-37.54
3.74
loop print:
155
-40.78
68.22
-37.45
3.74
loop print:
165
-38.49
68.21
-36.94
3.73
loop print:
175
-38.63
68.37
-37.22
3.73
loop print:
185
-39.17
68.05
-37.99
3.73
loop print:
195
-38.83
68.26
-38.75
3.72
loop print:
205
-38.32
68.07
-38.84
3.72
loop print:
215
-36.20
68.12
-38.75
3.72
loop print:
225
-36.13
68.23
-38.81
3.71
loop print:
235
-36.21
68.27
-39.09
3.71
loop print:
245
-35.95
68.67
-40.11
3.71
loop print:
255
-35.11
68.41
-40.15
3.70