loop print:
-255
-43.60
62.14
-49.51
3.69
loop print:
-245
-43.56
61.58
-50.16
3.69
loop print:
-235
-43.89
61.80
-49.86
3.69
loop print:
-225
-44.09
62.10
-48.93
3.70
loop print:
-215
-44.58
62.41
-48.14
3.70
loop print:
-205
-45.21
62.31
-46.98
3.71
loop print:
-195
-45.17
62.39
-46.27
3.71
loop print:
-185
-44.91
63.10
-45.37
3.71
loop print:
-175
-45.10
63.50
-44.50
3.72
loop print:
-165
-45.66
63.15
-43.96
3.72
loop print:
-155
-45.11
64.34
-43.30
3.72
loop print:
-145
-45.53
65.51
-44.07
3.72
loop print:
-135
-46.00
65.18
-43.77
3.73
loop print:
-125
-46.69
65.27
-43.13
3.73
loop print:
-115
-46.90
65.16
-41.73
3.73
loop print:
-105
-47.24
65.33
-41.07
3.73
loop print:
-95
-46.60
65.63
-39.57
3.74
loop print:
-85
-46.59
66.10
-38.64
3.74
loop print:
-75
-47.14
67.07
-38.95
3.74
loop print:
-65
-47.88
67.61
-39.18
3.74
loop print:
-55
-48.27
67.34
-38.08
3.75
loop print:
-45
-48.08
67.45
-37.19
3.75
loop print:
-35
-47.85
67.92
-36.53
3.75
loop print:
-25
-48.46
68.40
-35.92
3.75
loop print:
-15
-48.69
68.86
-35.23
3.75
loop print:
-5
-48.82
69.27
-34.55
3.75
loop print:
5
-49.32
69.43
-34.36
3.75
loop print:
15
-49.46
69.94
-34.50
3.75
loop print:
25
-49.39
70.42
-33.70
3.75
loop print:
35
-49.58
70.35
-32.60
3.75
loop print:
45
-49.37
71.35
-32.14
3.75
loop print:
55
-50.02
71.64
-31.65
3.75
loop print:
65
-49.93
71.38
-30.25
3.74
loop print:
75
-49.85
72.88
-30.20
3.74
loop print:
85
-50.83
73.04
-30.50
3.74
loop print:
95
-51.00
73.15
-29.80
3.74
loop print:
105
-51.02
72.20
-28.82
3.73
loop print:
115
-50.50
73.76
-28.88
3.73
loop print:
125
-50.89
75.03
-29.28
3.73
loop print:
135
-51.59
75.18
-29.11
3.73
loop print:
145
-51.91
74.28
-27.53
3.72
loop print:
155
-51.62
74.67
-26.88
3.72
loop print:
165
-51.93
75.72
-27.16
3.72
loop print:
175
-52.31
76.96
-27.45
3.72
loop print:
185
-53.03
77.25
-26.99
3.71
loop print:
195
-53.48
76.80
-26.38
3.71
loop print:
205
-53.51
76.62
-25.42
3.71
loop print:
215
-53.18
77.37
-25.09
3.70
loop print:
225
-53.76
77.85
-25.18
3.70
loop print:
235
-53.97
78.31
-24.67
3.70
loop print:
245
-53.83
78.60
-24.31
3.69
loop print:
255
-54.12
79.02
-23.78
3.69