loop print:
-255
-60.56
68.89
-34.79
3.76
loop print:
-245
-61.75
69.12
-34.81
3.77
loop print:
-235
-60.81
69.37
-35.33
3.77
loop print:
-225
-59.98
68.93
-35.02
3.77
loop print:
-215
-60.55
68.86
-34.67
3.78
loop print:
-205
-60.03
69.03
-34.65
3.78
loop print:
-195
-58.80
68.88
-35.05
3.79
loop print:
-185
-57.45
68.56
-34.69
3.79
loop print:
-175
-58.33
68.33
-34.32
3.79
loop print:
-165
-58.61
68.64
-34.57
3.80
loop print:
-155
-57.45
69.00
-34.56
3.80
loop print:
-145
-55.91
68.76
-34.48
3.81
loop print:
-135
-54.54
68.49
-34.67
3.81
loop print:
-125
-54.10
68.35
-34.70
3.81
loop print:
-115
-55.38
68.36
-34.48
3.82
loop print:
-105
-55.55
68.49
-34.16
3.82
loop print:
-95
-54.86
68.69
-34.37
3.82
loop print:
-85
-52.67
68.55
-34.29
3.83
loop print:
-75
-51.71
68.53
-34.75
3.83
loop print:
-65
-52.48
68.37
-34.43
3.83
loop print:
-55
-52.48
68.08
-34.32
3.84
loop print:
-45
-50.97
68.22
-34.61
3.84
loop print:
-35
-49.85
68.12
-34.51
3.84
loop print:
-25
-49.79
68.06
-34.65
3.84
loop print:
-15
-49.40
67.92
-34.68
3.84
loop print:
-5
-49.30
67.86
-34.92
3.84
loop print:
5
-48.41
67.59
-34.24
3.85
loop print:
15
-47.85
68.37
-34.09
3.85
loop print:
25
-47.93
68.52
-34.22
3.84
loop print:
35
-47.33
68.51
-34.55
3.84
loop print:
45
-46.38
68.64
-35.04
3.84
loop print:
55
-45.97
68.45
-34.76
3.84
loop print:
65
-45.20
68.47
-34.86
3.83
loop print:
75
-44.86
68.59
-34.82
3.83
loop print:
85
-45.00
68.30
-35.58
3.83
loop print:
95
-44.52
68.33
-35.59
3.83
loop print:
105
-44.55
68.36
-36.16
3.82
loop print:
115
-43.90
68.18
-36.01
3.82
loop print:
125
-42.48
68.24
-36.03
3.82
loop print:
135
-41.36
68.26
-36.02
3.81
loop print:
145
-40.30
68.07
-36.29
3.81
loop print:
155
-40.94
68.13
-36.77
3.81
loop print:
165
-39.32
68.26
-36.71
3.80
loop print:
175
-38.42
68.67
-37.06
3.79
loop print:
185
-39.82
68.35
-37.77
3.79
loop print:
195
-39.22
68.27
-37.78
3.78
loop print:
205
-38.33
68.52
-37.45
3.78
loop print:
215
-37.01
68.73
-37.53
3.78
loop print:
225
-36.42
68.52
-37.60
3.77
loop print:
235
-36.67
68.55
-38.57
3.77
loop print:
245
-36.38
68.61
-39.06
3.76
loop print:
255
-35.54
68.63
-39.58
3.76