loop print:
-255
-43.00
60.10
-51.28
4.08
loop print:
-245
-42.84
59.60
-52.61
4.09
loop print:
-235
-43.28
59.70
-52.05
4.09
loop print:
-225
-43.23
60.20
-51.61
4.10
loop print:
-215
-43.18
60.75
-49.67
4.10
loop print:
-205
-43.75
60.49
-48.40
4.10
loop print:
-195
-43.95
60.43
-47.60
4.11
loop print:
-185
-44.34
61.13
-47.34
4.12
loop print:
-175
-44.79
62.17
-47.64
4.12
loop print:
-165
-45.18
62.83
-47.29
4.12
loop print:
-155
-45.42
63.55
-46.52
4.13
loop print:
-145
-44.65
63.73
-44.99
4.13
loop print:
-135
-44.78
63.05
-43.27
4.13
loop print:
-125
-44.97
63.60
-42.58
4.13
loop print:
-115
-45.68
63.53
-42.41
4.13
loop print:
-105
-46.31
63.65
-42.33
4.13
loop print:
-95
-46.79
65.35
-42.24
4.14
loop print:
-85
-46.34
66.85
-41.08
4.14
loop print:
-75
-46.23
66.22
-38.89
4.14
loop print:
-65
-46.56
66.16
-37.72
4.15
loop print:
-55
-47.28
66.89
-38.57
4.15
loop print:
-45
-47.14
67.78
-37.85
4.15
loop print:
-35
-47.19
67.52
-36.74
4.15
loop print:
-25
-47.71
67.60
-35.92
4.15
loop print:
-15
-47.63
68.47
-35.48
4.16
loop print:
-5
-47.88
69.05
-34.52
4.15
loop print:
5
-48.25
68.89
-33.90
4.16
loop print:
15
-48.46
69.53
-33.81
4.16
loop print:
25
-48.74
70.42
-33.51
4.16
loop print:
35
-48.87
70.78
-32.28
4.15
loop print:
45
-49.28
70.38
-31.71
4.15
loop print:
55
-49.78
71.78
-31.78
4.15
loop print:
65
-49.85
72.29
-31.56
4.15
loop print:
75
-49.38
72.22
-29.96
4.15
loop print:
85
-50.19
72.05
-29.38
4.14
loop print:
95
-51.11
73.09
-29.41
4.14
loop print:
105
-51.29
74.10
-29.67
4.14
loop print:
115
-51.15
74.90
-29.19
4.13
loop print:
125
-51.07
75.59
-28.82
4.13
loop print:
135
-50.77
74.70
-27.50
4.13
loop print:
145
-51.57
74.39
-26.75
4.13
loop print:
155
-52.74
75.48
-27.09
4.13
loop print:
165
-52.43
77.26
-26.89
4.12
loop print:
175
-52.31
77.31
-26.21
4.12
loop print:
185
-52.46
76.94
-25.33
4.12
loop print:
195
-52.46
77.22
-24.53
4.11
loop print:
205
-53.23
77.26
-24.37
4.11
loop print:
215
-53.69
78.55
-24.12
4.10
loop print:
225
-53.77
79.77
-24.10
4.10
loop print:
235
-53.88
79.51
-23.55
4.09
loop print:
245
-53.73
79.70
-22.80
4.09
loop print:
255
-54.14
80.08
-22.74
4.08