loop print:
-255
-60.33
69.76
-34.74
3.85
loop print:
-245
-61.54
70.11
-34.48
3.89
loop print:
-235
-60.67
69.88
-35.06
3.89
loop print:
-225
-59.84
69.72
-34.25
3.90
loop print:
-215
-60.41
69.71
-34.71
3.91
loop print:
-205
-59.18
69.86
-34.46
3.92
loop print:
-195
-58.44
69.69
-34.56
3.92
loop print:
-185
-57.56
69.44
-34.56
3.93
loop print:
-175
-58.12
69.54
-34.60
3.94
loop print:
-165
-58.86
69.75
-34.57
3.94
loop print:
-155
-58.27
69.70
-34.77
3.95
loop print:
-145
-56.10
69.64
-34.74
3.95
loop print:
-135
-54.26
69.32
-34.46
3.96
loop print:
-125
-54.53
69.03
-34.02
3.96
loop print:
-115
-55.55
69.38
-34.01
3.97
loop print:
-105
-53.80
69.25
-34.04
3.97
loop print:
-95
-52.94
68.79
-33.98
3.98
loop print:
-85
-53.56
69.33
-33.97
3.99
loop print:
-75
-51.25
69.25
-33.95
3.99
loop print:
-65
-51.74
68.81
-34.03
4.00
loop print:
-55
-51.65
68.68
-34.03
4.00
loop print:
-45
-49.75
68.45
-33.79
4.00
loop print:
-35
-50.34
68.39
-34.40
4.01
loop print:
-25
-49.68
68.63
-34.12
4.01
loop print:
-15
-48.59
68.43
-34.20
4.01
loop print:
-5
-48.36
68.29
-34.41
4.01
loop print:
5
-47.69
69.01
-34.28
4.01
loop print:
15
-46.99
69.39
-34.05
4.01
loop print:
25
-47.06
69.14
-34.33
4.01
loop print:
35
-45.89
69.12
-34.65
4.01
loop print:
45
-44.72
69.06
-34.49
4.00
loop print:
55
-44.62
69.15
-34.44
4.00
loop print:
65
-45.20
69.18
-35.01
4.00
loop print:
75
-43.51
68.88
-35.01
3.99
loop print:
85
-42.17
68.87
-34.78
3.98
loop print:
95
-42.00
68.91
-34.82
3.98
loop print:
105
-43.40
68.58
-35.48
3.97
loop print:
115
-42.63
68.80
-36.16
3.97
loop print:
125
-40.79
68.67
-36.14
3.96
loop print:
135
-39.21
68.37
-36.29
3.96
loop print:
145
-38.62
68.49
-36.35
3.95
loop print:
155
-40.16
68.24
-37.21
3.94
loop print:
165
-40.02
68.14
-37.68
3.92
loop print:
175
-38.97
67.69
-37.86
3.93
loop print:
185
-36.59
67.93
-38.18
3.92
loop print:
195
-35.84
67.98
-38.37
3.91
loop print:
205
-36.16
68.33
-39.02
3.89
loop print:
215
-36.23
68.02
-39.31
3.86
loop print:
225
-35.30
68.25
-39.09
3.89
loop print:
235
-34.35
68.09
-39.39
3.85
loop print:
245
-34.60
68.35
-39.61
3.83
loop print:
255
-33.91
68.61
-39.77
3.84