loop print:
-255
-43.77
62.82
-49.25
3.60
loop print:
-245
-43.63
62.54
-50.09
3.61
loop print:
-235
-43.84
62.61
-49.10
3.61
loop print:
-225
-44.19
62.83
-48.29
3.61
loop print:
-215
-44.56
63.28
-48.00
3.62
loop print:
-205
-44.73
63.15
-46.79
3.62
loop print:
-195
-44.90
63.21
-45.97
3.62
loop print:
-185
-44.84
63.34
-45.08
3.63
loop print:
-175
-44.91
63.97
-44.41
3.63
loop print:
-165
-45.05
64.16
-43.46
3.63
loop print:
-155
-45.28
64.56
-42.96
3.64
loop print:
-145
-45.36
65.24
-42.24
3.64
loop print:
-135
-45.07
65.45
-41.86
3.64
loop print:
-125
-45.70
66.06
-41.20
3.64
loop print:
-115
-45.70
66.52
-40.45
3.65
loop print:
-105
-45.96
66.50
-39.81
3.65
loop print:
-95
-46.07
67.28
-40.26
3.65
loop print:
-85
-46.51
67.71
-40.25
3.65
loop print:
-75
-46.87
68.34
-39.94
3.65
loop print:
-65
-47.51
68.17
-38.99
3.65
loop print:
-55
-47.90
67.90
-38.23
3.66
loop print:
-45
-47.32
68.42
-36.72
3.66
loop print:
-35
-47.52
68.80
-35.91
3.66
loop print:
-25
-47.97
69.11
-35.77
3.66
loop print:
-15
-48.26
69.58
-35.06
3.66
loop print:
-5
-48.41
69.93
-34.43
3.66
loop print:
5
-48.62
70.26
-33.86
3.66
loop print:
15
-48.84
70.58
-33.01
3.66
loop print:
25
-49.25
70.91
-33.11
3.66
loop print:
35
-49.56
71.55
-32.74
3.66
loop print:
45
-49.74
71.98
-32.11
3.66
loop print:
55
-50.12
72.56
-32.11
3.66
loop print:
65
-50.27
72.92
-32.08
3.66
loop print:
75
-50.30
73.05
-31.78
3.65
loop print:
85
-50.17
73.66
-31.00
3.65
loop print:
95
-50.93
74.01
-30.51
3.65
loop print:
105
-51.00
73.90
-29.32
3.65
loop print:
115
-51.38
74.09
-29.20
3.64
loop print:
125
-51.06
73.74
-28.27
3.64
loop print:
135
-51.04
74.71
-28.44
3.64
loop print:
145
-51.16
75.67
-28.35
3.64
loop print:
155
-51.45
76.47
-28.06
3.63
loop print:
165
-51.94
77.19
-28.14
3.63
loop print:
175
-52.25
77.67
-27.49
3.63
loop print:
185
-52.88
77.46
-26.94
3.63
loop print:
195
-53.05
77.00
-25.90
3.62
loop print:
205
-52.37
77.46
-25.52
3.62
loop print:
215
-52.69
77.46
-25.32
3.62
loop print:
225
-53.09
78.06
-24.94
3.61
loop print:
235
-53.34
78.64
-24.66
3.61
loop print:
245
-53.39
79.21
-24.72
3.61
loop print:
255
-53.43
79.69
-24.45
3.60