loop print:
-255
-43.33
60.59
-51.31
3.99
loop print:
-245
-43.06
60.28
-52.50
3.99
loop print:
-235
-43.27
60.18
-51.41
4.00
loop print:
-225
-43.87
60.81
-51.40
4.00
loop print:
-215
-43.80
61.40
-50.58
4.01
loop print:
-205
-43.46
62.41
-48.22
4.01
loop print:
-195
-43.89
61.82
-46.81
4.01
loop print:
-185
-44.25
62.26
-47.90
4.02
loop print:
-175
-44.55
62.94
-47.25
4.02
loop print:
-165
-44.53
62.70
-44.86
4.02
loop print:
-155
-45.36
63.32
-45.83
4.03
loop print:
-145
-44.84
64.17
-44.83
4.03
loop print:
-135
-45.39
63.46
-42.82
4.03
loop print:
-125
-46.19
64.63
-43.99
4.03
loop print:
-115
-45.59
65.05
-41.95
4.04
loop print:
-105
-46.33
64.42
-41.12
4.04
loop print:
-95
-46.05
66.00
-41.59
4.04
loop print:
-85
-46.14
65.32
-39.16
4.04
loop print:
-75
-46.90
66.42
-40.41
4.04
loop print:
-65
-46.63
66.28
-38.57
4.04
loop print:
-55
-47.23
66.30
-37.87
4.05
loop print:
-45
-47.92
67.37
-37.96
4.05
loop print:
-35
-47.70
67.81
-37.26
4.05
loop print:
-25
-47.72
67.27
-35.96
4.05
loop print:
-15
-48.22
67.86
-35.21
4.05
loop print:
-5
-48.14
68.60
-34.72
4.05
loop print:
5
-48.56
69.15
-33.93
4.05
loop print:
15
-48.98
69.96
-33.77
4.05
loop print:
25
-48.84
70.42
-32.93
4.05
loop print:
35
-49.43
70.00
-31.60
4.05
loop print:
45
-49.64
71.13
-32.35
4.05
loop print:
55
-49.39
71.98
-31.20
4.05
loop print:
65
-49.70
70.93
-29.95
4.05
loop print:
75
-50.22
71.52
-29.72
4.04
loop print:
85
-50.65
72.92
-30.16
4.04
loop print:
95
-50.37
73.60
-29.91
4.04
loop print:
105
-50.06
72.89
-28.69
4.04
loop print:
115
-51.24
72.56
-27.91
4.04
loop print:
125
-51.99
74.21
-28.71
4.04
loop print:
135
-51.49
75.42
-28.56
4.03
loop print:
145
-51.31
75.67
-27.73
4.03
loop print:
155
-51.47
75.85
-26.75
4.03
loop print:
165
-51.77
75.29
-25.71
4.03
loop print:
175
-52.53
75.59
-25.76
4.02
loop print:
185
-52.72
77.33
-25.94
4.02
loop print:
195
-52.48
77.45
-25.07
4.01
loop print:
205
-52.55
76.99
-24.65
4.01
loop print:
215
-53.36
77.69
-24.06
4.01
loop print:
225
-53.67
78.36
-23.93
4.00
loop print:
235
-53.65
79.32
-23.94
4.00
loop print:
245
-53.81
79.22
-23.12
4.00
loop print:
255
-54.07
79.73
-22.91
3.99