loop print:
-255
-43.79
60.71
-49.63
3.79
loop print:
-245
-43.32
60.31
-50.91
3.80
loop print:
-235
-43.58
60.76
-49.83
3.80
loop print:
-225
-43.64
61.07
-49.29
3.81
loop print:
-215
-43.93
60.90
-47.88
3.81
loop print:
-205
-43.68
61.82
-47.68
3.81
loop print:
-195
-44.78
62.30
-48.00
3.82
loop print:
-185
-45.13
62.16
-46.86
3.82
loop print:
-175
-45.31
62.00
-45.54
3.82
loop print:
-165
-45.61
62.03
-44.76
3.83
loop print:
-155
-45.42
62.61
-43.46
3.83
loop print:
-145
-45.31
63.94
-44.39
3.83
loop print:
-135
-46.23
64.30
-44.08
3.83
loop print:
-125
-46.45
63.83
-42.88
3.83
loop print:
-115
-46.41
63.48
-40.89
3.84
loop print:
-105
-45.97
64.12
-39.91
3.84
loop print:
-95
-46.59
65.38
-40.95
3.84
loop print:
-85
-47.13
65.83
-40.54
3.84
loop print:
-75
-47.50
65.54
-39.61
3.85
loop print:
-65
-47.70
65.58
-38.37
3.85
loop print:
-55
-47.53
65.84
-37.57
3.85
loop print:
-45
-47.57
67.03
-37.57
3.85
loop print:
-35
-47.93
67.54
-37.15
3.85
loop print:
-25
-48.22
67.42
-36.28
3.86
loop print:
-15
-48.37
67.90
-35.36
3.86
loop print:
-5
-48.44
68.82
-34.04
3.86
loop print:
5
-48.63
69.54
-33.65
3.86
loop print:
15
-49.24
69.77
-33.75
3.86
loop print:
25
-49.59
69.69
-32.56
3.85
loop print:
35
-49.90
69.97
-31.82
3.85
loop print:
45
-49.83
70.08
-31.12
3.85
loop print:
55
-49.68
71.46
-31.40
3.85
loop print:
65
-50.46
72.12
-31.51
3.85
loop print:
75
-51.31
72.64
-31.18
3.85
loop print:
85
-51.38
73.03
-29.82
3.84
loop print:
95
-51.48
72.84
-29.81
3.84
loop print:
105
-51.86
72.38
-28.66
3.84
loop print:
115
-51.63
72.58
-27.90
3.84
loop print:
125
-51.50
73.23
-28.13
3.84
loop print:
135
-51.58
74.67
-27.87
3.83
loop print:
145
-52.31
76.04
-27.97
3.83
loop print:
155
-52.88
75.80
-27.23
3.83
loop print:
165
-52.63
74.78
-26.22
3.82
loop print:
175
-52.70
75.36
-25.86
3.82
loop print:
185
-52.65
75.93
-26.03
3.82
loop print:
195
-52.62
77.19
-26.19
3.81
loop print:
205
-53.38
77.41
-25.44
3.81
loop print:
215
-53.69
77.30
-24.81
3.81
loop print:
225
-53.57
77.77
-24.38
3.81
loop print:
235
-53.45
78.35
-24.39
3.80
loop print:
245
-54.03
78.74
-24.33
3.80
loop print:
255
-54.26
79.48
-23.68
3.80