loop print:
-255
-42.70
61.76
-50.83
4.20
loop print:
-245
-42.19
61.05
-51.93
4.20
loop print:
-235
-42.30
61.15
-51.18
4.21
loop print:
-225
-42.70
61.15
-50.40
4.21
loop print:
-215
-43.17
62.06
-49.76
4.21
loop print:
-205
-42.99
62.77
-49.20
4.22
loop print:
-195
-43.31
62.29
-47.57
4.22
loop print:
-185
-43.82
63.36
-48.22
4.23
loop print:
-175
-43.11
63.51
-46.06
4.23
loop print:
-165
-44.13
62.79
-44.79
4.23
loop print:
-155
-44.72
63.49
-44.88
4.23
loop print:
-145
-45.04
64.73
-45.43
4.23
loop print:
-135
-44.81
64.95
-44.43
4.24
loop print:
-125
-44.55
64.05
-42.04
4.24
loop print:
-115
-45.71
64.23
-42.44
4.24
loop print:
-105
-46.03
65.72
-42.80
4.24
loop print:
-95
-45.50
65.46
-40.89
4.25
loop print:
-85
-46.15
65.23
-39.44
4.25
loop print:
-75
-46.84
65.71
-39.75
4.25
loop print:
-65
-46.68
67.30
-39.72
4.25
loop print:
-55
-46.53
66.81
-37.86
4.26
loop print:
-45
-47.08
66.90
-36.90
4.26
loop print:
-35
-47.73
67.38
-37.01
4.26
loop print:
-25
-47.31
68.26
-36.26
4.26
loop print:
-15
-47.81
68.28
-35.24
4.26
loop print:
-5
-48.09
68.44
-34.89
4.26
loop print:
5
-48.43
69.26
-34.19
4.26
loop print:
15
-48.66
69.44
-33.44
4.26
loop print:
25
-49.04
70.43
-32.91
4.26
loop print:
35
-49.19
70.88
-32.79
4.26
loop print:
45
-49.27
71.42
-32.20
4.26
loop print:
55
-49.11
71.72
-32.53
4.25
loop print:
65
-48.40
72.48
-31.27
4.25
loop print:
75
-48.85
71.51
-30.57
4.25
loop print:
85
-49.96
72.54
-30.85
4.25
loop print:
95
-50.42
73.41
-30.58
4.25
loop print:
105
-50.71
74.66
-29.76
4.24
loop print:
115
-51.11
75.72
-28.59
4.24
loop print:
125
-51.30
76.11
-28.14
4.24
loop print:
135
-51.48
76.73
-27.83
4.24
loop print:
145
-51.34
76.90
-27.14
4.23
loop print:
155
-51.48
76.21
-26.21
4.23
loop print:
165
-51.97
76.40
-24.98
4.23
loop print:
175
-52.35
76.95
-24.76
4.23
loop print:
185
-52.62
77.28
-23.97
4.22
loop print:
195
-53.65
77.81
-23.94
4.22
loop print:
205
-53.37
79.29
-24.57
4.22
loop print:
215
-53.36
79.50
-24.20
4.21
loop print:
225
-53.68
79.48
-23.61
4.21
loop print:
235
-53.62
79.84
-23.17
4.21
loop print:
245
-53.93
80.20
-22.51
4.20
loop print:
255
-54.34
80.89
-22.59
4.20