loop print:
-255
-60.11
70.86
-34.67
3.91
loop print:
-245
-61.60
71.12
-34.76
3.91
loop print:
-235
-61.03
70.77
-34.65
3.92
loop print:
-225
-59.72
70.69
-35.00
3.92
loop print:
-215
-59.06
70.37
-34.95
3.93
loop print:
-205
-58.58
70.46
-34.83
3.93
loop print:
-195
-58.27
70.85
-34.50
3.93
loop print:
-185
-58.90
70.69
-34.07
3.93
loop print:
-175
-58.19
70.29
-33.89
3.94
loop print:
-165
-58.78
70.00
-34.12
3.94
loop print:
-155
-58.32
70.08
-34.28
3.94
loop print:
-145
-57.13
70.04
-34.27
3.94
loop print:
-135
-56.78
69.32
-34.36
3.94
loop print:
-125
-56.19
69.60
-34.22
3.95
loop print:
-115
-55.74
69.44
-34.23
3.95
loop print:
-105
-54.84
69.55
-34.38
3.95
loop print:
-95
-53.93
69.07
-34.72
3.95
loop print:
-85
-52.07
69.07
-34.79
3.95
loop print:
-75
-51.11
69.56
-34.69
3.95
loop print:
-65
-50.42
69.44
-34.60
3.96
loop print:
-55
-50.98
69.14
-34.37
3.96
loop print:
-45
-51.05
69.30
-34.79
3.96
loop print:
-35
-50.25
69.48
-34.63
3.96
loop print:
-25
-49.91
69.83
-34.30
3.96
loop print:
-15
-48.91
69.53
-34.15
3.96
loop print:
-5
-48.19
69.41
-34.50
3.96
loop print:
5
-47.93
69.41
-34.60
3.96
loop print:
15
-46.90
69.56
-34.37
3.96
loop print:
25
-46.72
69.41
-34.46
3.96
loop print:
35
-46.85
69.24
-34.65
3.96
loop print:
45
-45.53
69.23
-34.83
3.96
loop print:
55
-44.34
69.36
-34.98
3.96
loop print:
65
-44.40
69.27
-35.26
3.95
loop print:
75
-45.13
69.30
-35.45
3.95
loop print:
85
-42.75
69.02
-35.37
3.95
loop print:
95
-41.76
69.35
-34.86
3.95
loop print:
105
-41.49
69.28
-35.59
3.95
loop print:
115
-41.41
69.32
-36.01
3.95
loop print:
125
-42.34
69.21
-36.78
3.95
loop print:
135
-40.43
69.15
-36.66
3.95
loop print:
145
-38.60
69.08
-36.21
3.94
loop print:
155
-40.53
69.07
-37.27
3.94
loop print:
165
-39.70
69.06
-37.44
3.94
loop print:
175
-38.11
69.19
-37.35
3.94
loop print:
185
-36.98
69.17
-37.66
3.93
loop print:
195
-37.14
69.05
-37.71
3.93
loop print:
205
-35.73
68.80
-38.72
3.93
loop print:
215
-36.54
69.26
-39.20
3.93
loop print:
225
-35.98
69.11
-38.95
3.92
loop print:
235
-35.05
69.29
-39.10
3.92
loop print:
245
-34.43
69.66
-39.68
3.92
loop print:
255
-34.06
69.43
-39.69
3.91