loop print:
-255
-61.56
70.10
-35.83
4.10
loop print:
-245
-62.59
69.92
-35.47
4.11
loop print:
-235
-61.54
69.85
-35.19
4.11
loop print:
-225
-61.21
69.68
-34.72
4.12
loop print:
-215
-60.97
69.66
-34.97
4.12
loop print:
-205
-59.57
69.53
-34.94
4.12
loop print:
-195
-60.33
69.22
-34.62
4.12
loop print:
-185
-59.87
69.69
-34.66
4.13
loop print:
-175
-58.16
69.70
-34.60
4.13
loop print:
-165
-57.30
69.13
-34.45
4.13
loop print:
-155
-59.14
69.41
-34.32
4.13
loop print:
-145
-57.95
69.39
-34.50
4.13
loop print:
-135
-55.73
69.26
-34.46
4.14
loop print:
-125
-55.01
68.61
-34.62
4.14
loop print:
-115
-56.59
69.25
-34.88
4.14
loop print:
-105
-56.04
69.32
-34.75
4.14
loop print:
-95
-52.75
69.09
-34.81
4.14
loop print:
-85
-52.61
68.73
-34.41
4.15
loop print:
-75
-53.55
68.95
-34.54
4.15
loop print:
-65
-52.65
69.08
-34.48
4.15
loop print:
-55
-50.56
68.85
-34.32
4.15
loop print:
-45
-51.15
68.68
-34.39
4.15
loop print:
-35
-51.11
68.73
-34.75
4.15
loop print:
-25
-49.97
68.30
-34.53
4.16
loop print:
-15
-49.01
68.28
-34.63
4.16
loop print:
-5
-48.66
68.33
-34.75
4.16
loop print:
5
-48.04
68.42
-35.04
4.16
loop print:
15
-47.63
68.41
-35.12
4.16
loop print:
25
-47.38
68.05
-35.56
4.16
loop print:
35
-46.66
68.38
-35.95
4.16
loop print:
45
-44.12
68.49
-35.76
4.15
loop print:
55
-44.20
68.63
-36.04
4.15
loop print:
65
-44.30
68.40
-36.15
4.15
loop print:
75
-44.45
68.28
-36.00
4.15
loop print:
85
-41.88
68.23
-35.92
4.15
loop print:
95
-41.94
68.26
-36.29
4.15
loop print:
105
-43.69
68.43
-37.20
4.14
loop print:
115
-41.54
68.53
-36.54
4.14
loop print:
125
-39.99
68.26
-36.51
4.14
loop print:
135
-39.28
68.63
-36.94
4.13
loop print:
145
-40.47
68.64
-37.41
4.13
loop print:
155
-39.68
68.54
-37.96
4.13
loop print:
165
-37.31
68.42
-37.63
4.13
loop print:
175
-37.66
68.34
-37.25
4.13
loop print:
185
-38.38
68.31
-38.94
4.13
loop print:
195
-38.01
68.39
-39.16
4.12
loop print:
205
-37.07
68.44
-38.98
4.12
loop print:
215
-36.07
68.17
-39.00
4.12
loop print:
225
-34.55
68.57
-38.97
4.11
loop print:
235
-34.42
68.64
-39.36
4.11
loop print:
245
-34.31
68.61
-39.92
4.11
loop print:
255
-33.29
68.76
-39.59
4.10