loop print:
-255
-59.79
68.97
-34.18
3.60
loop print:
-245
-60.78
69.15
-34.10
3.60
loop print:
-235
-60.15
69.10
-33.99
3.61
loop print:
-225
-59.50
68.90
-34.04
3.61
loop print:
-215
-59.22
68.86
-33.88
3.61
loop print:
-205
-58.23
69.27
-34.28
3.62
loop print:
-195
-58.05
69.15
-33.62
3.62
loop print:
-185
-57.20
69.01
-33.54
3.62
loop print:
-175
-57.66
69.11
-33.52
3.62
loop print:
-165
-56.78
68.76
-33.37
3.63
loop print:
-155
-56.11
68.89
-33.53
3.63
loop print:
-145
-55.71
68.66
-32.66
3.64
loop print:
-135
-54.24
69.10
-32.89
3.63
loop print:
-125
-54.60
68.57
-33.07
3.64
loop print:
-115
-53.84
68.43
-33.63
3.64
loop print:
-105
-53.24
68.36
-33.67
3.65
loop print:
-95
-52.73
67.98
-33.57
3.65
loop print:
-85
-52.04
68.36
-34.05
3.65
loop print:
-75
-52.14
67.92
-34.16
3.65
loop print:
-65
-51.60
67.83
-34.06
3.65
loop print:
-55
-50.31
68.05
-34.14
3.66
loop print:
-45
-50.31
67.98
-34.39
3.66
loop print:
-35
-49.93
68.01
-34.72
3.65
loop print:
-25
-49.18
67.91
-34.31
3.66
loop print:
-15
-48.65
67.65
-33.90
3.66
loop print:
-5
-47.98
67.56
-34.33
3.66
loop print:
5
-47.64
67.72
-34.14
3.66
loop print:
15
-47.02
67.87
-34.60
3.66
loop print:
25
-46.63
67.66
-34.95
3.66
loop print:
35
-46.43
67.55
-34.91
3.66
loop print:
45
-45.56
67.65
-35.10
3.66
loop print:
55
-44.53
67.59
-34.75
3.66
loop print:
65
-44.53
67.85
-35.57
3.65
loop print:
75
-43.98
67.64
-35.67
3.65
loop print:
85
-42.74
67.96
-35.09
3.65
loop print:
95
-43.26
67.89
-35.96
3.65
loop print:
105
-43.02
68.02
-36.07
3.65
loop print:
115
-41.58
68.15
-36.04
3.64
loop print:
125
-43.00
68.19
-36.71
3.64
loop print:
135
-40.29
68.08
-36.76
3.64
loop print:
145
-40.58
67.85
-37.04
3.63
loop print:
155
-39.95
67.91
-37.26
3.63
loop print:
165
-39.53
68.15
-37.13
3.63
loop print:
175
-39.10
67.82
-37.26
3.63
loop print:
185
-39.09
68.11
-37.49
3.63
loop print:
195
-37.78
68.07
-37.65
3.62
loop print:
205
-37.21
68.00
-38.27
3.62
loop print:
215
-37.75
68.32
-38.29
3.62
loop print:
225
-36.55
68.26
-38.39
3.62
loop print:
235
-36.31
68.34
-38.75
3.61
loop print:
245
-35.54
68.09
-38.42
3.61
loop print:
255
-35.19
68.14
-39.28
3.60