loop print:
-255
-61.82
69.93
-35.88
4.20
loop print:
-245
-62.80
70.13
-35.15
4.20
loop print:
-235
-61.91
69.79
-34.92
4.21
loop print:
-225
-62.07
69.80
-34.79
4.21
loop print:
-215
-60.58
69.99
-35.37
4.22
loop print:
-205
-59.55
69.85
-35.37
4.22
loop print:
-195
-60.16
69.80
-35.34
4.22
loop print:
-185
-59.08
69.96
-35.26
4.23
loop print:
-175
-57.46
69.95
-35.60
4.23
loop print:
-165
-56.92
69.60
-35.07
4.23
loop print:
-155
-58.31
69.51
-34.98
4.23
loop print:
-145
-57.73
70.06
-34.72
4.23
loop print:
-135
-55.37
70.11
-34.45
4.24
loop print:
-125
-54.01
69.74
-34.31
4.24
loop print:
-115
-53.82
69.77
-33.95
4.24
loop print:
-105
-54.86
69.63
-34.08
4.24
loop print:
-95
-54.87
69.92
-33.85
4.25
loop print:
-85
-54.43
69.66
-34.04
4.25
loop print:
-75
-53.34
69.48
-34.07
4.25
loop print:
-65
-50.72
69.44
-34.33
4.25
loop print:
-55
-51.37
69.40
-34.28
4.25
loop print:
-45
-51.49
69.39
-34.38
4.26
loop print:
-35
-50.89
69.26
-35.12
4.26
loop print:
-25
-50.01
69.28
-34.83
4.26
loop print:
-15
-49.02
69.15
-34.42
4.26
loop print:
-5
-48.15
69.41
-34.34
4.26
loop print:
5
-47.57
69.10
-34.72
4.26
loop print:
15
-46.95
69.35
-34.88
4.26
loop print:
25
-46.33
69.30
-35.08
4.26
loop print:
35
-45.39
69.33
-35.37
4.26
loop print:
45
-45.10
69.55
-35.59
4.26
loop print:
55
-45.71
69.20
-35.51
4.25
loop print:
65
-44.88
69.05
-35.67
4.25
loop print:
75
-42.91
68.89
-35.43
4.25
loop print:
85
-41.65
69.20
-35.34
4.25
loop print:
95
-42.98
69.25
-36.26
4.25
loop print:
105
-43.13
69.30
-36.78
4.24
loop print:
115
-42.01
69.22
-36.88
4.24
loop print:
125
-39.13
69.17
-36.47
4.24
loop print:
135
-38.90
69.47
-36.73
4.24
loop print:
145
-40.32
69.30
-37.32
4.24
loop print:
155
-40.11
68.98
-37.83
4.23
loop print:
165
-39.31
69.09
-38.18
4.23
loop print:
175
-37.58
69.19
-37.63
4.23
loop print:
185
-35.81
69.29
-37.66
4.23
loop print:
195
-36.69
69.46
-38.35
4.22
loop print:
205
-36.61
69.50
-38.68
4.22
loop print:
215
-36.31
69.47
-38.81
4.22
loop print:
225
-34.83
69.41
-38.94
4.22
loop print:
235
-33.66
69.53
-38.93
4.21
loop print:
245
-33.62
69.60
-39.55
4.21
loop print:
255
-33.08
69.47
-40.18
4.20