loop print:
-255
-43.84
61.09
-50.27
3.89
loop print:
-245
-43.49
61.11
-51.11
3.90
loop print:
-235
-43.79
61.26
-50.39
3.91
loop print:
-225
-44.04
61.73
-49.70
3.91
loop print:
-215
-44.35
61.32
-48.56
3.91
loop print:
-205
-44.52
61.59
-47.68
3.91
loop print:
-195
-44.73
61.70
-47.18
3.92
loop print:
-185
-44.53
62.54
-45.68
3.92
loop print:
-175
-44.71
63.17
-45.17
3.93
loop print:
-165
-44.69
64.03
-44.90
3.93
loop print:
-155
-45.32
64.54
-45.30
3.93
loop print:
-145
-45.87
64.75
-45.02
3.93
loop print:
-135
-46.43
65.06
-44.29
3.94
loop print:
-125
-46.28
64.93
-43.37
3.94
loop print:
-115
-46.41
64.26
-42.29
3.94
loop print:
-105
-46.13
64.43
-40.57
3.95
loop print:
-95
-46.36
65.38
-39.89
3.95
loop print:
-85
-46.85
66.56
-40.32
3.95
loop print:
-75
-47.71
66.36
-39.38
3.95
loop print:
-65
-47.73
66.04
-38.56
3.95
loop print:
-55
-47.60
66.70
-37.54
3.95
loop print:
-45
-47.85
67.53
-36.99
3.95
loop print:
-35
-48.05
68.09
-36.48
3.95
loop print:
-25
-48.55
68.54
-36.50
3.96
loop print:
-15
-48.60
68.82
-35.60
3.96
loop print:
-5
-48.96
68.98
-34.89
3.96
loop print:
5
-49.25
69.35
-34.62
3.96
loop print:
15
-49.34
69.81
-33.41
3.96
loop print:
25
-49.27
70.23
-32.89
3.95
loop print:
35
-49.80
70.60
-32.60
3.95
loop print:
45
-50.18
71.11
-32.46
3.95
loop print:
55
-50.57
70.44
-31.49
3.95
loop print:
65
-49.94
71.76
-30.87
3.95
loop print:
75
-50.82
72.77
-31.39
3.95
loop print:
85
-51.58
72.62
-30.59
3.95
loop print:
95
-51.30
72.18
-29.41
3.95
loop print:
105
-51.19
72.01
-28.62
3.94
loop print:
115
-51.11
72.80
-28.16
3.94
loop print:
125
-51.37
73.57
-27.94
3.94
loop print:
135
-51.27
74.37
-28.09
3.94
loop print:
145
-51.50
74.92
-27.74
3.93
loop print:
155
-51.89
75.75
-27.77
3.93
loop print:
165
-52.47
76.58
-27.19
3.93
loop print:
175
-52.63
77.32
-27.06
3.93
loop print:
185
-52.88
77.67
-26.65
3.92
loop print:
195
-53.59
78.22
-26.31
3.92
loop print:
205
-53.86
77.42
-25.55
3.92
loop print:
215
-54.07
77.52
-24.84
3.91
loop print:
225
-53.70
78.16
-24.34
3.91
loop print:
235
-53.89
78.73
-24.57
3.90
loop print:
245
-54.55
79.22
-23.92
3.90
loop print:
255
-54.55
79.82
-23.74
3.89