---START---
-255.00, 55.67, 72.09, -42.51, -7.07, 115.05, -9.40, 3.96, 
-254.00, 45.97, 79.75, -34.48, -7.06, 114.81, -9.42, 3.95, 
-253.00, 46.07, 79.90, -34.73, -7.05, 114.57, -9.43, 3.95, 
-252.00, 46.23, 79.68, -34.49, -7.05, 114.33, -9.45, 3.95, 
-251.00, 46.29, 79.44, -34.63, -7.04, 114.08, -9.46, 3.95, 
-250.00, 46.13, 79.16, -34.78, -7.03, 113.84, -9.48, 3.95, 
-249.00, 46.23, 78.90, -34.60, -7.02, 113.60, -9.49, 3.95, 
-248.00, 46.37, 78.76, -34.00, -7.02, 113.36, -9.51, 3.95, 
-247.00, 46.45, 78.08, -34.33, -7.01, 113.11, -9.53, 3.95, 
-246.00, 46.41, 77.68, -34.66, -7.00, 112.87, -9.54, 3.95, 
-245.00, 46.44, 77.41, -34.63, -6.99, 112.63, -9.56, 3.95, 
-244.00, 46.33, 77.67, -34.44, -6.99, 112.38, -9.57, 3.95, 
-243.00, 46.12, 77.01, -34.24, -6.98, 112.14, -9.59, 3.95, 
-242.00, 46.43, 76.74, -34.01, -6.97, 111.90, -9.61, 3.95, 
-241.00, 46.08, 76.53, -34.50, -6.96, 111.65, -9.62, 3.94, 
-240.00, 46.24, 76.48, -34.31, -6.96, 111.41, -9.64, 3.95, 
-239.00, 46.45, 76.30, -34.52, -6.95, 111.17, -9.65, 3.95, 
-238.00, 46.37, 76.44, -34.31, -6.94, 110.92, -9.67, 3.95, 
-237.00, 46.69, 75.72, -34.30, -6.93, 110.68, -9.69, 3.95, 
-236.00, 46.52, 75.44, -34.20, -6.93, 110.43, -9.70, 3.95, 
-235.00, 46.21, 75.33, -33.95, -6.92, 110.19, -9.72, 3.95, 
-234.00, 46.29, 75.20, -34.30, -6.91, 109.94, -9.73, 3.95, 
-233.00, 46.51, 74.67, -34.40, -6.90, 109.70, -9.75, 3.95, 
-232.00, 46.61, 75.36, -34.49, -6.90, 109.45, -9.77, 3.95, 
-231.00, 46.64, 74.50, -34.70, -6.89, 109.21, -9.78, 3.95, 
-230.00, 46.35, 74.37, -34.34, -6.88, 108.96, -9.80, 3.96, 
-229.00, 46.31, 73.95, -34.26, -6.87, 108.72, -9.82, 3.95, 
-228.00, 46.46, 73.57, -34.37, -6.87, 108.47, -9.83, 3.95, 
-227.00, 46.72, 74.02, -34.71, -6.86, 108.22, -9.85, 3.96, 
-226.00, 46.41, 73.50, -34.80, -6.85, 107.98, -9.86, 3.96, 
-225.00, 46.61, 73.47, -34.62, -6.84, 107.73, -9.88, 3.95, 
-224.00, 46.66, 73.03, -35.09, -6.84, 107.49, -9.90, 3.96, 
-223.00, 46.69, 72.39, -34.63, -6.83, 107.24, -9.91, 3.96, 
-222.00, 46.76, 73.03, -34.98, -6.82, 106.99, -9.93, 3.96, 
-221.00, 46.54, 72.58, -34.99, -6.81, 106.75, -9.95, 3.96, 
-220.00, 46.56, 72.53, -35.40, -6.81, 106.50, -9.96, 3.95, 
-219.00, 46.67, 72.58, -34.89, -6.80, 106.25, -9.98, 3.96, 
-218.00, 46.72, 71.07, -34.55, -6.79, 106.00, -9.99, 3.96, 
-217.00, 46.40, 70.70, -34.72, -6.78, 105.76, -10.01, 3.96, 
-216.00, 46.50, 70.69, -34.59, -6.77, 105.51, -10.03, 3.96, 
-215.00, 46.88, 69.95, -34.14, -6.77, 105.26, -10.04, 3.96, 
-214.00, 46.65, 71.18, -34.30, -6.76, 105.01, -10.06, 3.95, 
-213.00, 46.62, 70.32, -34.44, -6.75, 104.77, -10.08, 3.95, 
-212.00, 46.56, 69.77, -34.55, -6.74, 104.52, -10.09, 3.96, 
-211.00, 46.77, 70.51, -34.75, -6.74, 104.27, -10.11, 3.96, 
-210.00, 46.54, 69.00, -34.39, -6.73, 104.02, -10.13, 3.96, 
-209.00, 46.73, 69.64, -34.54, -6.72, 103.77, -10.14, 3.96, 
-208.00, 46.43, 69.82, -34.90, -6.71, 103.53, -10.16, 3.95, 
-207.00, 46.41, 68.69, -34.68, -6.71, 103.28, -10.17, 3.96, 
-206.00, 46.31, 69.30, -34.46, -6.70, 103.03, -10.19, 3.96, 
-205.00, 46.51, 68.68, -34.24, -6.69, 102.78, -10.21, 3.96, 
-204.00, 46.50, 67.85, -34.20, -6.68, 102.53, -10.22, 3.96, 
-203.00, 46.12, 68.77, -34.46, -6.67, 102.28, -10.24, 3.96, 
-202.00, 46.58, 68.17, -34.53, -6.67, 102.03, -10.26, 3.95, 
-201.00, 46.71, 68.06, -34.55, -6.66, 101.78, -10.27, 3.96, 
-200.00, 46.62, 67.52, -34.79, -6.65, 101.53, -10.29, 3.96, 
-199.00, 46.71, 66.69, -34.79, -6.64, 101.28, -10.31, 3.97, 
-198.00, 46.73, 67.05, -34.73, -6.63, 101.03, -10.32, 3.95, 
-197.00, 46.67, 67.09, -35.03, -6.63, 100.78, -10.34, 3.96, 
-196.00, 46.56, 66.03, -34.72, -6.62, 100.53, -10.36, 3.96, 
-195.00, 46.49, 66.86, -34.85, -6.61, 100.28, -10.37, 3.97, 
-194.00, 46.77, 65.85, -34.98, -6.60, 100.03, -10.39, 3.97, 
-193.00, 46.57, 66.40, -34.71, -6.60, 99.78, -10.41, 3.96, 
-192.00, 46.87, 65.43, -34.65, -6.59, 99.53, -10.42, 3.97, 
-191.00, 46.88, 65.28, -34.84, -6.58, 99.28, -10.44, 3.97, 
-190.00, 46.62, 66.13, -34.81, -6.57, 99.03, -10.46, 3.95, 
-189.00, 46.53, 64.60, -35.02, -6.56, 98.78, -10.47, 3.97, 
-188.00, 46.66, 64.68, -34.49, -6.56, 98.53, -10.49, 3.97, 
-187.00, 46.72, 64.39, -34.88, -6.55, 98.28, -10.51, 3.95, 
-186.00, 46.61, 63.77, -35.24, -6.54, 98.02, -10.52, 3.96, 
-185.00, 46.36, 64.48, -34.99, -6.53, 97.77, -10.54, 3.97, 
-184.00, 46.22, 63.80, -34.89, -6.52, 97.52, -10.56, 3.97, 
-183.00, 46.33, 63.29, -35.15, -6.52, 97.27, -10.57, 3.96, 
-182.00, 46.50, 63.55, -35.33, -6.51, 97.02, -10.59, 3.96, 
-181.00, 46.52, 62.89, -34.95, -6.50, 96.77, -10.61, 3.97, 
-180.00, 46.81, 64.03, -35.14, -6.49, 96.51, -10.62, 3.97, 
-179.00, 46.71, 63.12, -34.83, -6.48, 96.26, -10.64, 3.97, 
-178.00, 46.66, 61.76, -35.54, -6.48, 96.01, -10.66, 3.96, 
-177.00, 46.94, 62.12, -35.63, -6.47, 95.76, -10.67, 3.96, 
-176.00, 46.81, 61.19, -35.52, -6.46, 95.50, -10.69, 3.97, 
-175.00, 46.88, 61.08, -35.42, -6.45, 95.25, -10.71, 3.97, 
-174.00, 46.85, 62.08, -35.34, -6.44, 95.00, -10.73, 3.97, 
-173.00, 46.48, 61.20, -35.44, -6.44, 94.75, -10.74, 3.97, 
-172.00, 46.43, 62.00, -35.39, -6.43, 94.49, -10.76, 3.96, 
-171.00, 46.79, 60.20, -35.08, -6.42, 94.24, -10.78, 3.96, 
-170.00, 46.66, 59.30, -35.28, -6.41, 93.99, -10.79, 3.97, 
-169.00, 46.85, 60.23, -35.22, -6.40, 93.73, -10.81, 3.97, 
-168.00, 46.77, 59.87, -35.74, -6.39, 93.48, -10.83, 3.97, 
-167.00, 46.78, 60.58, -35.29, -6.39, 93.23, -10.84, 3.96, 
-166.00, 46.58, 60.60, -35.19, -6.38, 92.97, -10.86, 3.96, 
-165.00, 46.66, 58.96, -35.05, -6.37, 92.72, -10.88, 3.97, 
-164.00, 46.49, 59.81, -35.56, -6.36, 92.47, -10.90, 3.97, 
-163.00, 46.48, 57.94, -35.31, -6.35, 92.21, -10.91, 3.97, 
-162.00, 46.64, 58.65, -35.58, -6.35, 91.96, -10.93, 3.96, 
-161.00, 46.79, 59.68, -35.61, -6.34, 91.70, -10.95, 3.97, 
-160.00, 46.78, 56.81, -35.89, -6.33, 91.45, -10.96, 3.98, 
-159.00, 46.64, 58.20, -35.25, -6.32, 91.19, -10.98, 3.96, 
-158.00, 46.69, 58.48, -34.88, -6.31, 90.94, -11.00, 3.96, 
-157.00, 46.64, 57.76, -35.01, -6.30, 90.69, -11.01, 3.97, 
-156.00, 46.77, 59.09, -35.02, -6.30, 90.43, -11.03, 3.98, 
-155.00, 46.84, 56.42, -35.02, -6.29, 90.18, -11.05, 3.97, 
-154.00, 46.79, 57.77, -35.50, -6.28, 89.92, -11.07, 3.97, 
-153.00, 46.57, 56.68, -35.20, -6.27, 89.67, -11.08, 3.98, 
-152.00, 46.83, 56.33, -35.09, -6.26, 89.41, -11.10, 3.98, 
-151.00, 46.76, 56.60, -35.00, -6.26, 89.16, -11.12, 3.97, 
-150.00, 46.52, 55.82, -35.31, -6.25, 88.90, -11.13, 3.97, 
-149.00, 47.06, 57.84, -35.17, -6.24, 88.64, -11.15, 3.98, 
-148.00, 46.81, 56.23, -34.96, -6.23, 88.39, -11.17, 3.98, 
-147.00, 46.45, 57.04, -35.04, -6.22, 88.13, -11.19, 3.97, 
-146.00, 46.58, 55.52, -34.98, -6.21, 87.88, -11.20, 3.97, 
-145.00, 46.76, 54.43, -34.85, -6.21, 87.62, -11.22, 3.98, 
-144.00, 46.57, 56.56, -34.83, -6.20, 87.37, -11.24, 3.98, 
-143.00, 46.92, 54.55, -34.54, -6.19, 87.11, -11.26, 3.97, 
-142.00, 46.47, 56.03, -35.11, -6.18, 86.85, -11.27, 3.97, 
-141.00, 46.79, 54.69, -35.52, -6.17, 86.60, -11.29, 3.98, 
-140.00, 46.78, 53.81, -35.80, -6.16, 86.34, -11.31, 3.97, 
-139.00, 46.73, 54.29, -35.81, -6.16, 86.08, -11.32, 3.97, 
-138.00, 46.95, 53.10, -35.48, -6.15, 85.83, -11.34, 3.98, 
-137.00, 47.22, 54.93, -35.31, -6.14, 85.57, -11.36, 3.98, 
-136.00, 47.12, 53.23, -34.66, -6.13, 85.31, -11.38, 3.97, 
-135.00, 46.89, 52.94, -34.97, -6.12, 85.06, -11.39, 3.97, 
-134.00, 46.90, 52.58, -34.46, -6.11, 84.80, -11.41, 3.98, 
-133.00, 46.84, 51.94, -34.85, -6.11, 84.54, -11.43, 3.97, 
-132.00, 46.92, 54.04, -34.95, -6.10, 84.29, -11.45, 3.97, 
-131.00, 47.14, 52.32, -34.85, -6.09, 84.03, -11.46, 3.98, 
-130.00, 46.87, 52.80, -35.55, -6.08, 83.77, -11.48, 3.97, 
-129.00, 46.76, 51.40, -35.64, -6.07, 83.51, -11.50, 3.97, 
-128.00, 46.83, 50.47, -35.89, -6.06, 83.26, -11.52, 3.98, 
-127.00, 46.75, 52.17, -36.33, -6.06, 83.00, -11.53, 3.97, 
-126.00, 46.39, 50.16, -36.63, -6.05, 82.74, -11.55, 3.97, 
-125.00, 46.59, 50.66, -36.57, -6.04, 82.48, -11.57, 3.98, 
-124.00, 46.83, 50.87, -35.97, -6.03, 82.23, -11.59, 3.97, 
-123.00, 46.96, 50.28, -35.65, -6.02, 81.97, -11.60, 3.98, 
-122.00, 46.62, 51.23, -36.33, -6.01, 81.71, -11.62, 3.97, 
-121.00, 46.69, 48.85, -36.17, -6.01, 81.45, -11.64, 3.97, 
-120.00, 46.47, 50.55, -36.63, -6.00, 81.19, -11.66, 3.98, 
-119.00, 46.66, 48.20, -36.10, -5.99, 80.94, -11.67, 3.98, 
-118.00, 46.56, 48.42, -36.41, -5.98, 80.68, -11.69, 3.98, 
-117.00, 46.94, 48.66, -35.96, -5.97, 80.42, -11.71, 3.98, 
-116.00, 46.97, 47.27, -36.54, -5.96, 80.16, -11.73, 3.98, 
-115.00, 47.11, 48.75, -36.38, -5.95, 79.90, -11.74, 3.98, 
-114.00, 47.34, 47.68, -36.23, -5.95, 79.64, -11.76, 3.98, 
-113.00, 47.11, 48.07, -36.05, -5.94, 79.38, -11.78, 3.99, 
-112.00, 47.34, 48.55, -36.10, -5.93, 79.13, -11.80, 3.99, 
-111.00, 47.28, 47.34, -36.24, -5.92, 78.87, -11.82, 3.99, 
-110.00, 47.36, 47.94, -35.98, -5.91, 78.61, -11.83, 3.97, 
-109.00, 47.50, 48.07, -35.45, -5.90, 78.35, -11.85, 3.98, 
-108.00, 47.57, 46.55, -36.50, -5.90, 78.09, -11.87, 3.98, 
-107.00, 47.35, 47.28, -35.85, -5.89, 77.83, -11.89, 3.98, 
-106.00, 47.77, 45.92, -35.94, -5.88, 77.57, -11.90, 3.98, 
-105.00, 47.70, 45.22, -35.98, -5.87, 77.31, -11.92, 3.98, 
-104.00, 47.96, 45.76, -36.14, -5.86, 77.05, -11.94, 3.98, 
-103.00, 47.63, 44.48, -36.11, -5.85, 76.79, -11.96, 3.98, 
-102.00, 47.97, 44.77, -36.39, -5.84, 76.53, -11.98, 3.98, 
-101.00, 47.75, 45.59, -35.97, -5.84, 76.27, -11.99, 3.99, 
-100.00, 47.65, 44.84, -36.13, -5.83, 76.01, -12.01, 3.99, 
-99.00, 47.69, 45.60, -36.25, -5.82, 75.75, -12.03, 3.98, 
-98.00, 47.95, 44.45, -36.11, -5.81, 75.49, -12.05, 3.98, 
-97.00, 47.48, 43.71, -36.01, -5.80, 75.23, -12.06, 3.98, 
-96.00, 47.51, 43.29, -35.99, -5.79, 74.97, -12.08, 3.98, 
-95.00, 47.83, 42.21, -36.26, -5.78, 74.71, -12.10, 3.98, 
-94.00, 48.03, 43.53, -36.80, -5.78, 74.45, -12.12, 3.98, 
-93.00, 47.89, 43.31, -36.58, -5.77, 74.19, -12.14, 3.99, 
-92.00, 47.73, 42.99, -36.51, -5.76, 73.93, -12.15, 3.98, 
-91.00, 47.93, 43.80, -36.36, -5.75, 73.67, -12.17, 3.98, 
-90.00, 47.75, 40.91, -36.59, -5.74, 73.41, -12.19, 3.98, 
-89.00, 47.76, 43.03, -36.79, -5.73, 73.15, -12.21, 3.98, 
-88.00, 48.04, 41.78, -36.26, -5.72, 72.89, -12.23, 3.99, 
-87.00, 47.70, 40.63, -36.41, -5.72, 72.63, -12.24, 3.99, 
-86.00, 47.59, 41.96, -36.57, -5.71, 72.37, -12.26, 3.98, 
-85.00, 47.38, 40.61, -36.10, -5.70, 72.11, -12.28, 3.98, 
-84.00, 47.82, 41.20, -36.49, -5.69, 71.85, -12.30, 3.98, 
-83.00, 47.64, 42.01, -36.69, -5.68, 71.59, -12.32, 3.98, 
-82.00, 47.84, 40.18, -36.68, -5.67, 71.33, -12.33, 3.98, 
-81.00, 47.69, 40.89, -36.69, -5.66, 71.06, -12.35, 3.99, 
-80.00, 47.76, 39.73, -36.67, -5.66, 70.80, -12.37, 3.98, 
-79.00, 47.71, 39.60, -36.41, -5.65, 70.54, -12.39, 3.98, 
-78.00, 47.58, 40.45, -36.43, -5.64, 70.28, -12.41, 3.98, 
-77.00, 48.06, 39.23, -36.60, -5.63, 70.02, -12.42, 3.98, 
-76.00, 47.97, 40.49, -36.65, -5.62, 69.76, -12.44, 3.98, 
-75.00, 48.00, 40.08, -36.57, -5.61, 69.50, -12.46, 3.99, 
-74.00, 47.93, 37.95, -36.38, -5.60, 69.23, -12.48, 3.98, 
-73.00, 47.56, 38.98, -36.56, -5.59, 68.97, -12.50, 3.98, 
-72.00, 47.52, 37.61, -36.78, -5.59, 68.71, -12.51, 3.98, 
-71.00, 47.54, 37.69, -37.09, -5.58, 68.45, -12.53, 3.98, 
-70.00, 47.54, 38.56, -36.63, -5.57, 68.19, -12.55, 3.98, 
-69.00, 47.98, 37.61, -36.59, -5.56, 67.93, -12.57, 3.99, 
-68.00, 47.78, 37.80, -36.70, -5.55, 67.66, -12.59, 3.98, 
-67.00, 47.92, 36.49, -36.70, -5.54, 67.40, -12.61, 3.98, 
-66.00, 47.62, 36.26, -36.63, -5.53, 67.14, -12.62, 3.98, 
-65.00, 47.69, 36.08, -36.61, -5.53, 66.88, -12.64, 3.98, 
-64.00, 47.29, 34.82, -36.63, -5.52, 66.62, -12.66, 3.99, 
-63.00, 47.46, 36.10, -37.06, -5.51, 66.35, -12.68, 3.98, 
-62.00, 47.80, 36.80, -36.62, -5.50, 66.09, -12.70, 3.98, 
-61.00, 47.92, 35.19, -36.97, -5.49, 65.83, -12.72, 3.98, 
-60.00, 47.61, 35.24, -37.02, -5.48, 65.57, -12.73, 3.98, 
-59.00, 47.80, 34.86, -37.13, -5.47, 65.30, -12.75, 3.99, 
-58.00, 47.87, 34.63, -37.23, -5.46, 65.04, -12.77, 3.98, 
-57.00, 47.96, 35.27, -36.97, -5.46, 64.78, -12.79, 3.99, 
-56.00, 48.00, 34.45, -37.38, -5.45, 64.52, -12.81, 3.98, 
-55.00, 47.69, 34.22, -37.31, -5.44, 64.25, -12.83, 3.99, 
-54.00, 47.70, 33.12, -37.16, -5.43, 63.99, -12.84, 3.99, 
-53.00, 47.90, 32.80, -37.11, -5.42, 63.73, -12.86, 3.98, 
-52.00, 47.45, 33.84, -37.31, -5.41, 63.47, -12.88, 3.99, 
-51.00, 47.44, 33.22, -37.04, -5.40, 63.20, -12.90, 3.99, 
-50.00, 47.61, 32.80, -37.09, -5.39, 62.94, -12.92, 3.99, 
-49.00, 47.36, 32.65, -37.56, -5.39, 62.68, -12.94, 3.99, 
-48.00, 47.43, 31.26, -37.40, -5.38, 62.42, -12.95, 3.99, 
-47.00, 47.43, 32.37, -36.98, -5.37, 62.15, -12.97, 3.99, 
-46.00, 47.34, 31.98, -37.68, -5.36, 61.89, -12.99, 3.99, 
-45.00, 47.60, 31.63, -38.32, -5.35, 61.63, -13.01, 3.99, 
-44.00, 47.84, 31.70, -37.32, -5.34, 61.36, -13.03, 3.99, 
-43.00, 47.62, 30.54, -37.75, -5.33, 61.10, -13.05, 3.99, 
-42.00, 47.51, 31.41, -37.33, -5.32, 60.84, -13.07, 3.99, 
-41.00, 47.46, 31.53, -37.07, -5.32, 60.57, -13.08, 3.99, 
-40.00, 47.59, 30.12, -37.26, -5.31, 60.31, -13.10, 3.99, 
-39.00, 47.61, 29.73, -37.57, -5.30, 60.05, -13.12, 3.99, 
-38.00, 47.62, 29.86, -37.72, -5.29, 59.78, -13.14, 3.99, 
-37.00, 47.72, 29.44, -37.83, -5.28, 59.52, -13.16, 3.99, 
-36.00, 47.61, 29.96, -37.97, -5.27, 59.26, -13.18, 3.99, 
-35.00, 47.40, 28.75, -37.48, -5.26, 58.99, -13.20, 3.99, 
-34.00, 47.33, 29.35, -37.54, -5.25, 58.73, -13.21, 3.99, 
-33.00, 47.52, 28.77, -37.87, -5.25, 58.47, -13.23, 3.99, 
-32.00, 47.34, 27.26, -37.81, -5.24, 58.20, -13.25, 3.99, 
-31.00, 47.81, 28.20, -37.34, -5.23, 57.94, -13.27, 3.99, 
-30.00, 47.33, 27.91, -37.78, -5.22, 57.68, -13.29, 3.99, 
-29.00, 47.43, 27.63, -38.08, -5.21, 57.41, -13.31, 3.99, 
-28.00, 47.49, 28.10, -37.82, -5.20, 57.15, -13.33, 3.99, 
-27.00, 47.79, 26.95, -37.59, -5.19, 56.88, -13.35, 3.99, 
-26.00, 47.76, 26.82, -37.62, -5.18, 56.62, -13.36, 3.99, 
-25.00, 48.00, 26.94, -37.65, -5.18, 56.36, -13.38, 3.99, 
-24.00, 47.88, 26.88, -37.81, -5.17, 56.09, -13.40, 3.99, 
-23.00, 47.84, 26.73, -38.00, -5.16, 55.83, -13.42, 3.99, 
-22.00, 47.64, 26.29, -37.58, -5.15, 55.57, -13.44, 3.99, 
-21.00, 47.92, 25.87, -37.85, -5.14, 55.30, -13.46, 3.99, 
-20.00, 47.90, 26.29, -37.84, -5.13, 55.04, -13.48, 3.99, 
-19.00, 48.06, 25.63, -38.35, -5.12, 54.77, -13.50, 3.99, 
-18.00, 47.91, 25.21, -38.16, -5.11, 54.51, -13.51, 3.99, 
-17.00, 48.03, 24.85, -37.97, -5.10, 54.25, -13.53, 3.99, 
-16.00, 47.78, 24.82, -37.27, -5.10, 53.98, -13.55, 3.99, 
-15.00, 47.64, 25.15, -37.95, -5.09, 53.72, -13.57, 3.99, 
-14.00, 48.07, 24.18, -37.97, -5.08, 53.45, -13.59, 3.99, 
-13.00, 47.85, 24.06, -38.32, -5.07, 53.19, -13.61, 3.99, 
-12.00, 48.19, 24.26, -38.50, -5.06, 52.92, -13.63, 3.99, 
-11.00, 47.87, 23.76, -38.66, -5.05, 52.66, -13.65, 3.99, 
-10.00, 47.60, 23.63, -38.58, -5.04, 52.40, -13.67, 3.99, 
-9.00, 47.92, 22.99, -38.18, -5.03, 52.13, -13.68, 3.99, 
-8.00, 47.91, 22.88, -38.34, -5.03, 51.87, -13.70, 3.99, 
-7.00, 48.19, 22.44, -38.23, -5.02, 51.60, -13.72, 3.99, 
-6.00, 48.10, 22.23, -37.83, -5.01, 51.34, -13.74, 3.99, 
-5.00, 48.03, 22.09, -38.36, -5.00, 51.07, -13.76, 3.99, 
-4.00, 47.87, 22.08, -38.15, -4.99, 50.81, -13.78, 3.99, 
-3.00, 47.74, 21.65, -37.98, -4.98, 50.55, -13.80, 3.99, 
-2.00, 47.64, 21.43, -38.05, -4.97, 50.28, -13.82, 3.99, 
-1.00, 47.88, 21.19, -38.48, -4.96, 50.02, -13.84, 3.99, 
0.00, 48.09, 21.02, -38.25, -4.95, 49.75, -13.86, 3.99, 
1.00, 47.83, 20.72, -37.95, -4.95, 49.49, -13.87, 3.99, 
2.00, 47.96, 20.58, -38.32, -4.94, 49.22, -13.89, 3.99, 
3.00, 48.29, 20.04, -38.59, -4.93, 48.96, -13.91, 3.99, 
4.00, 47.85, 20.12, -38.37, -4.92, 48.69, -13.93, 3.99, 
5.00, 47.86, 19.64, -38.42, -4.91, 48.43, -13.95, 3.99, 
6.00, 47.94, 19.35, -38.29, -4.90, 48.16, -13.97, 3.99, 
7.00, 48.16, 19.58, -38.67, -4.89, 47.90, -13.99, 3.99, 
8.00, 47.65, 19.13, -38.59, -4.88, 47.63, -14.01, 3.99, 
9.00, 47.91, 18.84, -38.67, -4.88, 47.37, -14.03, 3.99, 
10.00, 48.17, 18.80, -38.24, -4.87, 47.11, -14.05, 3.99, 
11.00, 47.93, 17.99, -38.02, -4.86, 46.84, -14.07, 3.99, 
12.00, 48.16, 18.14, -37.92, -4.85, 46.58, -14.09, 3.99, 
13.00, 48.22, 18.00, -38.09, -4.84, 46.31, -14.10, 3.99, 
14.00, 47.81, 17.66, -38.03, -4.83, 46.05, -14.12, 3.99, 
15.00, 47.61, 17.20, -38.12, -4.82, 45.78, -14.14, 3.99, 
16.00, 47.94, 17.24, -38.03, -4.81, 45.52, -14.16, 3.99, 
17.00, 47.75, 17.09, -38.46, -4.80, 45.25, -14.18, 3.99, 
18.00, 47.80, 16.69, -38.09, -4.80, 44.99, -14.20, 3.99, 
19.00, 47.64, 16.43, -38.13, -4.79, 44.72, -14.22, 3.99, 
20.00, 47.87, 16.54, -37.84, -4.78, 44.46, -14.24, 3.99, 
21.00, 47.85, 16.01, -37.14, -4.77, 44.19, -14.26, 3.99, 
22.00, 48.01, 15.95, -38.24, -4.76, 43.93, -14.28, 3.99, 
23.00, 48.16, 15.43, -38.25, -4.75, 43.66, -14.30, 3.99, 
24.00, 47.93, 14.88, -38.09, -4.74, 43.40, -14.32, 3.99, 
25.00, 47.89, 15.12, -38.28, -4.73, 43.13, -14.34, 3.99, 
26.00, 47.97, 14.74, -38.04, -4.72, 42.87, -14.36, 3.99, 
27.00, 48.09, 14.71, -38.41, -4.72, 42.60, -14.37, 3.99, 
28.00, 48.12, 14.56, -38.69, -4.71, 42.34, -14.39, 3.99, 
29.00, 48.06, 14.27, -38.24, -4.70, 42.07, -14.41, 3.99, 
30.00, 47.90, 14.10, -38.38, -4.69, 41.81, -14.43, 3.99, 
31.00, 48.14, 13.60, -38.12, -4.68, 41.54, -14.45, 3.99, 
32.00, 48.18, 14.11, -38.15, -4.67, 41.28, -14.47, 3.99, 
33.00, 48.29, 13.15, -37.49, -4.66, 41.02, -14.49, 3.99, 
34.00, 48.23, 13.11, -38.15, -4.65, 40.75, -14.51, 3.99, 
35.00, 48.29, 12.51, -37.85, -4.65, 40.49, -14.53, 3.99, 
36.00, 48.38, 12.41, -38.27, -4.64, 40.22, -14.55, 3.99, 
37.00, 48.13, 12.20, -38.24, -4.63, 39.96, -14.57, 3.99, 
38.00, 48.51, 12.11, -38.40, -4.62, 39.69, -14.59, 3.99, 
39.00, 48.30, 11.79, -38.69, -4.61, 39.43, -14.61, 3.99, 
40.00, 48.41, 11.84, -38.23, -4.60, 39.16, -14.63, 3.99, 
41.00, 48.41, 11.02, -38.70, -4.59, 38.90, -14.65, 3.99, 
42.00, 48.57, 11.43, -38.33, -4.58, 38.63, -14.67, 3.99, 
43.00, 48.51, 9.97, -38.68, -4.57, 38.37, -14.69, 3.99, 
44.00, 48.71, 11.24, -39.11, -4.57, 38.10, -14.71, 3.99, 
45.00, 48.40, 9.80, -39.30, -4.56, 37.84, -14.73, 3.99, 
46.00, 48.49, 10.18, -39.12, -4.55, 37.57, -14.74, 3.99, 
47.00, 48.67, 10.43, -38.89, -4.54, 37.31, -14.76, 3.99, 
48.00, 48.32, 8.91, -38.81, -4.53, 37.04, -14.78, 3.99, 
49.00, 48.49, 9.92, -38.64, -4.52, 36.78, -14.80, 3.99, 
50.00, 48.55, 8.61, -38.92, -4.51, 36.51, -14.82, 3.99, 
51.00, 48.63, 8.84, -39.11, -4.50, 36.25, -14.84, 3.98, 
52.00, 48.42, 9.25, -39.14, -4.50, 35.98, -14.86, 3.99, 
53.00, 48.60, 7.79, -39.00, -4.49, 35.72, -14.88, 3.99, 
54.00, 48.84, 9.04, -38.49, -4.48, 35.45, -14.90, 3.99, 
55.00, 48.55, 7.38, -38.62, -4.47, 35.19, -14.92, 3.98, 
56.00, 48.35, 7.68, -38.88, -4.46, 34.92, -14.94, 3.99, 
57.00, 48.87, 7.82, -39.13, -4.45, 34.66, -14.96, 3.99, 
58.00, 48.51, 6.31, -38.98, -4.44, 34.39, -14.98, 3.98, 
59.00, 48.53, 7.73, -38.92, -4.43, 34.13, -15.00, 3.99, 
60.00, 48.79, 6.15, -38.62, -4.42, 33.87, -15.02, 3.98, 
61.00, 48.67, 6.97, -39.03, -4.42, 33.60, -15.04, 3.98, 
62.00, 48.44, 6.02, -39.28, -4.41, 33.34, -15.06, 3.98, 
63.00, 48.92, 5.76, -38.91, -4.40, 33.07, -15.08, 3.98, 
64.00, 48.76, 6.28, -39.28, -4.39, 32.81, -15.10, 3.98, 
65.00, 48.58, 5.31, -38.80, -4.38, 32.54, -15.12, 3.98, 
66.00, 48.35, 5.18, -39.17, -4.37, 32.28, -15.14, 3.98, 
67.00, 48.71, 5.26, -39.12, -4.36, 32.01, -15.16, 3.98, 
68.00, 48.64, 4.37, -39.28, -4.35, 31.75, -15.18, 3.99, 
69.00, 48.85, 4.95, -39.24, -4.35, 31.48, -15.20, 3.98, 
70.00, 48.79, 3.77, -38.90, -4.34, 31.22, -15.22, 3.98, 
71.00, 48.69, 3.67, -38.97, -4.33, 30.95, -15.24, 3.99, 
72.00, 48.71, 4.32, -38.97, -4.32, 30.69, -15.26, 3.98, 
73.00, 48.46, 2.43, -39.08, -4.31, 30.43, -15.28, 3.98, 
74.00, 48.72, 4.23, -38.90, -4.30, 30.16, -15.30, 3.98, 
75.00, 48.94, 2.16, -39.09, -4.29, 29.90, -15.32, 3.99, 
76.00, 48.98, 3.59, -39.35, -4.28, 29.63, -15.34, 3.98, 
77.00, 48.82, 2.53, -39.37, -4.28, 29.37, -15.36, 3.98, 
78.00, 49.13, 1.47, -39.66, -4.27, 29.10, -15.38, 3.98, 
79.00, 48.97, 3.05, -39.75, -4.26, 28.84, -15.40, 3.99, 
80.00, 49.02, 1.18, -39.26, -4.25, 28.57, -15.42, 3.98, 
81.00, 48.80, 2.57, -39.30, -4.24, 28.31, -15.44, 3.98, 
82.00, 48.95, 0.56, -38.98, -4.23, 28.05, -15.46, 3.98, 
83.00, 48.87, 1.15, -39.33, -4.22, 27.78, -15.48, 3.98, 
84.00, 49.04, -0.00, -39.52, -4.21, 27.52, -15.50, 3.99, 
85.00, 48.84, 0.34, -39.51, -4.21, 27.25, -15.52, 3.98, 
86.00, 48.96, -0.34, -39.34, -4.20, 26.99, -15.54, 3.98, 
87.00, 49.08, -0.49, -39.24, -4.19, 26.72, -15.56, 3.98, 
88.00, 49.23, -0.16, -39.37, -4.18, 26.46, -15.58, 3.98, 
89.00, 49.02, -0.36, -39.68, -4.17, 26.20, -15.60, 3.99, 
90.00, 49.04, -0.41, -39.64, -4.16, 25.93, -15.62, 3.98, 
91.00, 49.10, -0.59, -39.14, -4.15, 25.67, -15.64, 3.98, 
92.00, 49.07, -2.45, -39.30, -4.14, 25.40, -15.66, 3.98, 
93.00, 48.95, -0.08, -38.57, -4.14, 25.14, -15.68, 3.98, 
94.00, 49.00, -2.80, -38.95, -4.13, 24.88, -15.70, 3.99, 
95.00, 48.92, -0.84, -39.43, -4.12, 24.61, -15.72, 3.98, 
96.00, 49.19, -3.15, -39.42, -4.11, 24.35, -15.74, 3.98, 
97.00, 49.22, -1.80, -39.55, -4.10, 24.08, -15.76, 3.98, 
98.00, 49.17, -2.70, -39.38, -4.09, 23.82, -15.78, 3.98, 
99.00, 48.91, -3.04, -39.23, -4.08, 23.56, -15.80, 3.99, 
100.00, 49.08, -2.29, -39.32, -4.07, 23.29, -15.82, 3.98, 
101.00, 49.18, -3.28, -39.49, -4.07, 23.03, -15.84, 3.98, 
102.00, 49.14, -2.37, -39.47, -4.06, 22.77, -15.86, 3.98, 
103.00, 49.09, -3.27, -39.47, -4.05, 22.50, -15.88, 3.98, 
104.00, 49.34, -4.48, -39.43, -4.04, 22.24, -15.90, 3.98, 
105.00, 49.16, -3.75, -39.60, -4.03, 21.97, -15.92, 3.99, 
106.00, 49.35, -4.81, -39.51, -4.02, 21.71, -15.94, 3.99, 
107.00, 49.44, -4.45, -39.51, -4.01, 21.45, -15.96, 3.98, 
108.00, 49.41, -5.12, -39.64, -4.00, 21.18, -15.98, 3.98, 
109.00, 48.86, -5.67, -39.47, -4.00, 20.92, -16.00, 3.98, 
110.00, 49.14, -4.67, -40.07, -3.99, 20.66, -16.02, 3.98, 
111.00, 49.25, -6.88, -39.96, -3.98, 20.39, -16.04, 3.98, 
112.00, 49.09, -4.42, -39.91, -3.97, 20.13, -16.06, 3.99, 
113.00, 49.39, -6.64, -40.25, -3.96, 19.87, -16.08, 3.99, 
114.00, 49.13, -5.19, -40.41, -3.95, 19.60, -16.10, 3.98, 
115.00, 49.34, -6.15, -39.93, -3.94, 19.34, -16.13, 3.98, 
116.00, 49.36, -6.48, -39.59, -3.94, 19.08, -16.15, 3.98, 
117.00, 49.49, -6.33, -39.71, -3.93, 18.81, -16.17, 3.98, 
118.00, 49.47, -8.10, -39.49, -3.92, 18.55, -16.19, 3.98, 
119.00, 49.31, -6.20, -39.75, -3.91, 18.29, -16.21, 3.98, 
120.00, 49.16, -8.42, -39.54, -3.90, 18.03, -16.23, 3.98, 
121.00, 49.21, -7.09, -39.67, -3.89, 17.76, -16.25, 3.98, 
122.00, 49.19, -8.73, -39.73, -3.88, 17.50, -16.27, 3.98, 
123.00, 49.33, -7.58, -39.46, -3.87, 17.24, -16.29, 3.97, 
124.00, 49.25, -8.67, -39.60, -3.87, 16.97, -16.31, 3.97, 
125.00, 49.46, -7.92, -39.51, -3.86, 16.71, -16.33, 3.98, 
126.00, 49.09, -7.80, -39.66, -3.85, 16.45, -16.35, 3.98, 
127.00, 49.30, -9.19, -40.23, -3.84, 16.19, -16.37, 3.98, 
128.00, 49.03, -7.77, -40.27, -3.83, 15.92, -16.39, 3.98, 
129.00, 48.87, -9.46, -40.04, -3.82, 15.66, -16.41, 3.98, 
130.00, 49.25, -9.65, -40.12, -3.81, 15.40, -16.43, 3.98, 
131.00, 49.45, -8.50, -40.39, -3.81, 15.14, -16.45, 3.98, 
132.00, 49.08, -11.57, -40.29, -3.80, 14.87, -16.47, 3.98, 
133.00, 49.10, -10.65, -40.27, -3.79, 14.61, -16.49, 3.98, 
134.00, 49.41, -11.71, -40.46, -3.78, 14.35, -16.52, 3.98, 
135.00, 49.20, -12.51, -40.24, -3.77, 14.09, -16.54, 3.97, 
136.00, 49.20, -10.05, -39.87, -3.76, 13.83, -16.56, 3.98, 
137.00, 49.10, -12.70, -39.94, -3.75, 13.56, -16.58, 3.98, 
138.00, 49.03, -11.10, -39.87, -3.75, 13.30, -16.60, 3.98, 
139.00, 49.34, -12.77, -39.77, -3.74, 13.04, -16.62, 3.98, 
140.00, 49.35, -12.55, -40.23, -3.73, 12.78, -16.64, 3.98, 
141.00, 49.66, -12.43, -39.83, -3.72, 12.52, -16.66, 3.98, 
142.00, 49.42, -13.29, -39.96, -3.71, 12.25, -16.68, 3.97, 
143.00, 49.47, -12.29, -40.26, -3.70, 11.99, -16.70, 3.97, 
144.00, 49.49, -14.31, -40.42, -3.69, 11.73, -16.72, 3.97, 
145.00, 49.43, -13.93, -40.51, -3.69, 11.47, -16.74, 3.97, 
146.00, 49.25, -13.80, -40.42, -3.68, 11.21, -16.76, 3.97, 
147.00, 49.09, -14.76, -39.83, -3.67, 10.95, -16.78, 3.97, 
148.00, 49.01, -13.24, -40.00, -3.66, 10.68, -16.80, 3.97, 
149.00, 49.15, -14.86, -39.82, -3.65, 10.42, -16.83, 3.98, 
150.00, 49.14, -15.21, -40.22, -3.64, 10.16, -16.85, 3.98, 
151.00, 49.11, -14.10, -40.04, -3.63, 9.90, -16.87, 3.98, 
152.00, 49.12, -15.71, -39.80, -3.63, 9.64, -16.89, 3.97, 
153.00, 49.23, -15.12, -40.10, -3.62, 9.38, -16.91, 3.97, 
154.00, 49.24, -15.69, -39.73, -3.61, 9.12, -16.93, 3.97, 
155.00, 49.13, -16.81, -39.84, -3.60, 8.86, -16.95, 3.97, 
156.00, 49.14, -15.90, -39.55, -3.59, 8.59, -16.97, 3.97, 
157.00, 49.63, -17.83, -39.74, -3.58, 8.33, -16.99, 3.98, 
158.00, 49.60, -16.27, -40.17, -3.58, 8.07, -17.01, 3.98, 
159.00, 49.38, -17.60, -40.34, -3.57, 7.81, -17.03, 3.98, 
160.00, 49.27, -17.29, -39.82, -3.56, 7.55, -17.06, 3.96, 
161.00, 49.46, -16.94, -40.20, -3.55, 7.29, -17.08, 3.96, 
162.00, 49.13, -17.71, -40.10, -3.54, 7.03, -17.10, 3.96, 
163.00, 49.60, -16.69, -39.95, -3.53, 6.77, -17.12, 3.96, 
164.00, 49.57, -17.87, -40.14, -3.52, 6.51, -17.14, 3.97, 
165.00, 49.26, -17.71, -39.99, -3.52, 6.25, -17.16, 3.97, 
166.00, 49.36, -16.72, -39.90, -3.51, 5.99, -17.18, 3.97, 
167.00, 49.18, -18.78, -40.18, -3.50, 5.73, -17.20, 3.97, 
168.00, 49.01, -18.38, -40.50, -3.49, 5.47, -17.22, 3.97, 
169.00, 49.08, -20.23, -40.01, -3.48, 5.21, -17.24, 3.96, 
170.00, 49.02, -19.06, -40.17, -3.47, 4.95, -17.26, 3.96, 
171.00, 49.21, -20.37, -40.06, -3.47, 4.69, -17.29, 3.97, 
172.00, 49.11, -20.34, -40.48, -3.46, 4.43, -17.31, 3.97, 
173.00, 49.11, -19.90, -40.12, -3.45, 4.17, -17.33, 3.97, 
174.00, 49.17, -21.30, -40.38, -3.44, 3.91, -17.35, 3.97, 
175.00, 49.49, -19.65, -40.47, -3.43, 3.65, -17.37, 3.96, 
176.00, 49.26, -21.20, -40.44, -3.42, 3.39, -17.39, 3.96, 
177.00, 49.42, -20.38, -40.12, -3.42, 3.13, -17.41, 3.97, 
178.00, 49.36, -20.01, -40.02, -3.41, 2.87, -17.43, 3.97, 
179.00, 49.42, -21.23, -40.37, -3.40, 2.61, -17.45, 3.97, 
180.00, 49.37, -20.26, -40.13, -3.39, 2.35, -17.48, 3.97, 
181.00, 49.07, -22.55, -40.03, -3.38, 2.09, -17.50, 3.97, 
182.00, 49.42, -21.48, -40.21, -3.37, 1.83, -17.52, 3.96, 
183.00, 49.53, -23.08, -40.32, -3.37, 1.57, -17.54, 3.97, 
184.00, 49.21, -22.60, -40.57, -3.36, 1.32, -17.56, 3.97, 
185.00, 49.32, -22.21, -40.38, -3.35, 1.06, -17.58, 3.97, 
186.00, 49.08, -22.89, -41.03, -3.34, 0.80, -17.60, 3.96, 
187.00, 49.53, -22.17, -40.89, -3.33, 0.54, -17.62, 3.97, 
188.00, 49.35, -24.20, -40.68, -3.32, 0.28, -17.65, 3.97, 
189.00, 49.28, -24.18, -40.43, -3.32, 0.02, -17.67, 3.97, 
190.00, 49.59, -23.25, -40.87, -3.31, -0.24, -17.69, 3.96, 
191.00, 49.45, -24.22, -41.22, -3.30, -0.49, -17.71, 3.96, 
192.00, 49.09, -23.92, -41.32, -3.29, -0.75, -17.73, 3.97, 
193.00, 49.20, -23.95, -40.97, -3.28, -1.01, -17.75, 3.97, 
194.00, 49.34, -24.56, -40.99, -3.27, -1.27, -17.77, 3.97, 
195.00, 49.28, -24.81, -40.63, -3.27, -1.53, -17.79, 3.95, 
196.00, 49.28, -26.22, -40.82, -3.26, -1.78, -17.82, 3.96, 
197.00, 49.40, -25.31, -41.07, -3.25, -2.04, -17.84, 3.96, 
198.00, 49.37, -25.52, -40.94, -3.24, -2.30, -17.86, 3.97, 
199.00, 49.35, -25.54, -41.25, -3.23, -2.56, -17.88, 3.97, 
200.00, 49.42, -25.35, -40.77, -3.22, -2.82, -17.90, 3.95, 
201.00, 49.54, -26.34, -41.00, -3.22, -3.07, -17.92, 3.96, 
202.00, 49.54, -26.15, -41.36, -3.21, -3.33, -17.94, 3.96, 
203.00, 49.38, -27.18, -40.95, -3.20, -3.59, -17.96, 3.96, 
204.00, 49.50, -27.42, -40.80, -3.19, -3.84, -17.99, 3.95, 
205.00, 49.56, -27.18, -41.05, -3.18, -4.10, -18.01, 3.96, 
206.00, 49.54, -27.74, -40.94, -3.18, -4.36, -18.03, 3.96, 
207.00, 49.52, -27.06, -40.44, -3.17, -4.62, -18.05, 3.96, 
208.00, 49.39, -27.91, -40.70, -3.16, -4.87, -18.07, 3.95, 
209.00, 49.16, -28.23, -40.91, -3.15, -5.13, -18.09, 3.96, 
210.00, 49.31, -28.20, -40.80, -3.14, -5.39, -18.11, 3.96, 
211.00, 49.13, -28.91, -41.10, -3.14, -5.64, -18.14, 3.96, 
212.00, 49.15, -28.34, -41.25, -3.13, -5.90, -18.16, 3.95, 
213.00, 49.59, -29.31, -41.75, -3.12, -6.16, -18.18, 3.96, 
214.00, 49.63, -28.99, -41.25, -3.11, -6.41, -18.20, 3.96, 
215.00, 49.58, -29.42, -40.98, -3.10, -6.67, -18.22, 3.96, 
216.00, 49.45, -29.45, -40.99, -3.09, -6.92, -18.24, 3.96, 
217.00, 49.42, -29.35, -41.33, -3.09, -7.18, -18.27, 3.95, 
218.00, 49.51, -30.59, -41.30, -3.08, -7.44, -18.29, 3.96, 
219.00, 49.46, -30.19, -41.06, -3.07, -7.69, -18.31, 3.96, 
220.00, 49.75, -30.94, -41.42, -3.06, -7.95, -18.33, 3.96, 
221.00, 49.60, -30.48, -41.35, -3.05, -8.20, -18.35, 3.95, 
222.00, 49.54, -30.61, -41.11, -3.05, -8.46, -18.37, 3.96, 
223.00, 49.49, -31.98, -41.16, -3.04, -8.71, -18.39, 3.96, 
224.00, 49.54, -31.49, -40.87, -3.03, -8.97, -18.42, 3.96, 
225.00, 49.44, -31.64, -40.74, -3.02, -9.22, -18.44, 3.96, 
226.00, 49.42, -31.91, -40.63, -3.01, -9.48, -18.46, 3.95, 
227.00, 49.54, -31.63, -40.96, -3.01, -9.73, -18.48, 3.96, 
228.00, 49.87, -32.23, -40.87, -3.00, -9.99, -18.50, 3.96, 
229.00, 49.59, -32.46, -40.93, -2.99, -10.24, -18.52, 3.96, 
230.00, 49.52, -33.03, -40.89, -2.98, -10.50, -18.55, 3.95, 
231.00, 49.81, -33.07, -41.08, -2.97, -10.75, -18.57, 3.95, 
232.00, 49.64, -33.02, -41.34, -2.97, -11.01, -18.59, 3.96, 
233.00, 49.66, -34.00, -41.46, -2.96, -11.26, -18.61, 3.95, 
234.00, 49.81, -33.38, -40.91, -2.95, -11.52, -18.63, 3.95, 
235.00, 49.93, -34.00, -41.17, -2.94, -11.77, -18.66, 3.95, 
236.00, 49.73, -34.17, -41.72, -2.93, -12.02, -18.68, 3.95, 
237.00, 49.47, -34.48, -41.19, -2.93, -12.28, -18.70, 3.95, 
238.00, 49.83, -34.70, -41.51, -2.92, -12.53, -18.72, 3.95, 
239.00, 49.59, -34.89, -41.37, -2.91, -12.78, -18.74, 3.95, 
240.00, 49.90, -35.08, -41.09, -2.90, -13.04, -18.76, 3.95, 
241.00, 49.67, -35.17, -41.39, -2.90, -13.29, -18.79, 3.94, 
242.00, 49.68, -35.19, -41.44, -2.89, -13.54, -18.81, 3.95, 
243.00, 49.73, -35.96, -41.53, -2.88, -13.80, -18.83, 3.95, 
244.00, 50.03, -36.14, -41.22, -2.87, -14.05, -18.85, 3.94, 
245.00, 49.96, -36.34, -41.49, -2.86, -14.30, -18.87, 3.95, 
246.00, 50.19, -36.52, -41.39, -2.86, -14.56, -18.89, 3.95, 
247.00, 49.92, -36.84, -41.77, -2.85, -14.81, -18.92, 3.95, 
248.00, 50.01, -37.10, -41.40, -2.84, -15.06, -18.94, 3.95, 
249.00, 50.18, -37.04, -41.20, -2.83, -15.31, -18.96, 3.95, 
250.00, 50.03, -37.61, -41.21, -2.82, -15.57, -18.98, 3.95, 
251.00, 50.30, -37.71, -41.51, -2.82, -15.82, -19.00, 3.95, 
252.00, 50.08, -37.98, -41.29, -2.81, -16.07, -19.03, 3.95, 
253.00, 50.24, -38.42, -41.56, -2.80, -16.32, -19.05, 3.95, 
254.00, 49.99, -38.61, -41.53, -2.79, -16.58, -19.07, 3.95, 
255.00, 49.89, -38.59, -41.66, -2.79, -16.83, -19.09, 3.95, 
