---START---
-255.00, 55.15, 67.26, -51.53, -7.07, 115.05, -9.40, 3.88, 
-254.00, 45.58, 75.92, -42.07, -7.06, 114.81, -9.42, 3.87, 
-253.00, 45.95, 75.50, -42.10, -7.05, 114.57, -9.43, 3.86, 
-252.00, 45.86, 75.33, -41.67, -7.05, 114.33, -9.45, 3.86, 
-251.00, 45.65, 75.40, -42.05, -7.04, 114.08, -9.46, 3.86, 
-250.00, 46.08, 75.33, -41.84, -7.03, 113.84, -9.48, 3.86, 
-249.00, 46.12, 75.10, -42.58, -7.02, 113.60, -9.49, 3.86, 
-248.00, 45.85, 74.86, -41.99, -7.02, 113.36, -9.51, 3.86, 
-247.00, 45.79, 74.85, -41.98, -7.01, 113.11, -9.53, 3.86, 
-246.00, 45.83, 74.55, -41.76, -7.00, 112.87, -9.54, 3.86, 
-245.00, 45.80, 74.14, -41.78, -6.99, 112.63, -9.56, 3.86, 
-244.00, 45.67, 73.83, -41.79, -6.99, 112.38, -9.57, 3.87, 
-243.00, 45.45, 74.00, -42.15, -6.98, 112.14, -9.59, 3.87, 
-242.00, 45.44, 73.42, -41.52, -6.97, 111.90, -9.61, 3.87, 
-241.00, 45.59, 73.29, -41.99, -6.96, 111.65, -9.62, 3.87, 
-240.00, 45.57, 73.23, -41.75, -6.96, 111.41, -9.64, 3.85, 
-239.00, 45.40, 73.16, -42.07, -6.95, 111.17, -9.65, 3.86, 
-238.00, 45.44, 73.11, -42.37, -6.94, 110.92, -9.67, 3.86, 
-237.00, 45.37, 72.43, -42.32, -6.93, 110.68, -9.69, 3.86, 
-236.00, 45.55, 72.25, -41.88, -6.93, 110.43, -9.70, 3.87, 
-235.00, 45.67, 71.72, -41.98, -6.92, 110.19, -9.72, 3.87, 
-234.00, 45.81, 71.44, -41.86, -6.91, 109.94, -9.73, 3.87, 
-233.00, 45.72, 71.94, -42.17, -6.90, 109.70, -9.75, 3.87, 
-232.00, 45.60, 71.33, -42.12, -6.90, 109.45, -9.77, 3.87, 
-231.00, 45.62, 70.78, -42.07, -6.89, 109.21, -9.78, 3.85, 
-230.00, 45.69, 71.41, -42.20, -6.88, 108.96, -9.80, 3.87, 
-229.00, 45.26, 70.63, -42.72, -6.87, 108.72, -9.82, 3.87, 
-228.00, 45.72, 70.30, -42.06, -6.87, 108.47, -9.83, 3.86, 
-227.00, 45.52, 69.61, -42.33, -6.86, 108.22, -9.85, 3.87, 
-226.00, 45.53, 69.37, -41.65, -6.85, 107.98, -9.86, 3.87, 
-225.00, 45.29, 70.15, -42.37, -6.84, 107.73, -9.88, 3.87, 
-224.00, 45.60, 69.30, -41.98, -6.84, 107.49, -9.90, 3.87, 
-223.00, 45.56, 69.00, -41.93, -6.83, 107.24, -9.91, 3.86, 
-222.00, 45.77, 68.92, -42.27, -6.82, 106.99, -9.93, 3.87, 
-221.00, 45.61, 68.08, -42.19, -6.81, 106.75, -9.95, 3.87, 
-220.00, 45.73, 68.14, -42.13, -6.81, 106.50, -9.96, 3.87, 
-219.00, 45.75, 68.20, -41.88, -6.80, 106.25, -9.98, 3.87, 
-218.00, 45.83, 68.08, -41.95, -6.79, 106.00, -9.99, 3.87, 
-217.00, 45.60, 68.54, -41.97, -6.78, 105.76, -10.01, 3.87, 
-216.00, 45.71, 66.58, -42.16, -6.77, 105.51, -10.03, 3.86, 
-215.00, 45.50, 67.30, -42.33, -6.77, 105.26, -10.04, 3.87, 
-214.00, 45.38, 67.07, -42.28, -6.76, 105.01, -10.06, 3.87, 
-213.00, 45.88, 66.19, -42.21, -6.75, 104.77, -10.08, 3.87, 
-212.00, 45.44, 66.64, -42.15, -6.74, 104.52, -10.09, 3.87, 
-211.00, 45.78, 66.05, -42.02, -6.74, 104.27, -10.11, 3.88, 
-210.00, 45.37, 66.28, -42.20, -6.73, 104.02, -10.13, 3.88, 
-209.00, 45.46, 66.21, -42.25, -6.72, 103.77, -10.14, 3.86, 
-208.00, 45.52, 65.31, -42.39, -6.71, 103.53, -10.16, 3.87, 
-207.00, 45.39, 66.49, -42.26, -6.71, 103.28, -10.17, 3.87, 
-206.00, 45.52, 65.24, -41.98, -6.70, 103.03, -10.19, 3.88, 
-205.00, 45.52, 65.43, -42.24, -6.69, 102.78, -10.21, 3.88, 
-204.00, 45.80, 65.14, -42.32, -6.68, 102.53, -10.22, 3.86, 
-203.00, 45.77, 64.23, -42.39, -6.67, 102.28, -10.24, 3.87, 
-202.00, 45.77, 65.80, -42.21, -6.67, 102.03, -10.26, 3.88, 
-201.00, 45.99, 63.98, -41.93, -6.66, 101.78, -10.27, 3.88, 
-200.00, 45.80, 64.34, -42.69, -6.65, 101.53, -10.29, 3.88, 
-199.00, 46.06, 64.68, -42.53, -6.64, 101.28, -10.31, 3.86, 
-198.00, 45.84, 63.04, -42.64, -6.63, 101.03, -10.32, 3.86, 
-197.00, 45.93, 64.05, -42.11, -6.63, 100.78, -10.34, 3.88, 
-196.00, 46.05, 62.56, -42.60, -6.62, 100.53, -10.36, 3.88, 
-195.00, 45.84, 62.72, -42.74, -6.61, 100.28, -10.37, 3.88, 
-194.00, 45.80, 62.43, -42.57, -6.60, 100.03, -10.39, 3.86, 
-193.00, 45.68, 62.20, -42.60, -6.60, 99.78, -10.41, 3.88, 
-192.00, 45.69, 63.38, -42.30, -6.59, 99.53, -10.42, 3.88, 
-191.00, 45.64, 62.56, -42.24, -6.58, 99.28, -10.44, 3.88, 
-190.00, 45.55, 63.31, -42.34, -6.57, 99.03, -10.46, 3.86, 
-189.00, 45.62, 61.74, -42.59, -6.56, 98.78, -10.47, 3.88, 
-188.00, 45.57, 61.49, -42.72, -6.56, 98.53, -10.49, 3.88, 
-187.00, 45.89, 60.86, -42.54, -6.55, 98.28, -10.51, 3.88, 
-186.00, 46.05, 60.61, -43.24, -6.54, 98.02, -10.52, 3.86, 
-185.00, 46.03, 62.18, -42.66, -6.53, 97.77, -10.54, 3.88, 
-184.00, 45.73, 60.49, -42.53, -6.52, 97.52, -10.56, 3.88, 
-183.00, 45.78, 61.29, -42.95, -6.52, 97.27, -10.57, 3.88, 
-182.00, 45.87, 59.49, -42.79, -6.51, 97.02, -10.59, 3.86, 
-181.00, 45.97, 59.06, -43.10, -6.50, 96.77, -10.61, 3.88, 
-180.00, 46.01, 59.28, -42.87, -6.49, 96.51, -10.62, 3.88, 
-179.00, 46.06, 58.94, -43.15, -6.48, 96.26, -10.64, 3.88, 
-178.00, 46.09, 59.96, -42.86, -6.48, 96.01, -10.66, 3.87, 
-177.00, 46.21, 58.89, -42.67, -6.47, 95.76, -10.67, 3.88, 
-176.00, 46.10, 59.50, -43.09, -6.46, 95.50, -10.69, 3.88, 
-175.00, 46.19, 58.74, -42.71, -6.45, 95.25, -10.71, 3.87, 
-174.00, 46.05, 57.45, -43.01, -6.44, 95.00, -10.73, 3.87, 
-173.00, 45.72, 57.97, -43.28, -6.44, 94.75, -10.74, 3.88, 
-172.00, 46.00, 57.13, -43.11, -6.43, 94.49, -10.76, 3.88, 
-171.00, 46.04, 58.02, -42.79, -6.42, 94.24, -10.78, 3.88, 
-170.00, 46.18, 58.29, -42.76, -6.41, 93.99, -10.79, 3.89, 
-169.00, 46.07, 57.41, -42.83, -6.40, 93.73, -10.81, 3.87, 
-168.00, 46.12, 58.21, -42.83, -6.39, 93.48, -10.83, 3.87, 
-167.00, 46.31, 56.55, -42.57, -6.39, 93.23, -10.84, 3.88, 
-166.00, 46.45, 57.19, -42.61, -6.38, 92.97, -10.86, 3.88, 
-165.00, 46.10, 56.61, -42.78, -6.37, 92.72, -10.88, 3.89, 
-164.00, 45.93, 56.14, -43.29, -6.36, 92.47, -10.90, 3.87, 
-163.00, 45.84, 55.76, -43.39, -6.35, 92.21, -10.91, 3.87, 
-162.00, 45.81, 54.07, -43.36, -6.35, 91.96, -10.93, 3.88, 
-161.00, 45.76, 56.68, -43.18, -6.34, 91.70, -10.95, 3.89, 
-160.00, 45.81, 55.17, -43.19, -6.33, 91.45, -10.96, 3.87, 
-159.00, 45.78, 55.43, -43.22, -6.32, 91.19, -10.98, 3.87, 
-158.00, 46.00, 55.19, -43.35, -6.31, 90.94, -11.00, 3.89, 
-157.00, 46.20, 53.84, -43.24, -6.30, 90.69, -11.01, 3.89, 
-156.00, 46.02, 55.08, -42.96, -6.30, 90.43, -11.03, 3.87, 
-155.00, 45.99, 53.95, -43.23, -6.29, 90.18, -11.05, 3.88, 
-154.00, 46.09, 55.41, -42.91, -6.28, 89.92, -11.07, 3.88, 
-153.00, 46.23, 54.36, -42.97, -6.27, 89.67, -11.08, 3.89, 
-152.00, 46.24, 52.77, -42.74, -6.26, 89.41, -11.10, 3.87, 
-151.00, 46.38, 53.50, -42.85, -6.26, 89.16, -11.12, 3.87, 
-150.00, 46.26, 52.42, -42.69, -6.25, 88.90, -11.13, 3.88, 
-149.00, 46.16, 53.86, -42.56, -6.24, 88.64, -11.15, 3.89, 
-148.00, 46.07, 53.60, -43.16, -6.23, 88.39, -11.17, 3.87, 
-147.00, 46.31, 51.88, -43.27, -6.22, 88.13, -11.19, 3.87, 
-146.00, 46.32, 53.27, -43.56, -6.21, 87.88, -11.20, 3.88, 
-145.00, 46.21, 51.65, -43.52, -6.21, 87.62, -11.22, 3.89, 
-144.00, 46.36, 51.56, -43.21, -6.20, 87.37, -11.24, 3.89, 
-143.00, 46.38, 51.64, -43.16, -6.19, 87.11, -11.26, 3.87, 
-142.00, 46.24, 50.96, -43.18, -6.18, 86.85, -11.27, 3.88, 
-141.00, 46.33, 52.74, -43.44, -6.17, 86.60, -11.29, 3.89, 
-140.00, 46.25, 49.91, -43.52, -6.16, 86.34, -11.31, 3.88, 
-139.00, 46.28, 50.49, -43.28, -6.16, 86.08, -11.32, 3.88, 
-138.00, 46.33, 49.73, -43.69, -6.15, 85.83, -11.34, 3.88, 
-137.00, 46.28, 49.07, -43.02, -6.14, 85.57, -11.36, 3.89, 
-136.00, 46.24, 50.31, -42.54, -6.13, 85.31, -11.38, 3.88, 
-135.00, 46.15, 48.86, -42.88, -6.12, 85.06, -11.39, 3.88, 
-134.00, 46.07, 50.82, -42.69, -6.11, 84.80, -11.41, 3.89, 
-133.00, 46.40, 48.96, -43.32, -6.11, 84.54, -11.43, 3.89, 
-132.00, 46.25, 49.25, -42.90, -6.10, 84.29, -11.45, 3.88, 
-131.00, 46.28, 47.94, -43.36, -6.09, 84.03, -11.46, 3.89, 
-130.00, 46.26, 47.54, -43.21, -6.08, 83.77, -11.48, 3.89, 
-129.00, 46.48, 48.28, -43.55, -6.07, 83.51, -11.50, 3.88, 
-128.00, 46.76, 47.22, -43.23, -6.06, 83.26, -11.52, 3.88, 
-127.00, 46.20, 49.55, -43.75, -6.06, 83.00, -11.53, 3.89, 
-126.00, 46.29, 46.85, -43.45, -6.05, 82.74, -11.55, 3.88, 
-125.00, 46.24, 48.07, -43.51, -6.04, 82.48, -11.57, 3.88, 
-124.00, 46.29, 46.71, -43.60, -6.03, 82.23, -11.59, 3.89, 
-123.00, 46.40, 46.91, -43.70, -6.02, 81.97, -11.60, 3.88, 
-122.00, 46.21, 47.42, -43.79, -6.01, 81.71, -11.62, 3.89, 
-121.00, 46.16, 46.09, -43.72, -6.01, 81.45, -11.64, 3.88, 
-120.00, 46.21, 46.59, -43.90, -6.00, 81.19, -11.66, 3.88, 
-119.00, 46.69, 44.89, -43.93, -5.99, 80.94, -11.67, 3.89, 
-118.00, 46.59, 46.79, -43.47, -5.98, 80.68, -11.69, 3.88, 
-117.00, 46.69, 45.73, -43.50, -5.97, 80.42, -11.71, 3.88, 
-116.00, 46.55, 46.59, -43.80, -5.96, 80.16, -11.73, 3.89, 
-115.00, 46.50, 46.00, -43.58, -5.95, 79.90, -11.74, 3.88, 
-114.00, 46.32, 44.47, -43.74, -5.95, 79.64, -11.76, 3.88, 
-113.00, 46.57, 44.34, -43.43, -5.94, 79.38, -11.78, 3.89, 
-112.00, 46.38, 43.12, -43.56, -5.93, 79.13, -11.80, 3.88, 
-111.00, 46.23, 45.84, -43.65, -5.92, 78.87, -11.82, 3.88, 
-110.00, 46.60, 44.14, -43.76, -5.91, 78.61, -11.83, 3.89, 
-109.00, 46.61, 44.14, -43.56, -5.90, 78.35, -11.85, 3.88, 
-108.00, 46.76, 42.75, -43.44, -5.90, 78.09, -11.87, 3.88, 
-107.00, 46.69, 43.16, -43.37, -5.89, 77.83, -11.89, 3.90, 
-106.00, 46.35, 44.05, -43.28, -5.88, 77.57, -11.90, 3.88, 
-105.00, 46.21, 41.71, -43.66, -5.87, 77.31, -11.92, 3.89, 
-104.00, 46.39, 42.41, -44.35, -5.86, 77.05, -11.94, 3.90, 
-103.00, 46.15, 41.24, -43.98, -5.85, 76.79, -11.96, 3.88, 
-102.00, 46.21, 42.66, -43.89, -5.84, 76.53, -11.98, 3.89, 
-101.00, 46.25, 42.86, -43.34, -5.84, 76.27, -11.99, 3.88, 
-100.00, 46.45, 41.33, -43.63, -5.83, 76.01, -12.01, 3.88, 
-99.00, 46.64, 41.08, -43.98, -5.82, 75.75, -12.03, 3.90, 
-98.00, 46.39, 40.30, -44.13, -5.81, 75.49, -12.05, 3.88, 
-97.00, 46.79, 41.88, -43.80, -5.80, 75.23, -12.06, 3.90, 
-96.00, 46.51, 41.41, -44.07, -5.79, 74.97, -12.08, 3.88, 
-95.00, 46.45, 39.61, -44.19, -5.78, 74.71, -12.10, 3.89, 
-94.00, 46.62, 41.77, -44.21, -5.78, 74.45, -12.12, 3.89, 
-93.00, 46.55, 39.65, -43.79, -5.77, 74.19, -12.14, 3.89, 
-92.00, 46.54, 40.50, -43.91, -5.76, 73.93, -12.15, 3.89, 
-91.00, 46.47, 39.35, -43.45, -5.75, 73.67, -12.17, 3.89, 
-90.00, 46.49, 40.16, -43.80, -5.74, 73.41, -12.19, 3.89, 
-89.00, 46.55, 39.06, -43.55, -5.73, 73.15, -12.21, 3.90, 
-88.00, 46.33, 38.07, -44.00, -5.72, 72.89, -12.23, 3.89, 
-87.00, 46.47, 39.73, -44.14, -5.72, 72.63, -12.24, 3.89, 
-86.00, 46.52, 37.34, -43.58, -5.71, 72.37, -12.26, 3.89, 
-85.00, 46.80, 38.54, -43.77, -5.70, 72.11, -12.28, 3.89, 
-84.00, 46.62, 37.38, -44.08, -5.69, 71.85, -12.30, 3.89, 
-83.00, 46.87, 38.82, -43.81, -5.68, 71.59, -12.32, 3.89, 
-82.00, 46.64, 38.55, -44.12, -5.67, 71.33, -12.33, 3.89, 
-81.00, 46.43, 37.00, -44.37, -5.66, 71.06, -12.35, 3.89, 
-80.00, 46.79, 37.66, -44.76, -5.66, 70.80, -12.37, 3.90, 
-79.00, 47.19, 36.13, -44.39, -5.65, 70.54, -12.39, 3.89, 
-78.00, 46.82, 38.19, -44.80, -5.64, 70.28, -12.41, 3.90, 
-77.00, 46.81, 35.75, -43.92, -5.63, 70.02, -12.42, 3.89, 
-76.00, 46.75, 36.91, -44.16, -5.62, 69.76, -12.44, 3.90, 
-75.00, 46.81, 35.35, -44.25, -5.61, 69.50, -12.46, 3.89, 
-74.00, 47.15, 36.57, -44.50, -5.60, 69.23, -12.48, 3.89, 
-73.00, 46.86, 36.05, -44.40, -5.59, 68.97, -12.50, 3.89, 
-72.00, 47.07, 34.98, -44.70, -5.59, 68.71, -12.51, 3.89, 
-71.00, 46.83, 35.08, -44.48, -5.58, 68.45, -12.53, 3.89, 
-70.00, 46.76, 34.44, -44.93, -5.57, 68.19, -12.55, 3.89, 
-69.00, 46.51, 35.83, -43.93, -5.56, 67.93, -12.57, 3.89, 
-68.00, 46.62, 33.73, -44.45, -5.55, 67.66, -12.59, 3.89, 
-67.00, 46.86, 35.05, -44.60, -5.54, 67.40, -12.61, 3.89, 
-66.00, 46.98, 33.68, -44.37, -5.53, 67.14, -12.62, 3.89, 
-65.00, 47.10, 34.39, -44.79, -5.53, 66.88, -12.64, 3.89, 
-64.00, 46.98, 32.73, -45.02, -5.52, 66.62, -12.66, 3.89, 
-63.00, 46.83, 33.41, -44.85, -5.51, 66.35, -12.68, 3.89, 
-62.00, 46.89, 33.48, -44.47, -5.50, 66.09, -12.70, 3.89, 
-61.00, 46.71, 33.35, -44.71, -5.49, 65.83, -12.72, 3.89, 
-60.00, 46.87, 32.82, -44.88, -5.48, 65.57, -12.73, 3.89, 
-59.00, 47.14, 31.89, -45.06, -5.47, 65.30, -12.75, 3.89, 
-58.00, 47.26, 33.14, -45.46, -5.46, 65.04, -12.77, 3.89, 
-57.00, 47.02, 31.58, -45.41, -5.46, 64.78, -12.79, 3.89, 
-56.00, 46.88, 32.32, -45.26, -5.45, 64.52, -12.81, 3.89, 
-55.00, 46.94, 31.23, -44.98, -5.44, 64.25, -12.83, 3.89, 
-54.00, 47.03, 31.96, -45.53, -5.43, 63.99, -12.84, 3.90, 
-53.00, 46.99, 30.84, -44.88, -5.42, 63.73, -12.86, 3.89, 
-52.00, 47.12, 30.77, -44.64, -5.41, 63.47, -12.88, 3.89, 
-51.00, 46.90, 31.19, -44.18, -5.40, 63.20, -12.90, 3.89, 
-50.00, 46.91, 29.36, -44.80, -5.39, 62.94, -12.92, 3.89, 
-49.00, 47.03, 30.23, -44.36, -5.39, 62.68, -12.94, 3.89, 
-48.00, 46.90, 29.12, -45.02, -5.38, 62.42, -12.95, 3.89, 
-47.00, 47.04, 29.78, -44.38, -5.37, 62.15, -12.97, 3.90, 
-46.00, 46.99, 28.61, -44.68, -5.36, 61.89, -12.99, 3.89, 
-45.00, 46.93, 29.61, -44.95, -5.35, 61.63, -13.01, 3.89, 
-44.00, 47.10, 29.37, -45.26, -5.34, 61.36, -13.03, 3.89, 
-43.00, 47.22, 29.09, -45.07, -5.33, 61.10, -13.05, 3.89, 
-42.00, 47.00, 28.83, -44.81, -5.32, 60.84, -13.07, 3.89, 
-41.00, 47.06, 28.21, -44.62, -5.32, 60.57, -13.08, 3.89, 
-40.00, 47.03, 28.32, -44.81, -5.31, 60.31, -13.10, 3.90, 
-39.00, 47.43, 27.01, -45.19, -5.30, 60.05, -13.12, 3.89, 
-38.00, 47.16, 27.87, -44.86, -5.29, 59.78, -13.14, 3.89, 
-37.00, 47.21, 26.82, -44.35, -5.28, 59.52, -13.16, 3.89, 
-36.00, 47.38, 27.02, -44.15, -5.27, 59.26, -13.18, 3.89, 
-35.00, 47.16, 26.42, -45.19, -5.26, 58.99, -13.20, 3.89, 
-34.00, 47.09, 26.87, -45.13, -5.25, 58.73, -13.21, 3.89, 
-33.00, 47.13, 26.22, -45.12, -5.25, 58.47, -13.23, 3.89, 
-32.00, 46.78, 25.96, -45.57, -5.24, 58.20, -13.25, 3.89, 
-31.00, 46.98, 26.55, -44.92, -5.23, 57.94, -13.27, 3.89, 
-30.00, 47.07, 25.21, -44.83, -5.22, 57.68, -13.29, 3.90, 
-29.00, 47.15, 25.62, -45.20, -5.21, 57.41, -13.31, 3.89, 
-28.00, 47.09, 25.27, -45.47, -5.20, 57.15, -13.33, 3.89, 
-27.00, 46.76, 24.71, -45.16, -5.19, 56.88, -13.35, 3.89, 
-26.00, 47.12, 24.61, -45.64, -5.18, 56.62, -13.36, 3.89, 
-25.00, 47.24, 24.87, -45.32, -5.18, 56.36, -13.38, 3.89, 
-24.00, 46.91, 24.00, -45.24, -5.17, 56.09, -13.40, 3.89, 
-23.00, 47.14, 24.87, -45.20, -5.16, 55.83, -13.42, 3.89, 
-22.00, 47.38, 23.27, -45.05, -5.15, 55.57, -13.44, 3.89, 
-21.00, 46.98, 23.46, -44.95, -5.14, 55.30, -13.46, 3.89, 
-20.00, 47.10, 23.52, -45.58, -5.13, 55.04, -13.48, 3.89, 
-19.00, 47.19, 22.85, -45.54, -5.12, 54.77, -13.50, 3.90, 
-18.00, 47.29, 23.02, -45.36, -5.11, 54.51, -13.51, 3.90, 
-17.00, 47.35, 22.20, -45.69, -5.10, 54.25, -13.53, 3.90, 
-16.00, 47.34, 22.35, -45.95, -5.10, 53.98, -13.55, 3.89, 
-15.00, 47.11, 21.93, -45.10, -5.09, 53.72, -13.57, 3.89, 
-14.00, 46.96, 22.51, -45.45, -5.08, 53.45, -13.59, 3.90, 
-13.00, 47.09, 22.31, -45.88, -5.07, 53.19, -13.61, 3.90, 
-12.00, 47.31, 21.80, -45.50, -5.06, 52.92, -13.63, 3.89, 
-11.00, 47.44, 21.19, -45.66, -5.05, 52.66, -13.65, 3.90, 
-10.00, 47.02, 20.92, -45.64, -5.04, 52.40, -13.67, 3.89, 
-9.00, 47.11, 21.03, -45.56, -5.03, 52.13, -13.68, 3.90, 
-8.00, 47.20, 20.37, -45.65, -5.03, 51.87, -13.70, 3.90, 
-7.00, 47.12, 20.41, -46.01, -5.02, 51.60, -13.72, 3.90, 
-6.00, 46.98, 20.10, -45.40, -5.01, 51.34, -13.74, 3.89, 
-5.00, 47.26, 19.84, -45.42, -5.00, 51.07, -13.76, 3.90, 
-4.00, 47.06, 19.39, -46.07, -4.99, 50.81, -13.78, 3.90, 
-3.00, 47.02, 19.42, -46.27, -4.98, 50.55, -13.80, 3.90, 
-2.00, 47.42, 19.35, -45.89, -4.97, 50.28, -13.82, 3.90, 
-1.00, 47.10, 18.96, -45.92, -4.96, 50.02, -13.84, 3.90, 
0.00, 47.51, 18.52, -45.50, -4.95, 49.75, -13.86, 3.90, 
1.00, 47.58, 18.21, -45.74, -4.95, 49.49, -13.87, 3.90, 
2.00, 47.52, 18.25, -45.73, -4.94, 49.22, -13.89, 3.90, 
3.00, 47.29, 17.70, -46.27, -4.93, 48.96, -13.91, 3.90, 
4.00, 47.29, 17.42, -46.11, -4.92, 48.69, -13.93, 3.90, 
5.00, 47.38, 17.54, -45.59, -4.91, 48.43, -13.95, 3.89, 
6.00, 47.56, 17.07, -45.71, -4.90, 48.16, -13.97, 3.90, 
7.00, 47.38, 17.13, -45.77, -4.89, 47.90, -13.99, 3.90, 
8.00, 47.34, 16.56, -45.75, -4.88, 47.63, -14.01, 3.90, 
9.00, 47.12, 16.62, -46.03, -4.88, 47.37, -14.03, 3.89, 
10.00, 46.99, 16.22, -46.00, -4.87, 47.11, -14.05, 3.90, 
11.00, 47.40, 16.28, -45.84, -4.86, 46.84, -14.07, 3.90, 
12.00, 47.34, 16.10, -46.08, -4.85, 46.58, -14.09, 3.89, 
13.00, 47.01, 15.74, -45.78, -4.84, 46.31, -14.10, 3.90, 
14.00, 46.93, 15.74, -46.03, -4.83, 46.05, -14.12, 3.90, 
15.00, 46.93, 14.89, -46.13, -4.82, 45.78, -14.14, 3.90, 
16.00, 47.11, 14.74, -45.47, -4.81, 45.52, -14.16, 3.90, 
17.00, 47.66, 14.58, -45.34, -4.80, 45.25, -14.18, 3.89, 
18.00, 47.16, 14.17, -45.53, -4.80, 44.99, -14.20, 3.89, 
19.00, 47.11, 14.93, -45.79, -4.79, 44.72, -14.22, 3.89, 
20.00, 47.03, 13.74, -45.92, -4.78, 44.46, -14.24, 3.89, 
21.00, 46.91, 14.15, -45.95, -4.77, 44.19, -14.26, 3.89, 
22.00, 47.22, 13.44, -46.22, -4.76, 43.93, -14.28, 3.89, 
23.00, 47.35, 12.76, -46.03, -4.75, 43.66, -14.30, 3.89, 
24.00, 47.16, 12.81, -45.78, -4.74, 43.40, -14.32, 3.90, 
25.00, 47.07, 12.33, -46.02, -4.73, 43.13, -14.34, 3.89, 
26.00, 47.52, 12.79, -45.84, -4.72, 42.87, -14.36, 3.89, 
27.00, 47.30, 12.24, -45.55, -4.72, 42.60, -14.37, 3.89, 
28.00, 47.49, 12.29, -45.66, -4.71, 42.34, -14.39, 3.89, 
29.00, 47.77, 11.80, -45.99, -4.70, 42.07, -14.41, 3.89, 
30.00, 47.61, 11.21, -46.05, -4.69, 41.81, -14.43, 3.89, 
31.00, 47.39, 11.95, -46.17, -4.68, 41.54, -14.45, 3.90, 
32.00, 47.62, 10.98, -46.28, -4.67, 41.28, -14.47, 3.90, 
33.00, 47.41, 11.23, -46.07, -4.66, 41.02, -14.49, 3.89, 
34.00, 47.40, 10.09, -46.87, -4.65, 40.75, -14.51, 3.89, 
35.00, 47.34, 9.95, -45.93, -4.65, 40.49, -14.53, 3.89, 
36.00, 47.34, 9.56, -46.57, -4.64, 40.22, -14.55, 3.89, 
37.00, 47.32, 9.35, -46.65, -4.63, 39.96, -14.57, 3.89, 
38.00, 47.88, 9.67, -46.66, -4.62, 39.69, -14.59, 3.89, 
39.00, 48.06, 9.14, -46.44, -4.61, 39.43, -14.61, 3.89, 
40.00, 47.66, 9.92, -46.67, -4.60, 39.16, -14.63, 3.89, 
41.00, 48.01, 8.92, -46.59, -4.59, 38.90, -14.65, 3.89, 
42.00, 47.89, 9.04, -46.43, -4.58, 38.63, -14.67, 3.89, 
43.00, 47.85, 8.57, -46.49, -4.57, 38.37, -14.69, 3.89, 
44.00, 47.84, 7.69, -46.59, -4.57, 38.10, -14.71, 3.89, 
45.00, 47.89, 7.57, -46.46, -4.56, 37.84, -14.73, 3.89, 
46.00, 47.72, 6.48, -46.64, -4.55, 37.57, -14.74, 3.90, 
47.00, 47.85, 7.98, -46.45, -4.54, 37.31, -14.76, 3.89, 
48.00, 47.73, 6.87, -46.46, -4.53, 37.04, -14.78, 3.89, 
49.00, 47.56, 7.71, -46.45, -4.52, 36.78, -14.80, 3.89, 
50.00, 47.70, 7.14, -46.31, -4.51, 36.51, -14.82, 3.90, 
51.00, 47.47, 6.34, -46.53, -4.50, 36.25, -14.84, 3.89, 
52.00, 47.48, 7.12, -45.98, -4.50, 35.98, -14.86, 3.89, 
53.00, 47.40, 5.84, -46.21, -4.49, 35.72, -14.88, 3.89, 
54.00, 47.33, 6.49, -46.45, -4.48, 35.45, -14.90, 3.89, 
55.00, 47.40, 4.72, -46.07, -4.47, 35.19, -14.92, 3.89, 
56.00, 47.29, 4.96, -46.09, -4.46, 34.92, -14.94, 3.90, 
57.00, 47.33, 6.05, -46.00, -4.45, 34.66, -14.96, 3.89, 
58.00, 47.50, 4.45, -46.39, -4.44, 34.39, -14.98, 3.89, 
59.00, 47.34, 5.58, -46.40, -4.43, 34.13, -15.00, 3.89, 
60.00, 47.24, 4.38, -46.04, -4.42, 33.87, -15.02, 3.89, 
61.00, 47.37, 4.15, -45.87, -4.42, 33.60, -15.04, 3.89, 
62.00, 47.38, 4.50, -46.21, -4.41, 33.34, -15.06, 3.90, 
63.00, 47.30, 3.18, -45.93, -4.40, 33.07, -15.08, 3.89, 
64.00, 47.54, 3.17, -45.96, -4.39, 32.81, -15.10, 3.89, 
65.00, 47.84, 3.77, -46.14, -4.38, 32.54, -15.12, 3.89, 
66.00, 48.02, 3.46, -46.27, -4.37, 32.28, -15.14, 3.89, 
67.00, 47.91, 3.67, -46.60, -4.36, 32.01, -15.16, 3.90, 
68.00, 47.96, 2.30, -46.27, -4.35, 31.75, -15.18, 3.89, 
69.00, 47.83, 2.03, -46.95, -4.35, 31.48, -15.20, 3.89, 
70.00, 48.03, 2.20, -46.52, -4.34, 31.22, -15.22, 3.89, 
71.00, 47.45, 1.73, -45.96, -4.33, 30.95, -15.24, 3.89, 
72.00, 47.67, 2.61, -46.44, -4.32, 30.69, -15.26, 3.90, 
73.00, 48.18, 1.28, -46.81, -4.31, 30.43, -15.28, 3.89, 
74.00, 47.80, 1.26, -46.73, -4.30, 30.16, -15.30, 3.89, 
75.00, 47.63, 1.39, -46.78, -4.29, 29.90, -15.32, 3.89, 
76.00, 47.77, -0.30, -46.75, -4.28, 29.63, -15.34, 3.90, 
77.00, 47.87, 2.18, -46.83, -4.28, 29.37, -15.36, 3.89, 
78.00, 47.85, 0.55, -46.73, -4.27, 29.10, -15.38, 3.89, 
79.00, 47.33, -0.54, -47.22, -4.26, 28.84, -15.40, 3.89, 
80.00, 47.67, 0.01, -47.26, -4.25, 28.57, -15.42, 3.89, 
81.00, 47.77, -1.25, -46.74, -4.24, 28.31, -15.44, 3.89, 
82.00, 47.76, 0.56, -46.40, -4.23, 28.05, -15.46, 3.89, 
83.00, 47.84, -0.56, -46.99, -4.22, 27.78, -15.48, 3.90, 
84.00, 47.97, -2.03, -46.71, -4.21, 27.52, -15.50, 3.89, 
85.00, 48.25, -0.51, -46.43, -4.21, 27.25, -15.52, 3.89, 
86.00, 48.02, -2.29, -47.00, -4.20, 26.99, -15.54, 3.89, 
87.00, 47.79, -1.54, -47.22, -4.19, 26.72, -15.56, 3.90, 
88.00, 47.96, -1.06, -46.98, -4.18, 26.46, -15.58, 3.90, 
89.00, 47.95, -2.43, -47.14, -4.17, 26.20, -15.60, 3.89, 
90.00, 47.71, -0.97, -46.93, -4.16, 25.93, -15.62, 3.89, 
91.00, 47.88, -3.19, -46.62, -4.15, 25.67, -15.64, 3.89, 
92.00, 47.90, -3.32, -46.45, -4.14, 25.40, -15.66, 3.89, 
93.00, 47.54, -2.53, -46.73, -4.14, 25.14, -15.68, 3.90, 
94.00, 48.00, -3.69, -46.89, -4.13, 24.88, -15.70, 3.88, 
95.00, 47.93, -2.24, -47.48, -4.12, 24.61, -15.72, 3.89, 
96.00, 48.17, -3.29, -46.64, -4.11, 24.35, -15.74, 3.89, 
97.00, 48.17, -4.77, -46.78, -4.10, 24.08, -15.76, 3.89, 
98.00, 47.91, -3.84, -46.88, -4.09, 23.82, -15.78, 3.89, 
99.00, 47.95, -4.79, -46.58, -4.08, 23.56, -15.80, 3.89, 
100.00, 48.00, -4.01, -47.17, -4.07, 23.29, -15.82, 3.88, 
101.00, 47.94, -3.55, -46.94, -4.07, 23.03, -15.84, 3.88, 
102.00, 48.26, -6.43, -47.30, -4.06, 22.77, -15.86, 3.89, 
103.00, 47.60, -4.74, -46.59, -4.05, 22.50, -15.88, 3.90, 
104.00, 48.18, -6.21, -46.66, -4.04, 22.24, -15.90, 3.88, 
105.00, 48.13, -7.02, -46.54, -4.03, 21.97, -15.92, 3.88, 
106.00, 48.28, -4.82, -46.98, -4.02, 21.71, -15.94, 3.88, 
107.00, 48.17, -5.92, -46.99, -4.01, 21.45, -15.96, 3.89, 
108.00, 48.17, -6.07, -46.85, -4.00, 21.18, -15.98, 3.88, 
109.00, 47.93, -6.14, -46.54, -4.00, 20.92, -16.00, 3.88, 
110.00, 48.14, -7.96, -46.82, -3.99, 20.66, -16.02, 3.88, 
111.00, 48.30, -6.46, -46.46, -3.98, 20.39, -16.04, 3.89, 
112.00, 48.41, -7.28, -46.40, -3.97, 20.13, -16.06, 3.90, 
113.00, 48.22, -7.09, -46.39, -3.96, 19.87, -16.08, 3.88, 
114.00, 48.22, -7.20, -46.47, -3.95, 19.60, -16.10, 3.88, 
115.00, 48.17, -9.21, -46.40, -3.94, 19.34, -16.13, 3.89, 
116.00, 48.12, -7.12, -46.52, -3.94, 19.08, -16.15, 3.88, 
117.00, 48.04, -8.33, -47.38, -3.93, 18.81, -16.17, 3.88, 
118.00, 48.40, -9.57, -47.46, -3.92, 18.55, -16.19, 3.90, 
119.00, 48.08, -8.53, -47.16, -3.91, 18.29, -16.21, 3.88, 
120.00, 48.09, -10.40, -47.68, -3.90, 18.03, -16.23, 3.89, 
121.00, 47.78, -8.05, -47.17, -3.89, 17.76, -16.25, 3.90, 
122.00, 47.82, -10.17, -47.12, -3.88, 17.50, -16.27, 3.88, 
123.00, 47.71, -9.81, -47.57, -3.87, 17.24, -16.29, 3.88, 
124.00, 47.59, -10.62, -47.29, -3.87, 16.97, -16.31, 3.89, 
125.00, 47.58, -12.02, -47.32, -3.86, 16.71, -16.33, 3.89, 
126.00, 47.94, -9.72, -47.04, -3.85, 16.45, -16.35, 3.88, 
127.00, 47.80, -11.25, -47.13, -3.84, 16.19, -16.37, 3.89, 
128.00, 47.82, -11.18, -47.35, -3.83, 15.92, -16.39, 3.89, 
129.00, 47.98, -11.63, -47.47, -3.82, 15.66, -16.41, 3.89, 
130.00, 48.16, -13.43, -47.09, -3.81, 15.40, -16.43, 3.88, 
131.00, 47.95, -11.26, -47.49, -3.81, 15.14, -16.45, 3.89, 
132.00, 48.27, -12.22, -47.15, -3.80, 14.87, -16.47, 3.89, 
133.00, 47.78, -11.48, -47.40, -3.79, 14.61, -16.49, 3.88, 
134.00, 47.83, -12.06, -47.26, -3.78, 14.35, -16.52, 3.89, 
135.00, 47.90, -13.82, -47.25, -3.77, 14.09, -16.54, 3.89, 
136.00, 47.92, -11.64, -47.74, -3.76, 13.83, -16.56, 3.88, 
137.00, 48.02, -12.53, -47.24, -3.75, 13.56, -16.58, 3.88, 
138.00, 48.13, -13.74, -47.84, -3.75, 13.30, -16.60, 3.89, 
139.00, 48.00, -13.20, -47.61, -3.74, 13.04, -16.62, 3.88, 
140.00, 48.04, -13.97, -46.98, -3.73, 12.78, -16.64, 3.88, 
141.00, 47.80, -13.35, -47.13, -3.72, 12.52, -16.66, 3.89, 
142.00, 48.00, -13.72, -47.64, -3.71, 12.25, -16.68, 3.88, 
143.00, 47.81, -15.35, -47.83, -3.70, 11.99, -16.70, 3.88, 
144.00, 48.27, -13.49, -47.72, -3.69, 11.73, -16.72, 3.89, 
145.00, 48.28, -14.69, -47.60, -3.69, 11.47, -16.74, 3.87, 
146.00, 48.00, -15.21, -48.11, -3.68, 11.21, -16.76, 3.88, 
147.00, 48.06, -15.04, -47.43, -3.67, 10.95, -16.78, 3.89, 
148.00, 48.04, -15.57, -47.21, -3.66, 10.68, -16.80, 3.87, 
149.00, 48.07, -15.08, -47.05, -3.65, 10.42, -16.83, 3.89, 
150.00, 48.05, -16.72, -47.28, -3.64, 10.16, -16.85, 3.87, 
151.00, 48.03, -16.69, -46.94, -3.63, 9.90, -16.87, 3.89, 
152.00, 48.16, -15.97, -47.09, -3.63, 9.64, -16.89, 3.87, 
153.00, 48.10, -18.03, -47.04, -3.62, 9.38, -16.91, 3.89, 
154.00, 48.45, -15.95, -47.51, -3.61, 9.12, -16.93, 3.87, 
155.00, 48.06, -16.71, -47.54, -3.60, 8.86, -16.95, 3.88, 
156.00, 47.93, -18.31, -47.76, -3.59, 8.59, -16.97, 3.89, 
157.00, 48.05, -17.09, -47.65, -3.58, 8.33, -16.99, 3.87, 
158.00, 48.21, -18.44, -47.33, -3.58, 8.07, -17.01, 3.89, 
159.00, 48.25, -18.43, -47.62, -3.57, 7.81, -17.03, 3.87, 
160.00, 48.11, -18.93, -47.78, -3.56, 7.55, -17.06, 3.88, 
161.00, 48.21, -19.49, -47.65, -3.55, 7.29, -17.08, 3.89, 
162.00, 47.98, -18.30, -47.52, -3.54, 7.03, -17.10, 3.87, 
163.00, 48.13, -20.24, -47.97, -3.53, 6.77, -17.12, 3.88, 
164.00, 48.19, -19.47, -47.67, -3.52, 6.51, -17.14, 3.89, 
165.00, 48.11, -18.16, -47.98, -3.52, 6.25, -17.16, 3.88, 
166.00, 48.34, -20.60, -47.60, -3.51, 5.99, -17.18, 3.89, 
167.00, 48.01, -19.62, -47.85, -3.50, 5.73, -17.20, 3.87, 
168.00, 48.24, -19.81, -47.50, -3.49, 5.47, -17.22, 3.89, 
169.00, 47.98, -20.13, -47.88, -3.48, 5.21, -17.24, 3.87, 
170.00, 48.05, -19.93, -47.92, -3.47, 4.95, -17.26, 3.88, 
171.00, 48.50, -21.28, -47.82, -3.47, 4.69, -17.29, 3.89, 
172.00, 48.37, -20.53, -47.66, -3.46, 4.43, -17.31, 3.88, 
173.00, 48.58, -21.49, -48.59, -3.45, 4.17, -17.33, 3.89, 
174.00, 48.68, -21.41, -48.18, -3.44, 3.91, -17.35, 3.87, 
175.00, 48.35, -20.42, -47.72, -3.43, 3.65, -17.37, 3.88, 
176.00, 48.42, -22.78, -47.85, -3.42, 3.39, -17.39, 3.87, 
177.00, 48.30, -21.89, -47.93, -3.42, 3.13, -17.41, 3.88, 
178.00, 48.34, -21.21, -47.56, -3.41, 2.87, -17.43, 3.87, 
179.00, 47.92, -23.19, -47.73, -3.40, 2.61, -17.45, 3.88, 
180.00, 48.14, -22.50, -47.88, -3.39, 2.35, -17.48, 3.88, 
181.00, 48.18, -23.05, -47.96, -3.38, 2.09, -17.50, 3.88, 
182.00, 48.52, -23.28, -48.14, -3.37, 1.83, -17.52, 3.88, 
183.00, 48.42, -23.41, -47.51, -3.37, 1.57, -17.54, 3.88, 
184.00, 48.27, -23.85, -47.85, -3.36, 1.32, -17.56, 3.88, 
185.00, 48.54, -23.56, -47.96, -3.35, 1.06, -17.58, 3.88, 
186.00, 48.37, -24.88, -48.02, -3.34, 0.80, -17.60, 3.88, 
187.00, 48.50, -23.52, -48.29, -3.33, 0.54, -17.62, 3.88, 
188.00, 48.49, -24.15, -48.26, -3.32, 0.28, -17.65, 3.88, 
189.00, 48.39, -25.00, -48.49, -3.32, 0.02, -17.67, 3.88, 
190.00, 48.34, -23.93, -48.61, -3.31, -0.24, -17.69, 3.88, 
191.00, 48.21, -26.12, -48.74, -3.30, -0.49, -17.71, 3.88, 
192.00, 48.47, -25.53, -48.73, -3.29, -0.75, -17.73, 3.88, 
193.00, 48.44, -24.58, -48.66, -3.28, -1.01, -17.75, 3.88, 
194.00, 48.61, -26.53, -48.51, -3.27, -1.27, -17.77, 3.86, 
195.00, 48.42, -25.48, -49.22, -3.27, -1.53, -17.79, 3.88, 
196.00, 48.75, -26.33, -49.11, -3.26, -1.78, -17.82, 3.86, 
197.00, 48.63, -26.50, -48.65, -3.25, -2.04, -17.84, 3.88, 
198.00, 48.72, -25.77, -48.50, -3.24, -2.30, -17.86, 3.86, 
199.00, 48.59, -27.33, -48.13, -3.23, -2.56, -17.88, 3.88, 
200.00, 48.56, -27.06, -48.44, -3.22, -2.82, -17.90, 3.86, 
201.00, 48.68, -27.06, -48.27, -3.22, -3.07, -17.92, 3.88, 
202.00, 48.69, -27.26, -48.65, -3.21, -3.33, -17.94, 3.87, 
203.00, 48.47, -26.89, -48.90, -3.20, -3.59, -17.96, 3.88, 
204.00, 48.49, -27.55, -48.70, -3.19, -3.84, -17.99, 3.87, 
205.00, 48.48, -27.86, -48.20, -3.18, -4.10, -18.01, 3.88, 
206.00, 48.71, -28.98, -48.41, -3.18, -4.36, -18.03, 3.88, 
207.00, 48.37, -27.92, -48.25, -3.17, -4.62, -18.05, 3.86, 
208.00, 48.37, -28.72, -48.29, -3.16, -4.87, -18.07, 3.87, 
209.00, 48.34, -28.87, -48.44, -3.15, -5.13, -18.09, 3.87, 
210.00, 48.71, -28.97, -48.31, -3.14, -5.39, -18.11, 3.88, 
211.00, 48.51, -29.58, -48.14, -3.14, -5.64, -18.14, 3.87, 
212.00, 48.45, -28.52, -48.45, -3.13, -5.90, -18.16, 3.86, 
213.00, 48.54, -29.81, -48.06, -3.12, -6.16, -18.18, 3.87, 
214.00, 48.65, -30.18, -48.32, -3.11, -6.41, -18.20, 3.87, 
215.00, 48.50, -29.36, -48.06, -3.10, -6.67, -18.22, 3.87, 
216.00, 48.69, -30.75, -48.54, -3.09, -6.92, -18.24, 3.87, 
217.00, 48.84, -30.00, -48.58, -3.09, -7.18, -18.27, 3.87, 
218.00, 48.73, -30.61, -48.59, -3.08, -7.44, -18.29, 3.87, 
219.00, 48.92, -30.92, -48.60, -3.07, -7.69, -18.31, 3.87, 
220.00, 48.62, -30.65, -48.78, -3.06, -7.95, -18.33, 3.87, 
221.00, 48.68, -31.41, -49.02, -3.05, -8.20, -18.35, 3.87, 
222.00, 48.80, -31.02, -49.07, -3.05, -8.46, -18.37, 3.86, 
223.00, 48.73, -32.22, -48.85, -3.04, -8.71, -18.39, 3.87, 
224.00, 48.57, -32.05, -48.87, -3.03, -8.97, -18.42, 3.87, 
225.00, 48.53, -31.72, -48.87, -3.02, -9.22, -18.44, 3.86, 
226.00, 48.53, -32.46, -49.21, -3.01, -9.48, -18.46, 3.87, 
227.00, 48.87, -32.18, -48.76, -3.01, -9.73, -18.48, 3.87, 
228.00, 48.90, -32.72, -48.70, -3.00, -9.99, -18.50, 3.86, 
229.00, 48.85, -32.82, -49.05, -2.99, -10.24, -18.52, 3.87, 
230.00, 48.68, -33.65, -49.29, -2.98, -10.50, -18.55, 3.87, 
231.00, 48.66, -33.46, -49.13, -2.97, -10.75, -18.57, 3.86, 
232.00, 48.84, -33.89, -48.75, -2.97, -11.01, -18.59, 3.87, 
233.00, 49.18, -33.72, -49.09, -2.96, -11.26, -18.61, 3.87, 
234.00, 49.21, -34.38, -49.23, -2.95, -11.52, -18.63, 3.86, 
235.00, 49.32, -34.65, -49.29, -2.94, -11.77, -18.66, 3.87, 
236.00, 49.23, -34.27, -49.02, -2.93, -12.02, -18.68, 3.87, 
237.00, 48.96, -35.21, -49.02, -2.93, -12.28, -18.70, 3.86, 
238.00, 49.27, -34.77, -49.22, -2.92, -12.53, -18.72, 3.87, 
239.00, 49.51, -35.39, -48.97, -2.91, -12.78, -18.74, 3.87, 
240.00, 49.53, -35.21, -48.57, -2.90, -13.04, -18.76, 3.86, 
241.00, 49.33, -35.66, -48.93, -2.90, -13.29, -18.79, 3.86, 
242.00, 49.26, -36.05, -49.30, -2.89, -13.54, -18.81, 3.87, 
243.00, 49.30, -35.66, -48.96, -2.88, -13.80, -18.83, 3.86, 
244.00, 49.01, -36.21, -49.13, -2.87, -14.05, -18.85, 3.86, 
245.00, 48.96, -36.45, -49.25, -2.86, -14.30, -18.87, 3.86, 
246.00, 49.17, -36.65, -49.20, -2.86, -14.56, -18.89, 3.86, 
247.00, 48.91, -36.78, -48.91, -2.85, -14.81, -18.92, 3.86, 
248.00, 49.07, -36.72, -48.91, -2.84, -15.06, -18.94, 3.86, 
249.00, 49.26, -37.29, -49.24, -2.83, -15.31, -18.96, 3.86, 
250.00, 48.98, -37.67, -49.38, -2.82, -15.57, -18.98, 3.86, 
251.00, 49.05, -37.55, -49.39, -2.82, -15.82, -19.00, 3.86, 
252.00, 48.85, -37.86, -49.24, -2.81, -16.07, -19.03, 3.86, 
253.00, 48.83, -37.97, -49.36, -2.80, -16.32, -19.05, 3.86, 
254.00, 49.05, -38.40, -49.50, -2.79, -16.58, -19.07, 3.86, 
255.00, 48.73, -38.46, -49.21, -2.79, -16.83, -19.09, 3.86, 
