---START---
-255.00, 55.04, 69.21, -51.93, -7.07, 115.05, -9.40, 3.82, 
-254.00, 45.45, 77.50, -41.46, -7.06, 114.81, -9.42, 3.81, 
-253.00, 45.26, 77.17, -41.59, -7.05, 114.57, -9.43, 3.81, 
-252.00, 45.49, 76.83, -41.70, -7.05, 114.33, -9.45, 3.81, 
-251.00, 45.31, 76.38, -41.82, -7.04, 114.08, -9.46, 3.81, 
-250.00, 45.53, 76.40, -41.76, -7.03, 113.84, -9.48, 3.81, 
-249.00, 45.22, 76.05, -41.72, -7.02, 113.60, -9.49, 3.81, 
-248.00, 45.42, 75.87, -41.63, -7.02, 113.36, -9.51, 3.81, 
-247.00, 45.79, 75.92, -41.77, -7.01, 113.11, -9.53, 3.81, 
-246.00, 45.51, 75.34, -41.77, -7.00, 112.87, -9.54, 3.81, 
-245.00, 45.30, 75.36, -41.62, -6.99, 112.63, -9.56, 3.81, 
-244.00, 45.30, 74.68, -41.62, -6.99, 112.38, -9.57, 3.82, 
-243.00, 45.38, 74.78, -41.53, -6.98, 112.14, -9.59, 3.82, 
-242.00, 45.48, 74.57, -41.87, -6.97, 111.90, -9.61, 3.82, 
-241.00, 45.51, 74.60, -41.74, -6.96, 111.65, -9.62, 3.82, 
-240.00, 45.45, 74.50, -41.77, -6.96, 111.41, -9.64, 3.81, 
-239.00, 45.43, 73.67, -41.86, -6.95, 111.17, -9.65, 3.81, 
-238.00, 45.23, 72.55, -41.70, -6.94, 110.92, -9.67, 3.82, 
-237.00, 45.04, 73.32, -41.55, -6.93, 110.68, -9.69, 3.82, 
-236.00, 45.17, 73.10, -41.32, -6.93, 110.43, -9.70, 3.82, 
-235.00, 45.22, 73.21, -41.48, -6.92, 110.19, -9.72, 3.82, 
-234.00, 45.42, 73.22, -41.65, -6.91, 109.94, -9.73, 3.82, 
-233.00, 45.35, 72.67, -41.96, -6.90, 109.70, -9.75, 3.82, 
-232.00, 44.95, 72.41, -42.38, -6.90, 109.45, -9.77, 3.82, 
-231.00, 45.14, 71.83, -41.85, -6.89, 109.21, -9.78, 3.80, 
-230.00, 45.11, 71.08, -41.79, -6.88, 108.96, -9.80, 3.82, 
-229.00, 45.21, 72.29, -41.83, -6.87, 108.72, -9.82, 3.82, 
-228.00, 45.01, 71.63, -42.45, -6.87, 108.47, -9.83, 3.82, 
-227.00, 45.10, 71.44, -42.34, -6.86, 108.22, -9.85, 3.82, 
-226.00, 45.00, 71.28, -42.20, -6.85, 107.98, -9.86, 3.82, 
-225.00, 44.81, 70.23, -42.04, -6.84, 107.73, -9.88, 3.81, 
-224.00, 44.72, 70.61, -42.69, -6.84, 107.49, -9.90, 3.82, 
-223.00, 45.05, 70.17, -42.62, -6.83, 107.24, -9.91, 3.82, 
-222.00, 44.90, 69.64, -42.49, -6.82, 106.99, -9.93, 3.82, 
-221.00, 45.36, 70.79, -42.51, -6.81, 106.75, -9.95, 3.82, 
-220.00, 45.13, 69.64, -42.39, -6.81, 106.50, -9.96, 3.82, 
-219.00, 44.87, 70.18, -42.76, -6.80, 106.25, -9.98, 3.82, 
-218.00, 45.08, 70.03, -42.56, -6.79, 106.00, -9.99, 3.82, 
-217.00, 45.07, 68.23, -42.41, -6.78, 105.76, -10.01, 3.81, 
-216.00, 45.00, 69.33, -42.58, -6.77, 105.51, -10.03, 3.82, 
-215.00, 44.96, 68.03, -42.56, -6.77, 105.26, -10.04, 3.82, 
-214.00, 44.98, 68.66, -42.31, -6.76, 105.01, -10.06, 3.82, 
-213.00, 45.14, 67.79, -42.62, -6.75, 104.77, -10.08, 3.82, 
-212.00, 45.41, 68.28, -42.42, -6.74, 104.52, -10.09, 3.82, 
-211.00, 45.50, 67.32, -42.80, -6.74, 104.27, -10.11, 3.82, 
-210.00, 45.30, 67.23, -42.71, -6.73, 104.02, -10.13, 3.82, 
-209.00, 45.20, 67.41, -42.36, -6.72, 103.77, -10.14, 3.82, 
-208.00, 45.16, 66.69, -42.84, -6.71, 103.53, -10.16, 3.82, 
-207.00, 45.20, 67.33, -42.75, -6.71, 103.28, -10.17, 3.83, 
-206.00, 45.33, 65.93, -43.05, -6.70, 103.03, -10.19, 3.83, 
-205.00, 44.91, 66.50, -42.29, -6.69, 102.78, -10.21, 3.83, 
-204.00, 44.98, 66.68, -42.37, -6.68, 102.53, -10.22, 3.83, 
-203.00, 44.88, 65.42, -42.62, -6.67, 102.28, -10.24, 3.83, 
-202.00, 45.14, 66.19, -42.30, -6.67, 102.03, -10.26, 3.83, 
-201.00, 45.12, 65.65, -42.20, -6.66, 101.78, -10.27, 3.83, 
-200.00, 45.30, 64.67, -42.66, -6.65, 101.53, -10.29, 3.81, 
-199.00, 44.99, 64.72, -42.37, -6.64, 101.28, -10.31, 3.81, 
-198.00, 45.23, 63.96, -42.83, -6.63, 101.03, -10.32, 3.82, 
-197.00, 44.93, 64.51, -42.97, -6.63, 100.78, -10.34, 3.83, 
-196.00, 44.95, 63.92, -42.82, -6.62, 100.53, -10.36, 3.82, 
-195.00, 45.05, 63.06, -42.67, -6.61, 100.28, -10.37, 3.83, 
-194.00, 45.15, 63.91, -42.35, -6.60, 100.03, -10.39, 3.83, 
-193.00, 45.26, 62.86, -42.42, -6.60, 99.78, -10.41, 3.83, 
-192.00, 45.27, 63.71, -42.36, -6.59, 99.53, -10.42, 3.83, 
-191.00, 45.39, 62.86, -43.15, -6.58, 99.28, -10.44, 3.83, 
-190.00, 45.52, 62.94, -43.03, -6.57, 99.03, -10.46, 3.83, 
-189.00, 45.23, 63.30, -43.18, -6.56, 98.78, -10.47, 3.83, 
-188.00, 45.28, 61.70, -42.74, -6.56, 98.53, -10.49, 3.83, 
-187.00, 45.27, 62.66, -43.20, -6.55, 98.28, -10.51, 3.82, 
-186.00, 44.95, 62.60, -42.64, -6.54, 98.02, -10.52, 3.82, 
-185.00, 44.35, 61.36, -43.34, -6.53, 97.77, -10.54, 3.82, 
-184.00, 45.16, 62.38, -42.54, -6.52, 97.52, -10.56, 3.83, 
-183.00, 45.26, 60.90, -42.42, -6.52, 97.27, -10.57, 3.83, 
-182.00, 45.21, 60.77, -42.79, -6.51, 97.02, -10.59, 3.83, 
-181.00, 45.34, 60.79, -42.50, -6.50, 96.77, -10.61, 3.83, 
-180.00, 45.23, 59.39, -42.38, -6.49, 96.51, -10.62, 3.83, 
-179.00, 45.54, 61.20, -42.18, -6.48, 96.26, -10.64, 3.83, 
-178.00, 45.52, 60.44, -42.24, -6.48, 96.01, -10.66, 3.82, 
-177.00, 45.77, 60.02, -42.27, -6.47, 95.76, -10.67, 3.82, 
-176.00, 45.52, 60.60, -42.51, -6.46, 95.50, -10.69, 3.83, 
-175.00, 45.25, 58.90, -43.11, -6.45, 95.25, -10.71, 3.83, 
-174.00, 45.50, 59.24, -43.09, -6.44, 95.00, -10.73, 3.83, 
-173.00, 45.53, 58.10, -43.00, -6.44, 94.75, -10.74, 3.83, 
-172.00, 45.27, 57.69, -42.72, -6.43, 94.49, -10.76, 3.82, 
-171.00, 45.58, 58.79, -42.61, -6.42, 94.24, -10.78, 3.82, 
-170.00, 45.50, 57.80, -42.74, -6.41, 93.99, -10.79, 3.82, 
-169.00, 44.67, 58.51, -43.34, -6.40, 93.73, -10.81, 3.83, 
-168.00, 45.23, 58.82, -42.88, -6.39, 93.48, -10.83, 3.83, 
-167.00, 45.59, 56.76, -42.92, -6.39, 93.23, -10.84, 3.84, 
-166.00, 45.78, 57.25, -42.58, -6.38, 92.97, -10.86, 3.84, 
-165.00, 45.82, 56.28, -42.88, -6.37, 92.72, -10.88, 3.82, 
-164.00, 45.72, 55.53, -43.12, -6.36, 92.47, -10.90, 3.82, 
-163.00, 45.71, 57.64, -43.12, -6.35, 92.21, -10.91, 3.83, 
-162.00, 45.68, 55.95, -42.60, -6.35, 91.96, -10.93, 3.83, 
-161.00, 45.80, 57.16, -43.32, -6.34, 91.70, -10.95, 3.84, 
-160.00, 45.96, 55.74, -42.92, -6.33, 91.45, -10.96, 3.84, 
-159.00, 45.85, 54.69, -43.24, -6.32, 91.19, -10.98, 3.82, 
-158.00, 45.85, 55.34, -42.88, -6.31, 90.94, -11.00, 3.82, 
-157.00, 45.63, 54.34, -43.01, -6.30, 90.69, -11.01, 3.83, 
-156.00, 45.94, 55.47, -43.02, -6.30, 90.43, -11.03, 3.84, 
-155.00, 45.66, 55.56, -43.09, -6.29, 90.18, -11.05, 3.84, 
-154.00, 45.44, 54.10, -43.09, -6.28, 89.92, -11.07, 3.84, 
-153.00, 45.25, 55.36, -43.21, -6.27, 89.67, -11.08, 3.83, 
-152.00, 45.43, 53.27, -43.11, -6.26, 89.41, -11.10, 3.83, 
-151.00, 45.90, 52.78, -43.28, -6.26, 89.16, -11.12, 3.83, 
-150.00, 45.78, 53.47, -43.45, -6.25, 88.90, -11.13, 3.84, 
-149.00, 45.88, 51.81, -43.31, -6.24, 88.64, -11.15, 3.84, 
-148.00, 45.74, 53.67, -43.03, -6.23, 88.39, -11.17, 3.83, 
-147.00, 45.79, 52.24, -42.76, -6.22, 88.13, -11.19, 3.83, 
-146.00, 45.93, 53.56, -43.78, -6.21, 87.88, -11.20, 3.83, 
-145.00, 45.86, 52.79, -43.31, -6.21, 87.62, -11.22, 3.84, 
-144.00, 45.83, 51.32, -43.53, -6.20, 87.37, -11.24, 3.84, 
-143.00, 46.04, 51.96, -43.24, -6.19, 87.11, -11.26, 3.83, 
-142.00, 46.09, 50.62, -43.34, -6.18, 86.85, -11.27, 3.83, 
-141.00, 45.99, 52.33, -43.27, -6.17, 86.60, -11.29, 3.84, 
-140.00, 46.04, 51.86, -43.06, -6.16, 86.34, -11.31, 3.84, 
-139.00, 45.63, 51.33, -43.23, -6.16, 86.08, -11.32, 3.83, 
-138.00, 45.89, 51.89, -43.05, -6.15, 85.83, -11.34, 3.83, 
-137.00, 45.96, 49.81, -43.49, -6.14, 85.57, -11.36, 3.84, 
-136.00, 45.72, 49.49, -43.52, -6.13, 85.31, -11.38, 3.84, 
-135.00, 46.04, 49.82, -43.22, -6.12, 85.06, -11.39, 3.83, 
-134.00, 45.82, 49.15, -43.29, -6.11, 84.80, -11.41, 3.83, 
-133.00, 45.95, 50.44, -43.22, -6.11, 84.54, -11.43, 3.83, 
-132.00, 46.06, 48.98, -43.14, -6.10, 84.29, -11.45, 3.83, 
-131.00, 46.07, 49.04, -43.14, -6.09, 84.03, -11.46, 3.84, 
-130.00, 46.28, 49.47, -43.72, -6.08, 83.77, -11.48, 3.84, 
-129.00, 46.05, 47.56, -43.29, -6.07, 83.51, -11.50, 3.84, 
-128.00, 46.25, 47.78, -43.00, -6.06, 83.26, -11.52, 3.84, 
-127.00, 45.89, 47.65, -43.44, -6.06, 83.00, -11.53, 3.83, 
-126.00, 46.04, 47.01, -43.53, -6.05, 82.74, -11.55, 3.83, 
-125.00, 46.29, 48.49, -43.86, -6.04, 82.48, -11.57, 3.83, 
-124.00, 46.20, 47.21, -43.45, -6.03, 82.23, -11.59, 3.84, 
-123.00, 46.19, 46.81, -44.02, -6.02, 81.97, -11.60, 3.85, 
-122.00, 46.18, 47.77, -43.86, -6.01, 81.71, -11.62, 3.83, 
-121.00, 46.17, 46.13, -43.93, -6.01, 81.45, -11.64, 3.83, 
-120.00, 46.42, 47.71, -43.82, -6.00, 81.19, -11.66, 3.83, 
-119.00, 46.35, 47.21, -43.53, -5.99, 80.94, -11.67, 3.84, 
-118.00, 46.28, 45.72, -43.89, -5.98, 80.68, -11.69, 3.85, 
-117.00, 46.00, 46.20, -43.57, -5.97, 80.42, -11.71, 3.83, 
-116.00, 45.96, 44.32, -43.40, -5.96, 80.16, -11.73, 3.83, 
-115.00, 45.64, 45.59, -43.71, -5.95, 79.90, -11.74, 3.84, 
-114.00, 46.00, 46.14, -43.69, -5.95, 79.64, -11.76, 3.85, 
-113.00, 46.06, 43.53, -43.99, -5.94, 79.38, -11.78, 3.84, 
-112.00, 45.99, 45.19, -44.20, -5.93, 79.13, -11.80, 3.84, 
-111.00, 46.01, 44.55, -43.54, -5.92, 78.87, -11.82, 3.84, 
-110.00, 45.69, 43.83, -43.48, -5.91, 78.61, -11.83, 3.85, 
-109.00, 45.74, 44.82, -43.85, -5.90, 78.35, -11.85, 3.84, 
-108.00, 45.87, 42.48, -43.86, -5.90, 78.09, -11.87, 3.84, 
-107.00, 45.73, 42.45, -44.27, -5.89, 77.83, -11.89, 3.84, 
-106.00, 45.70, 42.76, -44.37, -5.88, 77.57, -11.90, 3.84, 
-105.00, 45.76, 41.68, -44.03, -5.87, 77.31, -11.92, 3.84, 
-104.00, 45.69, 43.38, -43.59, -5.86, 77.05, -11.94, 3.84, 
-103.00, 45.77, 41.73, -43.09, -5.85, 76.79, -11.96, 3.85, 
-102.00, 45.86, 41.70, -43.58, -5.84, 76.53, -11.98, 3.84, 
-101.00, 45.96, 42.28, -43.73, -5.84, 76.27, -11.99, 3.84, 
-100.00, 45.85, 41.40, -43.88, -5.83, 76.01, -12.01, 3.85, 
-99.00, 45.82, 42.59, -43.77, -5.82, 75.75, -12.03, 3.84, 
-98.00, 45.76, 40.58, -43.79, -5.81, 75.49, -12.05, 3.84, 
-97.00, 46.04, 41.68, -44.06, -5.80, 75.23, -12.06, 3.84, 
-96.00, 46.15, 39.87, -43.64, -5.79, 74.97, -12.08, 3.84, 
-95.00, 46.00, 40.25, -44.06, -5.78, 74.71, -12.10, 3.85, 
-94.00, 46.43, 41.28, -44.05, -5.78, 74.45, -12.12, 3.84, 
-93.00, 46.14, 40.89, -44.22, -5.77, 74.19, -12.14, 3.84, 
-92.00, 46.35, 40.72, -43.92, -5.76, 73.93, -12.15, 3.85, 
-91.00, 46.36, 38.75, -44.17, -5.75, 73.67, -12.17, 3.84, 
-90.00, 46.72, 39.61, -43.72, -5.74, 73.41, -12.19, 3.84, 
-89.00, 46.35, 38.66, -43.97, -5.73, 73.15, -12.21, 3.84, 
-88.00, 46.59, 40.10, -43.79, -5.72, 72.89, -12.23, 3.84, 
-87.00, 46.23, 38.57, -43.74, -5.72, 72.63, -12.24, 3.85, 
-86.00, 46.24, 37.76, -43.54, -5.71, 72.37, -12.26, 3.84, 
-85.00, 46.27, 38.53, -43.76, -5.70, 72.11, -12.28, 3.84, 
-84.00, 46.21, 37.61, -44.09, -5.69, 71.85, -12.30, 3.84, 
-83.00, 46.24, 38.18, -43.95, -5.68, 71.59, -12.32, 3.84, 
-82.00, 46.26, 36.56, -44.50, -5.67, 71.33, -12.33, 3.84, 
-81.00, 46.23, 37.40, -44.28, -5.66, 71.06, -12.35, 3.84, 
-80.00, 46.10, 37.71, -43.92, -5.66, 70.80, -12.37, 3.85, 
-79.00, 45.95, 36.46, -44.11, -5.65, 70.54, -12.39, 3.84, 
-78.00, 46.37, 36.87, -44.40, -5.64, 70.28, -12.41, 3.85, 
-77.00, 46.42, 35.35, -44.31, -5.63, 70.02, -12.42, 3.84, 
-76.00, 46.59, 36.63, -44.47, -5.62, 69.76, -12.44, 3.85, 
-75.00, 46.52, 34.99, -44.27, -5.61, 69.50, -12.46, 3.84, 
-74.00, 46.30, 36.12, -43.85, -5.60, 69.23, -12.48, 3.85, 
-73.00, 46.40, 36.46, -44.12, -5.59, 68.97, -12.50, 3.84, 
-72.00, 46.07, 34.17, -43.83, -5.59, 68.71, -12.51, 3.85, 
-71.00, 46.35, 35.32, -44.06, -5.58, 68.45, -12.53, 3.84, 
-70.00, 46.74, 33.72, -44.33, -5.57, 68.19, -12.55, 3.85, 
-69.00, 46.30, 35.21, -44.71, -5.56, 67.93, -12.57, 3.84, 
-68.00, 46.72, 33.78, -44.43, -5.55, 67.66, -12.59, 3.85, 
-67.00, 46.44, 34.10, -44.21, -5.54, 67.40, -12.61, 3.84, 
-66.00, 46.47, 34.90, -43.91, -5.53, 67.14, -12.62, 3.85, 
-65.00, 46.51, 33.02, -44.12, -5.53, 66.88, -12.64, 3.84, 
-64.00, 46.31, 33.89, -44.40, -5.52, 66.62, -12.66, 3.85, 
-63.00, 46.55, 32.26, -45.47, -5.51, 66.35, -12.68, 3.84, 
-62.00, 46.69, 33.19, -45.08, -5.50, 66.09, -12.70, 3.84, 
-61.00, 46.57, 31.79, -44.94, -5.49, 65.83, -12.72, 3.84, 
-60.00, 46.64, 33.03, -44.97, -5.48, 65.57, -12.73, 3.84, 
-59.00, 46.41, 32.17, -44.86, -5.47, 65.30, -12.75, 3.84, 
-58.00, 46.58, 31.10, -45.10, -5.46, 65.04, -12.77, 3.84, 
-57.00, 46.44, 32.25, -44.88, -5.46, 64.78, -12.79, 3.85, 
-56.00, 46.54, 30.28, -44.77, -5.45, 64.52, -12.81, 3.84, 
-55.00, 46.36, 31.61, -44.37, -5.44, 64.25, -12.83, 3.85, 
-54.00, 46.31, 31.18, -44.90, -5.43, 63.99, -12.84, 3.84, 
-53.00, 46.41, 30.60, -44.83, -5.42, 63.73, -12.86, 3.84, 
-52.00, 46.47, 31.44, -44.82, -5.41, 63.47, -12.88, 3.84, 
-51.00, 46.62, 30.96, -44.90, -5.40, 63.20, -12.90, 3.84, 
-50.00, 46.21, 30.81, -43.99, -5.39, 62.94, -12.92, 3.84, 
-49.00, 46.63, 29.38, -45.07, -5.39, 62.68, -12.94, 3.84, 
-48.00, 46.57, 30.63, -45.13, -5.38, 62.42, -12.95, 3.85, 
-47.00, 46.49, 28.67, -44.80, -5.37, 62.15, -12.97, 3.85, 
-46.00, 46.54, 29.98, -44.53, -5.36, 61.89, -12.99, 3.84, 
-45.00, 46.36, 29.21, -44.62, -5.35, 61.63, -13.01, 3.85, 
-44.00, 46.54, 28.33, -44.82, -5.34, 61.36, -13.03, 3.85, 
-43.00, 46.66, 28.98, -44.98, -5.33, 61.10, -13.05, 3.85, 
-42.00, 46.23, 27.97, -45.10, -5.32, 60.84, -13.07, 3.85, 
-41.00, 46.34, 28.74, -44.28, -5.32, 60.57, -13.08, 3.85, 
-40.00, 46.36, 27.61, -44.59, -5.31, 60.31, -13.10, 3.85, 
-39.00, 46.75, 27.71, -44.69, -5.30, 60.05, -13.12, 3.85, 
-38.00, 46.45, 28.08, -44.56, -5.29, 59.78, -13.14, 3.85, 
-37.00, 46.84, 26.83, -44.87, -5.28, 59.52, -13.16, 3.85, 
-36.00, 46.69, 27.77, -44.63, -5.27, 59.26, -13.18, 3.85, 
-35.00, 46.85, 26.13, -44.78, -5.26, 58.99, -13.20, 3.85, 
-34.00, 46.56, 26.71, -44.09, -5.25, 58.73, -13.21, 3.85, 
-33.00, 46.75, 25.46, -44.69, -5.25, 58.47, -13.23, 3.85, 
-32.00, 46.80, 25.89, -45.32, -5.24, 58.20, -13.25, 3.85, 
-31.00, 46.63, 25.97, -44.91, -5.23, 57.94, -13.27, 3.85, 
-30.00, 46.72, 25.06, -45.16, -5.22, 57.68, -13.29, 3.85, 
-29.00, 46.38, 25.73, -44.58, -5.21, 57.41, -13.31, 3.85, 
-28.00, 46.57, 24.21, -44.31, -5.20, 57.15, -13.33, 3.85, 
-27.00, 46.69, 24.69, -45.22, -5.19, 56.88, -13.35, 3.85, 
-26.00, 46.52, 23.96, -44.95, -5.18, 56.62, -13.36, 3.85, 
-25.00, 46.52, 24.11, -45.41, -5.18, 56.36, -13.38, 3.85, 
-24.00, 46.35, 24.22, -45.74, -5.17, 56.09, -13.40, 3.85, 
-23.00, 46.53, 23.42, -45.51, -5.16, 55.83, -13.42, 3.85, 
-22.00, 46.50, 23.27, -45.07, -5.15, 55.57, -13.44, 3.85, 
-21.00, 46.63, 22.71, -45.21, -5.14, 55.30, -13.46, 3.85, 
-20.00, 46.65, 23.00, -45.25, -5.13, 55.04, -13.48, 3.85, 
-19.00, 46.45, 22.62, -45.31, -5.12, 54.77, -13.50, 3.85, 
-18.00, 46.81, 21.99, -45.23, -5.11, 54.51, -13.51, 3.85, 
-17.00, 46.69, 22.30, -45.30, -5.10, 54.25, -13.53, 3.85, 
-16.00, 46.61, 21.96, -45.74, -5.10, 53.98, -13.55, 3.85, 
-15.00, 46.51, 21.91, -45.43, -5.09, 53.72, -13.57, 3.85, 
-14.00, 46.58, 21.27, -45.34, -5.08, 53.45, -13.59, 3.85, 
-13.00, 46.88, 21.24, -45.15, -5.07, 53.19, -13.61, 3.85, 
-12.00, 46.22, 20.89, -45.25, -5.06, 52.92, -13.63, 3.85, 
-11.00, 46.37, 21.01, -45.73, -5.05, 52.66, -13.65, 3.85, 
-10.00, 46.34, 20.51, -45.87, -5.04, 52.40, -13.67, 3.85, 
-9.00, 46.42, 20.28, -45.82, -5.03, 52.13, -13.68, 3.85, 
-8.00, 46.60, 20.34, -45.64, -5.03, 51.87, -13.70, 3.85, 
-7.00, 46.33, 20.16, -45.61, -5.02, 51.60, -13.72, 3.85, 
-6.00, 46.60, 19.91, -45.82, -5.01, 51.34, -13.74, 3.85, 
-5.00, 46.62, 19.67, -46.02, -5.00, 51.07, -13.76, 3.85, 
-4.00, 46.70, 19.24, -46.10, -4.99, 50.81, -13.78, 3.85, 
-3.00, 46.69, 19.35, -45.79, -4.98, 50.55, -13.80, 3.85, 
-2.00, 46.77, 19.10, -45.59, -4.97, 50.28, -13.82, 3.85, 
-1.00, 46.66, 18.73, -45.85, -4.96, 50.02, -13.84, 3.85, 
0.00, 46.68, 18.67, -46.21, -4.95, 49.75, -13.86, 3.85, 
1.00, 46.60, 18.04, -46.03, -4.95, 49.49, -13.87, 3.85, 
2.00, 46.66, 17.85, -45.87, -4.94, 49.22, -13.89, 3.85, 
3.00, 46.69, 18.03, -46.01, -4.93, 48.96, -13.91, 3.85, 
4.00, 46.85, 17.45, -46.16, -4.92, 48.69, -13.93, 3.85, 
5.00, 46.83, 17.09, -46.03, -4.91, 48.43, -13.95, 3.85, 
6.00, 46.84, 16.85, -45.88, -4.90, 48.16, -13.97, 3.85, 
7.00, 46.87, 16.94, -46.51, -4.89, 47.90, -13.99, 3.85, 
8.00, 46.76, 16.97, -46.45, -4.88, 47.63, -14.01, 3.85, 
9.00, 46.99, 16.35, -46.07, -4.88, 47.37, -14.03, 3.85, 
10.00, 47.28, 16.52, -45.71, -4.87, 47.11, -14.05, 3.85, 
11.00, 46.95, 15.98, -45.90, -4.86, 46.84, -14.07, 3.85, 
12.00, 46.78, 16.07, -45.86, -4.85, 46.58, -14.09, 3.85, 
13.00, 46.79, 16.18, -46.02, -4.84, 46.31, -14.10, 3.85, 
14.00, 47.14, 15.08, -46.17, -4.83, 46.05, -14.12, 3.85, 
15.00, 47.04, 15.26, -45.98, -4.82, 45.78, -14.14, 3.85, 
16.00, 47.10, 14.67, -46.45, -4.81, 45.52, -14.16, 3.85, 
17.00, 46.92, 14.53, -46.28, -4.80, 45.25, -14.18, 3.85, 
18.00, 46.93, 14.10, -46.31, -4.80, 44.99, -14.20, 3.85, 
19.00, 46.90, 13.18, -46.70, -4.79, 44.72, -14.22, 3.85, 
20.00, 46.78, 13.74, -46.66, -4.78, 44.46, -14.24, 3.85, 
21.00, 46.74, 13.07, -46.43, -4.77, 44.19, -14.26, 3.85, 
22.00, 47.13, 12.84, -46.73, -4.76, 43.93, -14.28, 3.85, 
23.00, 47.04, 12.82, -46.45, -4.75, 43.66, -14.30, 3.85, 
24.00, 47.18, 13.29, -46.83, -4.74, 43.40, -14.32, 3.85, 
25.00, 47.06, 12.02, -46.96, -4.73, 43.13, -14.34, 3.85, 
26.00, 46.68, 12.20, -47.00, -4.72, 42.87, -14.36, 3.85, 
27.00, 46.97, 11.99, -46.47, -4.72, 42.60, -14.37, 3.85, 
28.00, 46.94, 11.79, -46.51, -4.71, 42.34, -14.39, 3.85, 
29.00, 46.96, 11.72, -46.61, -4.70, 42.07, -14.41, 3.85, 
30.00, 46.89, 10.95, -46.91, -4.69, 41.81, -14.43, 3.85, 
31.00, 46.94, 11.20, -46.71, -4.68, 41.54, -14.45, 3.85, 
32.00, 47.12, 10.89, -46.70, -4.67, 41.28, -14.47, 3.85, 
33.00, 47.16, 10.37, -46.85, -4.66, 41.02, -14.49, 3.85, 
34.00, 47.24, 9.83, -46.64, -4.65, 40.75, -14.51, 3.85, 
35.00, 46.99, 11.01, -46.72, -4.65, 40.49, -14.53, 3.85, 
36.00, 47.03, 9.83, -46.68, -4.64, 40.22, -14.55, 3.85, 
37.00, 46.83, 10.44, -46.95, -4.63, 39.96, -14.57, 3.85, 
38.00, 47.09, 9.58, -47.11, -4.62, 39.69, -14.59, 3.85, 
39.00, 47.00, 9.82, -46.95, -4.61, 39.43, -14.61, 3.85, 
40.00, 47.27, 9.66, -47.14, -4.60, 39.16, -14.63, 3.85, 
41.00, 47.15, 9.14, -47.35, -4.59, 38.90, -14.65, 3.85, 
42.00, 47.11, 9.26, -47.27, -4.58, 38.63, -14.67, 3.85, 
43.00, 47.02, 7.41, -47.07, -4.57, 38.37, -14.69, 3.85, 
44.00, 47.14, 8.06, -47.14, -4.57, 38.10, -14.71, 3.85, 
45.00, 47.19, 6.87, -47.16, -4.56, 37.84, -14.73, 3.85, 
46.00, 47.20, 7.54, -47.00, -4.55, 37.57, -14.74, 3.84, 
47.00, 46.95, 7.08, -46.74, -4.54, 37.31, -14.76, 3.85, 
48.00, 47.30, 6.49, -46.93, -4.53, 37.04, -14.78, 3.85, 
49.00, 47.23, 6.91, -47.08, -4.52, 36.78, -14.80, 3.85, 
50.00, 47.24, 6.34, -47.42, -4.51, 36.51, -14.82, 3.85, 
51.00, 47.14, 6.55, -47.33, -4.50, 36.25, -14.84, 3.85, 
52.00, 47.10, 6.81, -47.40, -4.50, 35.98, -14.86, 3.85, 
53.00, 46.99, 5.97, -47.12, -4.49, 35.72, -14.88, 3.85, 
54.00, 46.68, 6.62, -47.02, -4.48, 35.45, -14.90, 3.84, 
55.00, 47.18, 5.77, -47.03, -4.47, 35.19, -14.92, 3.84, 
56.00, 47.07, 4.98, -46.71, -4.46, 34.92, -14.94, 3.84, 
57.00, 47.11, 5.86, -47.05, -4.45, 34.66, -14.96, 3.84, 
58.00, 47.18, 4.31, -47.12, -4.44, 34.39, -14.98, 3.84, 
59.00, 47.22, 3.33, -47.36, -4.43, 34.13, -15.00, 3.84, 
60.00, 47.32, 4.62, -47.42, -4.42, 33.87, -15.02, 3.84, 
61.00, 47.23, 3.25, -47.61, -4.42, 33.60, -15.04, 3.84, 
62.00, 47.05, 3.82, -47.07, -4.41, 33.34, -15.06, 3.84, 
63.00, 47.13, 4.29, -47.21, -4.40, 33.07, -15.08, 3.84, 
64.00, 47.19, 3.12, -46.94, -4.39, 32.81, -15.10, 3.84, 
65.00, 47.12, 3.74, -47.10, -4.38, 32.54, -15.12, 3.84, 
66.00, 47.08, 3.34, -46.80, -4.37, 32.28, -15.14, 3.84, 
67.00, 47.33, 2.24, -46.80, -4.36, 32.01, -15.16, 3.85, 
68.00, 47.39, 2.71, -46.99, -4.35, 31.75, -15.18, 3.85, 
69.00, 47.47, 1.64, -46.97, -4.35, 31.48, -15.20, 3.85, 
70.00, 47.51, 1.37, -47.05, -4.34, 31.22, -15.22, 3.84, 
71.00, 47.36, 2.58, -46.74, -4.33, 30.95, -15.24, 3.84, 
72.00, 47.65, 0.87, -47.00, -4.32, 30.69, -15.26, 3.84, 
73.00, 47.50, 2.25, -46.83, -4.31, 30.43, -15.28, 3.84, 
74.00, 47.63, 1.55, -46.96, -4.30, 30.16, -15.30, 3.84, 
75.00, 47.54, -0.03, -47.35, -4.29, 29.90, -15.32, 3.84, 
76.00, 47.25, 1.46, -47.22, -4.28, 29.63, -15.34, 3.84, 
77.00, 47.28, -0.85, -47.51, -4.28, 29.37, -15.36, 3.85, 
78.00, 47.12, -0.62, -46.90, -4.27, 29.10, -15.38, 3.85, 
79.00, 47.47, -0.64, -46.75, -4.26, 28.84, -15.40, 3.84, 
80.00, 47.69, -1.48, -46.97, -4.25, 28.57, -15.42, 3.84, 
81.00, 47.31, 0.78, -47.08, -4.24, 28.31, -15.44, 3.84, 
82.00, 47.64, -1.44, -47.45, -4.23, 28.05, -15.46, 3.84, 
83.00, 47.33, -1.13, -47.21, -4.22, 27.78, -15.48, 3.84, 
84.00, 47.37, -0.34, -47.37, -4.21, 27.52, -15.50, 3.84, 
85.00, 47.49, -2.19, -47.41, -4.21, 27.25, -15.52, 3.85, 
86.00, 47.36, -1.00, -47.64, -4.20, 26.99, -15.54, 3.85, 
87.00, 47.41, -2.83, -47.61, -4.19, 26.72, -15.56, 3.84, 
88.00, 47.51, -3.15, -47.62, -4.18, 26.46, -15.58, 3.84, 
89.00, 47.25, -2.09, -47.35, -4.17, 26.20, -15.60, 3.84, 
90.00, 47.60, -3.11, -47.17, -4.16, 25.93, -15.62, 3.84, 
91.00, 47.66, -2.10, -47.29, -4.15, 25.67, -15.64, 3.84, 
92.00, 47.67, -2.59, -47.80, -4.14, 25.40, -15.66, 3.85, 
93.00, 47.35, -3.61, -47.89, -4.14, 25.14, -15.68, 3.84, 
94.00, 47.54, -3.00, -47.80, -4.13, 24.88, -15.70, 3.84, 
95.00, 47.71, -5.17, -47.52, -4.12, 24.61, -15.72, 3.84, 
96.00, 47.59, -5.32, -47.25, -4.11, 24.35, -15.74, 3.84, 
97.00, 47.61, -4.00, -47.36, -4.10, 24.08, -15.76, 3.84, 
98.00, 47.71, -4.94, -47.40, -4.09, 23.82, -15.78, 3.84, 
99.00, 47.70, -4.37, -47.20, -4.08, 23.56, -15.80, 3.85, 
100.00, 47.75, -4.89, -47.07, -4.07, 23.29, -15.82, 3.84, 
101.00, 47.99, -6.46, -47.59, -4.07, 23.03, -15.84, 3.84, 
102.00, 48.01, -4.71, -47.43, -4.06, 22.77, -15.86, 3.84, 
103.00, 48.21, -5.40, -47.29, -4.05, 22.50, -15.88, 3.84, 
104.00, 47.78, -5.07, -47.23, -4.04, 22.24, -15.90, 3.85, 
105.00, 47.76, -5.22, -47.25, -4.03, 21.97, -15.92, 3.84, 
106.00, 47.64, -7.39, -47.49, -4.02, 21.71, -15.94, 3.84, 
107.00, 47.90, -7.19, -47.63, -4.01, 21.45, -15.96, 3.84, 
108.00, 47.71, -7.40, -47.73, -4.00, 21.18, -15.98, 3.84, 
109.00, 48.05, -8.12, -48.09, -4.00, 20.92, -16.00, 3.85, 
110.00, 47.76, -5.85, -48.13, -3.99, 20.66, -16.02, 3.84, 
111.00, 47.74, -7.57, -47.90, -3.98, 20.39, -16.04, 3.84, 
112.00, 47.76, -8.79, -47.92, -3.97, 20.13, -16.06, 3.83, 
113.00, 47.72, -7.61, -48.16, -3.96, 19.87, -16.08, 3.84, 
114.00, 47.62, -8.88, -47.85, -3.95, 19.60, -16.10, 3.85, 
115.00, 47.68, -8.02, -47.94, -3.94, 19.34, -16.13, 3.83, 
116.00, 47.60, -8.19, -48.14, -3.94, 19.08, -16.15, 3.83, 
117.00, 47.71, -10.37, -47.90, -3.93, 18.81, -16.17, 3.84, 
118.00, 47.57, -9.35, -47.89, -3.92, 18.55, -16.19, 3.85, 
119.00, 47.74, -10.03, -47.84, -3.91, 18.29, -16.21, 3.83, 
120.00, 47.79, -9.70, -47.71, -3.90, 18.03, -16.23, 3.83, 
121.00, 47.68, -8.95, -47.90, -3.89, 17.76, -16.25, 3.83, 
122.00, 47.85, -11.25, -48.21, -3.88, 17.50, -16.27, 3.84, 
123.00, 47.72, -10.75, -47.85, -3.87, 17.24, -16.29, 3.84, 
124.00, 47.93, -11.38, -47.46, -3.87, 16.97, -16.31, 3.84, 
125.00, 48.06, -12.67, -47.61, -3.86, 16.71, -16.33, 3.83, 
126.00, 47.85, -10.60, -48.04, -3.85, 16.45, -16.35, 3.83, 
127.00, 47.86, -11.66, -47.86, -3.84, 16.19, -16.37, 3.83, 
128.00, 47.52, -12.33, -48.12, -3.83, 15.92, -16.39, 3.83, 
129.00, 47.64, -11.31, -47.85, -3.82, 15.66, -16.41, 3.84, 
130.00, 47.54, -13.82, -47.72, -3.81, 15.40, -16.43, 3.84, 
131.00, 47.77, -13.01, -47.71, -3.81, 15.14, -16.45, 3.84, 
132.00, 47.70, -11.86, -47.65, -3.80, 14.87, -16.47, 3.83, 
133.00, 47.73, -13.22, -47.94, -3.79, 14.61, -16.49, 3.83, 
134.00, 47.62, -12.86, -48.21, -3.78, 14.35, -16.52, 3.83, 
135.00, 47.51, -14.13, -48.36, -3.77, 14.09, -16.54, 3.84, 
136.00, 47.60, -14.70, -48.37, -3.76, 13.83, -16.56, 3.84, 
137.00, 47.70, -12.90, -48.04, -3.75, 13.56, -16.58, 3.83, 
138.00, 47.94, -14.07, -47.81, -3.75, 13.30, -16.60, 3.83, 
139.00, 47.84, -14.26, -48.40, -3.74, 13.04, -16.62, 3.84, 
140.00, 47.92, -15.21, -48.58, -3.73, 12.78, -16.64, 3.84, 
141.00, 48.36, -16.57, -48.23, -3.72, 12.52, -16.66, 3.83, 
142.00, 48.14, -14.76, -48.21, -3.71, 12.25, -16.68, 3.83, 
143.00, 48.47, -14.64, -47.94, -3.70, 11.99, -16.70, 3.84, 
144.00, 47.82, -15.97, -48.31, -3.69, 11.73, -16.72, 3.84, 
145.00, 47.89, -15.25, -48.40, -3.69, 11.47, -16.74, 3.83, 
146.00, 47.81, -17.01, -48.41, -3.68, 11.21, -16.76, 3.83, 
147.00, 47.57, -16.41, -48.30, -3.67, 10.95, -16.78, 3.84, 
148.00, 47.78, -15.29, -47.85, -3.66, 10.68, -16.80, 3.84, 
149.00, 47.74, -17.19, -48.13, -3.65, 10.42, -16.83, 3.83, 
150.00, 47.61, -16.41, -48.18, -3.64, 10.16, -16.85, 3.83, 
151.00, 47.91, -17.91, -48.41, -3.63, 9.90, -16.87, 3.84, 
152.00, 47.96, -18.13, -48.39, -3.63, 9.64, -16.89, 3.84, 
153.00, 47.98, -16.38, -48.09, -3.62, 9.38, -16.91, 3.83, 
154.00, 47.76, -18.02, -48.69, -3.61, 9.12, -16.93, 3.83, 
155.00, 47.60, -18.10, -48.70, -3.60, 8.86, -16.95, 3.84, 
156.00, 47.47, -17.72, -48.35, -3.59, 8.59, -16.97, 3.83, 
157.00, 47.76, -18.32, -48.69, -3.58, 8.33, -16.99, 3.83, 
158.00, 47.82, -18.56, -48.59, -3.58, 8.07, -17.01, 3.84, 
159.00, 47.67, -19.58, -48.71, -3.57, 7.81, -17.03, 3.83, 
160.00, 47.51, -19.19, -48.99, -3.56, 7.55, -17.06, 3.84, 
161.00, 47.59, -17.97, -48.71, -3.55, 7.29, -17.08, 3.84, 
162.00, 47.98, -20.76, -48.49, -3.54, 7.03, -17.10, 3.82, 
163.00, 47.89, -19.66, -48.12, -3.53, 6.77, -17.12, 3.83, 
164.00, 47.96, -19.64, -48.82, -3.52, 6.51, -17.14, 3.84, 
165.00, 47.75, -20.04, -48.53, -3.52, 6.25, -17.16, 3.83, 
166.00, 47.75, -20.24, -49.11, -3.51, 5.99, -17.18, 3.84, 
167.00, 47.69, -21.65, -48.44, -3.50, 5.73, -17.20, 3.82, 
168.00, 47.76, -20.57, -48.45, -3.49, 5.47, -17.22, 3.83, 
169.00, 47.35, -21.43, -47.98, -3.48, 5.21, -17.24, 3.82, 
170.00, 48.04, -22.78, -48.59, -3.47, 4.95, -17.26, 3.83, 
171.00, 48.12, -20.84, -48.23, -3.47, 4.69, -17.29, 3.84, 
172.00, 47.61, -21.78, -48.57, -3.46, 4.43, -17.31, 3.82, 
173.00, 47.87, -22.55, -48.55, -3.45, 4.17, -17.33, 3.83, 
174.00, 47.65, -21.52, -48.11, -3.44, 3.91, -17.35, 3.82, 
175.00, 48.08, -23.39, -48.23, -3.43, 3.65, -17.37, 3.83, 
176.00, 48.22, -22.55, -48.65, -3.42, 3.39, -17.39, 3.82, 
177.00, 48.10, -22.15, -48.55, -3.42, 3.13, -17.41, 3.83, 
178.00, 48.01, -22.48, -48.19, -3.41, 2.87, -17.43, 3.83, 
179.00, 47.87, -22.57, -48.43, -3.40, 2.61, -17.45, 3.83, 
180.00, 48.08, -23.98, -48.33, -3.39, 2.35, -17.48, 3.83, 
181.00, 47.48, -22.68, -48.94, -3.38, 2.09, -17.50, 3.82, 
182.00, 47.83, -23.87, -48.33, -3.37, 1.83, -17.52, 3.83, 
183.00, 47.80, -24.40, -48.65, -3.37, 1.57, -17.54, 3.82, 
184.00, 48.00, -23.45, -48.85, -3.36, 1.32, -17.56, 3.83, 
185.00, 47.99, -25.41, -48.56, -3.35, 1.06, -17.58, 3.82, 
186.00, 48.25, -24.24, -48.96, -3.34, 0.80, -17.60, 3.83, 
187.00, 48.09, -24.12, -48.94, -3.33, 0.54, -17.62, 3.82, 
188.00, 48.18, -26.36, -48.97, -3.32, 0.28, -17.65, 3.83, 
189.00, 48.03, -25.10, -48.78, -3.32, 0.02, -17.67, 3.82, 
190.00, 48.25, -26.57, -48.77, -3.31, -0.24, -17.69, 3.83, 
191.00, 48.19, -26.08, -48.71, -3.30, -0.49, -17.71, 3.83, 
192.00, 48.62, -25.82, -48.82, -3.29, -0.75, -17.73, 3.83, 
193.00, 48.42, -27.00, -48.86, -3.28, -1.01, -17.75, 3.83, 
194.00, 48.33, -26.48, -48.85, -3.27, -1.27, -17.77, 3.83, 
195.00, 48.54, -27.40, -48.95, -3.27, -1.53, -17.79, 3.83, 
196.00, 48.45, -27.50, -49.49, -3.26, -1.78, -17.82, 3.82, 
197.00, 48.06, -27.17, -49.42, -3.25, -2.04, -17.84, 3.83, 
198.00, 48.11, -27.58, -49.25, -3.24, -2.30, -17.86, 3.82, 
199.00, 48.10, -27.38, -49.69, -3.23, -2.56, -17.88, 3.83, 
200.00, 48.26, -28.16, -49.36, -3.22, -2.82, -17.90, 3.82, 
201.00, 48.15, -28.15, -49.49, -3.22, -3.07, -17.92, 3.83, 
202.00, 48.25, -28.56, -49.30, -3.21, -3.33, -17.94, 3.83, 
203.00, 48.26, -28.54, -49.47, -3.20, -3.59, -17.96, 3.81, 
204.00, 48.25, -28.86, -49.35, -3.19, -3.84, -17.99, 3.83, 
205.00, 48.02, -29.03, -49.27, -3.18, -4.10, -18.01, 3.82, 
206.00, 48.06, -29.28, -49.49, -3.18, -4.36, -18.03, 3.83, 
207.00, 48.17, -29.42, -49.57, -3.17, -4.62, -18.05, 3.83, 
208.00, 48.20, -30.98, -49.38, -3.16, -4.87, -18.07, 3.82, 
209.00, 48.42, -29.94, -49.32, -3.15, -5.13, -18.09, 3.83, 
210.00, 48.51, -30.64, -49.43, -3.14, -5.39, -18.11, 3.82, 
211.00, 48.45, -30.67, -49.32, -3.14, -5.64, -18.14, 3.82, 
212.00, 48.33, -30.51, -49.43, -3.13, -5.90, -18.16, 3.83, 
213.00, 48.42, -31.98, -49.23, -3.12, -6.16, -18.18, 3.82, 
214.00, 48.37, -31.04, -49.21, -3.11, -6.41, -18.20, 3.82, 
215.00, 48.32, -32.13, -49.44, -3.10, -6.67, -18.22, 3.82, 
216.00, 48.13, -31.69, -49.31, -3.09, -6.92, -18.24, 3.82, 
217.00, 48.04, -31.22, -49.30, -3.09, -7.18, -18.27, 3.82, 
218.00, 48.22, -32.43, -49.21, -3.08, -7.44, -18.29, 3.81, 
219.00, 48.45, -31.45, -49.17, -3.07, -7.69, -18.31, 3.82, 
220.00, 48.55, -32.62, -49.40, -3.06, -7.95, -18.33, 3.82, 
221.00, 48.40, -32.21, -49.44, -3.05, -8.20, -18.35, 3.81, 
222.00, 48.87, -32.72, -49.66, -3.05, -8.46, -18.37, 3.82, 
223.00, 48.67, -33.35, -49.66, -3.04, -8.71, -18.39, 3.82, 
224.00, 48.52, -33.48, -49.84, -3.03, -8.97, -18.42, 3.82, 
225.00, 48.70, -33.89, -49.53, -3.02, -9.22, -18.44, 3.82, 
226.00, 48.52, -33.65, -49.32, -3.01, -9.48, -18.46, 3.82, 
227.00, 48.56, -33.93, -49.23, -3.01, -9.73, -18.48, 3.82, 
228.00, 48.51, -34.93, -49.85, -3.00, -9.99, -18.50, 3.82, 
229.00, 48.51, -34.54, -49.55, -2.99, -10.24, -18.52, 3.82, 
230.00, 48.29, -35.70, -49.69, -2.98, -10.50, -18.55, 3.82, 
231.00, 48.15, -35.08, -49.43, -2.97, -10.75, -18.57, 3.82, 
232.00, 48.24, -35.64, -49.40, -2.97, -11.01, -18.59, 3.82, 
233.00, 48.31, -35.54, -49.63, -2.96, -11.26, -18.61, 3.80, 
234.00, 48.32, -35.77, -49.32, -2.95, -11.52, -18.63, 3.82, 
235.00, 48.25, -36.24, -49.32, -2.94, -11.77, -18.66, 3.82, 
236.00, 48.48, -36.03, -49.44, -2.93, -12.02, -18.68, 3.82, 
237.00, 48.43, -36.64, -49.33, -2.93, -12.28, -18.70, 3.82, 
238.00, 48.59, -36.95, -49.75, -2.92, -12.53, -18.72, 3.82, 
239.00, 48.36, -36.88, -49.52, -2.91, -12.78, -18.74, 3.82, 
240.00, 48.44, -37.22, -49.92, -2.90, -13.04, -18.76, 3.82, 
241.00, 48.39, -36.86, -49.70, -2.90, -13.29, -18.79, 3.82, 
242.00, 48.49, -37.30, -50.04, -2.89, -13.54, -18.81, 3.82, 
243.00, 48.48, -37.24, -49.59, -2.88, -13.80, -18.83, 3.81, 
244.00, 48.73, -37.83, -49.67, -2.87, -14.05, -18.85, 3.81, 
245.00, 48.25, -38.20, -50.08, -2.86, -14.30, -18.87, 3.80, 
246.00, 48.32, -38.17, -49.83, -2.86, -14.56, -18.89, 3.81, 
247.00, 48.45, -38.65, -50.11, -2.85, -14.81, -18.92, 3.81, 
248.00, 48.26, -39.00, -50.23, -2.84, -15.06, -18.94, 3.81, 
249.00, 47.96, -39.23, -49.87, -2.83, -15.31, -18.96, 3.81, 
250.00, 48.00, -39.64, -50.13, -2.82, -15.57, -18.98, 3.81, 
251.00, 48.52, -39.82, -49.63, -2.82, -15.82, -19.00, 3.81, 
252.00, 48.30, -39.90, -49.23, -2.81, -16.07, -19.03, 3.81, 
253.00, 48.23, -39.98, -49.65, -2.80, -16.32, -19.05, 3.81, 
254.00, 48.26, -40.29, -49.44, -2.79, -16.58, -19.07, 3.81, 
255.00, 48.64, -40.63, -49.87, -2.79, -16.83, -19.09, 3.81, 
