---START---
-255.00, 63.91, 99.22, -31.42, -7.07, 115.05, -9.40, 4.36, 
-254.00, 52.79, 104.65, -24.93, -7.06, 114.81, -9.42, 4.35, 
-253.00, 52.56, 104.48, -24.84, -7.05, 114.57, -9.43, 4.34, 
-252.00, 52.71, 103.79, -25.22, -7.05, 114.33, -9.45, 4.34, 
-251.00, 52.61, 103.69, -24.38, -7.04, 114.08, -9.46, 4.34, 
-250.00, 52.61, 103.52, -24.81, -7.03, 113.84, -9.48, 4.34, 
-249.00, 52.43, 103.08, -24.86, -7.02, 113.60, -9.49, 4.34, 
-248.00, 52.39, 102.93, -25.06, -7.02, 113.36, -9.51, 4.34, 
-247.00, 52.70, 102.44, -25.66, -7.01, 113.11, -9.53, 4.34, 
-246.00, 52.03, 102.69, -25.23, -7.00, 112.87, -9.54, 4.34, 
-245.00, 52.87, 102.10, -25.20, -6.99, 112.63, -9.56, 4.35, 
-244.00, 52.87, 101.59, -24.98, -6.99, 112.38, -9.57, 4.35, 
-243.00, 52.41, 101.25, -25.07, -6.98, 112.14, -9.59, 4.35, 
-242.00, 52.30, 101.01, -25.22, -6.97, 111.90, -9.61, 4.35, 
-241.00, 52.51, 100.74, -25.36, -6.96, 111.65, -9.62, 4.35, 
-240.00, 52.44, 100.20, -25.15, -6.96, 111.41, -9.64, 4.35, 
-239.00, 52.64, 100.48, -25.25, -6.95, 111.17, -9.65, 4.35, 
-238.00, 52.63, 100.09, -25.23, -6.94, 110.92, -9.67, 4.35, 
-237.00, 52.35, 99.55, -25.25, -6.93, 110.68, -9.69, 4.35, 
-236.00, 52.36, 99.39, -25.21, -6.93, 110.43, -9.70, 4.34, 
-235.00, 52.22, 98.59, -24.71, -6.92, 110.19, -9.72, 4.35, 
-234.00, 52.50, 98.63, -24.87, -6.91, 109.94, -9.73, 4.35, 
-233.00, 52.15, 97.73, -25.14, -6.90, 109.70, -9.75, 4.35, 
-232.00, 52.48, 98.27, -25.47, -6.90, 109.45, -9.77, 4.35, 
-231.00, 52.69, 97.24, -25.14, -6.89, 109.21, -9.78, 4.35, 
-230.00, 52.85, 97.63, -25.37, -6.88, 108.96, -9.80, 4.35, 
-229.00, 53.25, 97.72, -25.29, -6.87, 108.72, -9.82, 4.35, 
-228.00, 53.17, 96.82, -25.11, -6.87, 108.47, -9.83, 4.35, 
-227.00, 53.17, 97.00, -25.18, -6.86, 108.22, -9.85, 4.35, 
-226.00, 53.12, 96.24, -25.20, -6.85, 107.98, -9.86, 4.35, 
-225.00, 53.16, 96.21, -25.59, -6.84, 107.73, -9.88, 4.35, 
-224.00, 53.02, 96.14, -25.61, -6.84, 107.49, -9.90, 4.35, 
-223.00, 52.99, 95.25, -25.66, -6.83, 107.24, -9.91, 4.35, 
-222.00, 53.00, 95.92, -25.60, -6.82, 106.99, -9.93, 4.35, 
-221.00, 53.15, 94.77, -25.54, -6.81, 106.75, -9.95, 4.35, 
-220.00, 53.13, 95.02, -25.33, -6.81, 106.50, -9.96, 4.35, 
-219.00, 53.38, 94.60, -25.89, -6.80, 106.25, -9.98, 4.35, 
-218.00, 53.45, 93.50, -26.05, -6.79, 106.00, -9.99, 4.35, 
-217.00, 53.63, 94.05, -26.24, -6.78, 105.76, -10.01, 4.35, 
-216.00, 53.80, 93.29, -25.64, -6.77, 105.51, -10.03, 4.36, 
-215.00, 53.70, 93.84, -25.76, -6.77, 105.26, -10.04, 4.36, 
-214.00, 53.78, 93.07, -25.85, -6.76, 105.01, -10.06, 4.36, 
-213.00, 53.84, 93.31, -26.23, -6.75, 104.77, -10.08, 4.36, 
-212.00, 53.89, 93.06, -26.07, -6.74, 104.52, -10.09, 4.36, 
-211.00, 54.01, 92.21, -25.83, -6.74, 104.27, -10.11, 4.36, 
-210.00, 54.05, 92.93, -26.08, -6.73, 104.02, -10.13, 4.36, 
-209.00, 54.03, 91.64, -25.51, -6.72, 103.77, -10.14, 4.35, 
-208.00, 54.29, 91.84, -25.85, -6.71, 103.53, -10.16, 4.36, 
-207.00, 54.37, 91.36, -26.06, -6.71, 103.28, -10.17, 4.36, 
-206.00, 54.18, 90.42, -26.16, -6.70, 103.03, -10.19, 4.36, 
-205.00, 54.20, 91.25, -26.26, -6.69, 102.78, -10.21, 4.36, 
-204.00, 53.97, 89.65, -25.97, -6.68, 102.53, -10.22, 4.36, 
-203.00, 54.24, 90.98, -26.13, -6.67, 102.28, -10.24, 4.36, 
-202.00, 54.17, 89.45, -26.27, -6.67, 102.03, -10.26, 4.36, 
-201.00, 53.92, 89.94, -26.54, -6.66, 101.78, -10.27, 4.35, 
-200.00, 53.91, 89.83, -26.26, -6.65, 101.53, -10.29, 4.36, 
-199.00, 53.72, 88.86, -25.82, -6.64, 101.28, -10.31, 4.36, 
-198.00, 53.79, 90.25, -25.86, -6.63, 101.03, -10.32, 4.36, 
-197.00, 54.21, 89.17, -26.44, -6.63, 100.78, -10.34, 4.36, 
-196.00, 54.12, 90.28, -25.84, -6.62, 100.53, -10.36, 4.36, 
-195.00, 54.19, 88.57, -25.68, -6.61, 100.28, -10.37, 4.36, 
-194.00, 53.94, 88.55, -25.86, -6.60, 100.03, -10.39, 4.36, 
-193.00, 54.14, 88.76, -25.30, -6.60, 99.78, -10.41, 4.36, 
-192.00, 53.89, 87.45, -25.74, -6.59, 99.53, -10.42, 4.36, 
-191.00, 53.62, 88.51, -25.68, -6.58, 99.28, -10.44, 4.36, 
-190.00, 53.59, 86.11, -25.76, -6.57, 99.03, -10.46, 4.36, 
-189.00, 53.57, 87.71, -25.64, -6.56, 98.78, -10.47, 4.36, 
-188.00, 53.28, 86.01, -25.45, -6.56, 98.53, -10.49, 4.37, 
-187.00, 53.23, 86.16, -25.57, -6.55, 98.28, -10.51, 4.36, 
-186.00, 53.32, 86.59, -25.52, -6.54, 98.02, -10.52, 4.36, 
-185.00, 53.16, 85.27, -25.85, -6.53, 97.77, -10.54, 4.37, 
-184.00, 53.19, 86.77, -25.99, -6.52, 97.52, -10.56, 4.37, 
-183.00, 53.63, 85.17, -25.98, -6.52, 97.27, -10.57, 4.37, 
-182.00, 53.72, 86.28, -25.70, -6.51, 97.02, -10.59, 4.36, 
-181.00, 53.52, 85.78, -25.39, -6.50, 96.77, -10.61, 4.36, 
-180.00, 53.36, 84.30, -25.83, -6.49, 96.51, -10.62, 4.37, 
-179.00, 53.49, 85.41, -25.81, -6.48, 96.26, -10.64, 4.37, 
-178.00, 53.61, 83.08, -25.39, -6.48, 96.01, -10.66, 4.37, 
-177.00, 53.20, 84.42, -25.45, -6.47, 95.76, -10.67, 4.36, 
-176.00, 53.57, 82.71, -25.31, -6.46, 95.50, -10.69, 4.36, 
-175.00, 53.29, 82.65, -25.48, -6.45, 95.25, -10.71, 4.37, 
-174.00, 53.63, 83.84, -25.52, -6.44, 95.00, -10.73, 4.37, 
-173.00, 53.61, 83.12, -25.57, -6.44, 94.75, -10.74, 4.37, 
-172.00, 53.34, 84.10, -26.06, -6.43, 94.49, -10.76, 4.36, 
-171.00, 53.36, 81.90, -26.02, -6.42, 94.24, -10.78, 4.36, 
-170.00, 53.41, 81.73, -26.33, -6.41, 93.99, -10.79, 4.37, 
-169.00, 53.44, 81.53, -25.76, -6.40, 93.73, -10.81, 4.37, 
-168.00, 53.48, 81.30, -26.09, -6.39, 93.48, -10.83, 4.37, 
-167.00, 53.74, 83.32, -26.19, -6.39, 93.23, -10.84, 4.37, 
-166.00, 53.88, 81.20, -25.69, -6.38, 92.97, -10.86, 4.37, 
-165.00, 53.57, 81.92, -26.17, -6.37, 92.72, -10.88, 4.37, 
-164.00, 53.56, 81.58, -26.22, -6.36, 92.47, -10.90, 4.37, 
-163.00, 53.38, 79.89, -26.42, -6.35, 92.21, -10.91, 4.37, 
-162.00, 53.40, 80.72, -26.37, -6.35, 91.96, -10.93, 4.37, 
-161.00, 53.57, 79.04, -25.95, -6.34, 91.70, -10.95, 4.37, 
-160.00, 53.17, 81.07, -26.15, -6.33, 91.45, -10.96, 4.37, 
-159.00, 53.49, 80.67, -25.94, -6.32, 91.19, -10.98, 4.37, 
-158.00, 53.30, 79.81, -26.16, -6.31, 90.94, -11.00, 4.37, 
-157.00, 53.47, 80.58, -25.92, -6.30, 90.69, -11.01, 4.37, 
-156.00, 53.27, 78.16, -26.09, -6.30, 90.43, -11.03, 4.37, 
-155.00, 53.18, 77.99, -25.97, -6.29, 90.18, -11.05, 4.37, 
-154.00, 53.40, 78.32, -25.89, -6.28, 89.92, -11.07, 4.38, 
-153.00, 53.47, 76.87, -25.56, -6.27, 89.67, -11.08, 4.38, 
-152.00, 53.15, 78.05, -25.81, -6.26, 89.41, -11.10, 4.37, 
-151.00, 53.42, 77.09, -26.06, -6.26, 89.16, -11.12, 4.37, 
-150.00, 53.24, 78.65, -26.33, -6.25, 88.90, -11.13, 4.37, 
-149.00, 53.25, 77.26, -26.32, -6.24, 88.64, -11.15, 4.38, 
-148.00, 53.07, 77.04, -26.41, -6.23, 88.39, -11.17, 4.38, 
-147.00, 53.49, 77.81, -26.42, -6.22, 88.13, -11.19, 4.37, 
-146.00, 53.31, 75.51, -26.42, -6.21, 87.88, -11.20, 4.37, 
-145.00, 53.63, 76.53, -26.56, -6.21, 87.62, -11.22, 4.37, 
-144.00, 53.80, 74.79, -26.12, -6.20, 87.37, -11.24, 4.37, 
-143.00, 53.46, 74.98, -26.57, -6.19, 87.11, -11.26, 4.38, 
-142.00, 53.50, 75.38, -26.62, -6.18, 86.85, -11.27, 4.38, 
-141.00, 53.70, 74.45, -26.37, -6.17, 86.60, -11.29, 4.37, 
-140.00, 53.84, 76.50, -26.61, -6.16, 86.34, -11.31, 4.37, 
-139.00, 53.67, 74.37, -26.28, -6.16, 86.08, -11.32, 4.38, 
-138.00, 53.24, 75.27, -26.61, -6.15, 85.83, -11.34, 4.38, 
-137.00, 53.64, 75.05, -26.72, -6.14, 85.57, -11.36, 4.37, 
-136.00, 53.76, 72.27, -26.85, -6.13, 85.31, -11.38, 4.37, 
-135.00, 53.66, 73.55, -26.88, -6.12, 85.06, -11.39, 4.38, 
-134.00, 53.67, 71.81, -26.69, -6.11, 84.80, -11.41, 4.38, 
-133.00, 53.95, 73.73, -26.99, -6.11, 84.54, -11.43, 4.38, 
-132.00, 53.80, 73.04, -26.61, -6.10, 84.29, -11.45, 4.37, 
-131.00, 53.85, 72.85, -27.18, -6.09, 84.03, -11.46, 4.38, 
-130.00, 53.74, 72.95, -26.69, -6.08, 83.77, -11.48, 4.38, 
-129.00, 53.94, 71.16, -27.33, -6.07, 83.51, -11.50, 4.38, 
-128.00, 53.99, 72.37, -27.02, -6.06, 83.26, -11.52, 4.38, 
-127.00, 53.98, 69.93, -26.94, -6.06, 83.00, -11.53, 4.38, 
-126.00, 53.82, 70.88, -27.42, -6.05, 82.74, -11.55, 4.38, 
-125.00, 53.82, 70.71, -27.07, -6.04, 82.48, -11.57, 4.38, 
-124.00, 53.74, 70.31, -26.64, -6.03, 82.23, -11.59, 4.38, 
-123.00, 53.83, 71.69, -27.35, -6.02, 81.97, -11.60, 4.38, 
-122.00, 53.77, 69.04, -27.59, -6.01, 81.71, -11.62, 4.38, 
-121.00, 53.85, 70.71, -27.28, -6.01, 81.45, -11.64, 4.38, 
-120.00, 53.89, 69.53, -27.92, -6.00, 81.19, -11.66, 4.38, 
-119.00, 53.90, 68.93, -27.67, -5.99, 80.94, -11.67, 4.38, 
-118.00, 54.04, 68.45, -27.73, -5.98, 80.68, -11.69, 4.38, 
-117.00, 54.00, 67.87, -28.06, -5.97, 80.42, -11.71, 4.38, 
-116.00, 54.41, 69.05, -28.01, -5.96, 80.16, -11.73, 4.38, 
-115.00, 54.43, 67.21, -27.85, -5.95, 79.90, -11.74, 4.38, 
-114.00, 54.18, 68.20, -28.10, -5.95, 79.64, -11.76, 4.38, 
-113.00, 54.35, 66.43, -27.98, -5.94, 79.38, -11.78, 4.38, 
-112.00, 53.96, 66.59, -27.73, -5.93, 79.13, -11.80, 4.38, 
-111.00, 54.04, 67.38, -27.49, -5.92, 78.87, -11.82, 4.38, 
-110.00, 54.09, 66.50, -27.33, -5.91, 78.61, -11.83, 4.38, 
-109.00, 54.17, 67.45, -27.25, -5.90, 78.35, -11.85, 4.38, 
-108.00, 54.34, 64.70, -27.47, -5.90, 78.09, -11.87, 4.38, 
-107.00, 54.33, 65.28, -27.52, -5.89, 77.83, -11.89, 4.39, 
-106.00, 54.51, 64.99, -27.05, -5.88, 77.57, -11.90, 4.38, 
-105.00, 54.18, 64.34, -27.78, -5.87, 77.31, -11.92, 4.38, 
-104.00, 54.37, 66.23, -27.66, -5.86, 77.05, -11.94, 4.38, 
-103.00, 54.21, 64.66, -27.44, -5.85, 76.79, -11.96, 4.38, 
-102.00, 54.31, 65.97, -27.23, -5.84, 76.53, -11.98, 4.38, 
-101.00, 54.07, 62.77, -27.09, -5.84, 76.27, -11.99, 4.39, 
-100.00, 54.33, 63.60, -27.40, -5.83, 76.01, -12.01, 4.38, 
-99.00, 54.61, 63.34, -27.37, -5.82, 75.75, -12.03, 4.38, 
-98.00, 54.20, 64.17, -27.71, -5.81, 75.49, -12.05, 4.39, 
-97.00, 54.55, 64.30, -27.66, -5.80, 75.23, -12.06, 4.38, 
-96.00, 54.65, 63.01, -28.16, -5.79, 74.97, -12.08, 4.38, 
-95.00, 54.45, 63.30, -27.81, -5.78, 74.71, -12.10, 4.39, 
-94.00, 54.30, 60.59, -27.96, -5.78, 74.45, -12.12, 4.38, 
-93.00, 54.26, 62.34, -27.82, -5.77, 74.19, -12.14, 4.38, 
-92.00, 54.27, 60.76, -27.37, -5.76, 73.93, -12.15, 4.39, 
-91.00, 54.16, 62.34, -27.33, -5.75, 73.67, -12.17, 4.38, 
-90.00, 54.14, 61.27, -27.97, -5.74, 73.41, -12.19, 4.38, 
-89.00, 54.23, 60.92, -28.06, -5.73, 73.15, -12.21, 4.39, 
-88.00, 54.50, 61.18, -27.70, -5.72, 72.89, -12.23, 4.38, 
-87.00, 54.27, 59.43, -27.29, -5.72, 72.63, -12.24, 4.38, 
-86.00, 54.14, 61.09, -27.35, -5.71, 72.37, -12.26, 4.39, 
-85.00, 54.48, 59.20, -27.42, -5.70, 72.11, -12.28, 4.38, 
-84.00, 54.56, 60.57, -27.59, -5.69, 71.85, -12.30, 4.39, 
-83.00, 54.44, 57.90, -27.68, -5.68, 71.59, -12.32, 4.38, 
-82.00, 54.41, 58.80, -27.59, -5.67, 71.33, -12.33, 4.39, 
-81.00, 54.36, 59.01, -27.05, -5.66, 71.06, -12.35, 4.39, 
-80.00, 54.33, 58.54, -27.07, -5.66, 70.80, -12.37, 4.39, 
-79.00, 54.51, 59.16, -27.21, -5.65, 70.54, -12.39, 4.39, 
-78.00, 54.21, 57.02, -28.26, -5.64, 70.28, -12.41, 4.39, 
-77.00, 54.54, 58.06, -28.23, -5.63, 70.02, -12.42, 4.39, 
-76.00, 54.51, 56.37, -27.75, -5.62, 69.76, -12.44, 4.39, 
-75.00, 54.11, 58.54, -27.73, -5.61, 69.50, -12.46, 4.39, 
-74.00, 54.37, 57.23, -27.85, -5.60, 69.23, -12.48, 4.39, 
-73.00, 54.48, 57.27, -27.96, -5.59, 68.97, -12.50, 4.39, 
-72.00, 54.40, 57.03, -27.87, -5.59, 68.71, -12.51, 4.39, 
-71.00, 54.47, 56.32, -28.32, -5.58, 68.45, -12.53, 4.39, 
-70.00, 54.71, 57.32, -28.04, -5.57, 68.19, -12.55, 4.39, 
-69.00, 54.67, 55.72, -27.83, -5.56, 67.93, -12.57, 4.39, 
-68.00, 54.52, 56.12, -28.05, -5.55, 67.66, -12.59, 4.39, 
-67.00, 54.88, 54.66, -27.76, -5.54, 67.40, -12.61, 4.39, 
-66.00, 54.84, 55.99, -27.51, -5.53, 67.14, -12.62, 4.39, 
-65.00, 54.67, 54.99, -27.49, -5.53, 66.88, -12.64, 4.39, 
-64.00, 54.38, 54.74, -27.54, -5.52, 66.62, -12.66, 4.39, 
-63.00, 54.34, 54.42, -27.97, -5.51, 66.35, -12.68, 4.39, 
-62.00, 54.53, 53.54, -27.64, -5.50, 66.09, -12.70, 4.39, 
-61.00, 54.57, 54.98, -27.92, -5.49, 65.83, -12.72, 4.39, 
-60.00, 54.56, 53.78, -27.57, -5.48, 65.57, -12.73, 4.39, 
-59.00, 54.65, 53.96, -27.79, -5.47, 65.30, -12.75, 4.39, 
-58.00, 54.74, 52.21, -28.16, -5.46, 65.04, -12.77, 4.39, 
-57.00, 54.45, 53.40, -28.19, -5.46, 64.78, -12.79, 4.39, 
-56.00, 54.66, 52.76, -27.56, -5.45, 64.52, -12.81, 4.39, 
-55.00, 54.70, 52.28, -27.84, -5.44, 64.25, -12.83, 4.39, 
-54.00, 54.56, 52.62, -27.83, -5.43, 63.99, -12.84, 4.39, 
-53.00, 54.70, 51.29, -27.90, -5.42, 63.73, -12.86, 4.39, 
-52.00, 54.57, 52.56, -28.15, -5.41, 63.47, -12.88, 4.39, 
-51.00, 54.41, 50.59, -28.38, -5.40, 63.20, -12.90, 4.39, 
-50.00, 54.46, 51.20, -28.73, -5.39, 62.94, -12.92, 4.39, 
-49.00, 54.69, 50.41, -28.58, -5.39, 62.68, -12.94, 4.39, 
-48.00, 54.76, 51.15, -28.76, -5.38, 62.42, -12.95, 4.39, 
-47.00, 54.44, 49.97, -28.06, -5.37, 62.15, -12.97, 4.39, 
-46.00, 54.57, 50.03, -28.30, -5.36, 61.89, -12.99, 4.39, 
-45.00, 54.75, 50.50, -27.85, -5.35, 61.63, -13.01, 4.39, 
-44.00, 54.32, 48.64, -28.48, -5.34, 61.36, -13.03, 4.39, 
-43.00, 54.49, 49.31, -28.30, -5.33, 61.10, -13.05, 4.39, 
-42.00, 54.62, 48.56, -28.54, -5.32, 60.84, -13.07, 4.39, 
-41.00, 54.32, 48.63, -28.04, -5.32, 60.57, -13.08, 4.39, 
-40.00, 54.71, 48.42, -27.96, -5.31, 60.31, -13.10, 4.39, 
-39.00, 55.06, 47.98, -28.22, -5.30, 60.05, -13.12, 4.39, 
-38.00, 54.48, 47.99, -28.69, -5.29, 59.78, -13.14, 4.39, 
-37.00, 55.05, 46.64, -28.48, -5.28, 59.52, -13.16, 4.39, 
-36.00, 54.81, 47.65, -28.75, -5.27, 59.26, -13.18, 4.39, 
-35.00, 54.95, 47.29, -28.62, -5.26, 58.99, -13.20, 4.39, 
-34.00, 54.89, 46.71, -28.83, -5.25, 58.73, -13.21, 4.39, 
-33.00, 55.05, 46.85, -28.68, -5.25, 58.47, -13.23, 4.39, 
-32.00, 55.00, 46.50, -28.49, -5.24, 58.20, -13.25, 4.39, 
-31.00, 55.09, 46.05, -28.43, -5.23, 57.94, -13.27, 4.39, 
-30.00, 54.89, 45.15, -28.17, -5.22, 57.68, -13.29, 4.39, 
-29.00, 54.59, 46.01, -28.24, -5.21, 57.41, -13.31, 4.39, 
-28.00, 54.90, 45.03, -28.01, -5.20, 57.15, -13.33, 4.39, 
-27.00, 55.27, 45.19, -28.17, -5.19, 56.88, -13.35, 4.39, 
-26.00, 55.18, 45.04, -28.40, -5.18, 56.62, -13.36, 4.39, 
-25.00, 55.13, 44.13, -28.41, -5.18, 56.36, -13.38, 4.39, 
-24.00, 55.13, 44.33, -28.75, -5.17, 56.09, -13.40, 4.39, 
-23.00, 55.01, 44.15, -28.88, -5.16, 55.83, -13.42, 4.39, 
-22.00, 55.41, 43.82, -28.49, -5.15, 55.57, -13.44, 4.39, 
-21.00, 55.33, 43.07, -28.45, -5.14, 55.30, -13.46, 4.39, 
-20.00, 55.20, 43.53, -28.43, -5.13, 55.04, -13.48, 4.39, 
-19.00, 55.16, 43.17, -28.90, -5.12, 54.77, -13.50, 4.39, 
-18.00, 55.01, 42.25, -29.00, -5.11, 54.51, -13.51, 4.39, 
-17.00, 55.36, 42.11, -28.79, -5.10, 54.25, -13.53, 4.39, 
-16.00, 55.55, 41.68, -28.56, -5.10, 53.98, -13.55, 4.39, 
-15.00, 55.31, 41.43, -28.59, -5.09, 53.72, -13.57, 4.39, 
-14.00, 54.84, 41.22, -28.29, -5.08, 53.45, -13.59, 4.39, 
-13.00, 55.06, 40.92, -28.61, -5.07, 53.19, -13.61, 4.39, 
-12.00, 55.19, 40.68, -28.54, -5.06, 52.92, -13.63, 4.39, 
-11.00, 54.95, 40.94, -28.63, -5.05, 52.66, -13.65, 4.39, 
-10.00, 55.07, 40.44, -28.94, -5.04, 52.40, -13.67, 4.39, 
-9.00, 55.38, 40.13, -29.04, -5.03, 52.13, -13.68, 4.39, 
-8.00, 55.21, 39.82, -28.33, -5.03, 51.87, -13.70, 4.39, 
-7.00, 55.22, 39.56, -28.46, -5.02, 51.60, -13.72, 4.39, 
-6.00, 55.22, 39.53, -28.79, -5.01, 51.34, -13.74, 4.39, 
-5.00, 55.33, 39.00, -28.93, -5.00, 51.07, -13.76, 4.39, 
-4.00, 55.21, 38.79, -28.82, -4.99, 50.81, -13.78, 4.39, 
-3.00, 55.43, 38.63, -28.69, -4.98, 50.55, -13.80, 4.39, 
-2.00, 54.88, 38.23, -28.92, -4.97, 50.28, -13.82, 4.39, 
-1.00, 55.00, 37.87, -28.77, -4.96, 50.02, -13.84, 4.39, 
0.00, 55.06, 37.79, -28.86, -4.95, 49.75, -13.86, 4.39, 
1.00, 55.20, 37.59, -29.21, -4.95, 49.49, -13.87, 4.39, 
2.00, 55.19, 37.37, -29.25, -4.94, 49.22, -13.89, 4.39, 
3.00, 55.10, 37.21, -28.86, -4.93, 48.96, -13.91, 4.39, 
4.00, 55.04, 36.98, -28.87, -4.92, 48.69, -13.93, 4.39, 
5.00, 55.20, 36.64, -28.98, -4.91, 48.43, -13.95, 4.39, 
6.00, 55.23, 36.09, -29.18, -4.90, 48.16, -13.97, 4.39, 
7.00, 55.44, 35.64, -29.37, -4.89, 47.90, -13.99, 4.39, 
8.00, 55.03, 35.85, -29.70, -4.88, 47.63, -14.01, 4.39, 
9.00, 54.73, 35.51, -29.44, -4.88, 47.37, -14.03, 4.39, 
10.00, 54.78, 35.19, -29.38, -4.87, 47.11, -14.05, 4.39, 
11.00, 54.90, 34.52, -29.01, -4.86, 46.84, -14.07, 4.39, 
12.00, 54.95, 34.43, -28.94, -4.85, 46.58, -14.09, 4.39, 
13.00, 55.03, 34.29, -28.95, -4.84, 46.31, -14.10, 4.39, 
14.00, 55.20, 34.16, -28.97, -4.83, 46.05, -14.12, 4.39, 
15.00, 55.01, 33.63, -28.84, -4.82, 45.78, -14.14, 4.39, 
16.00, 54.85, 34.01, -29.08, -4.81, 45.52, -14.16, 4.39, 
17.00, 54.56, 33.13, -29.79, -4.80, 45.25, -14.18, 4.39, 
18.00, 54.90, 32.90, -29.09, -4.80, 44.99, -14.20, 4.39, 
19.00, 55.15, 32.66, -29.27, -4.79, 44.72, -14.22, 4.39, 
20.00, 55.21, 31.91, -29.15, -4.78, 44.46, -14.24, 4.39, 
21.00, 55.54, 32.04, -29.10, -4.77, 44.19, -14.26, 4.39, 
22.00, 55.50, 31.66, -29.16, -4.76, 43.93, -14.28, 4.39, 
23.00, 55.46, 32.14, -29.24, -4.75, 43.66, -14.30, 4.39, 
24.00, 55.36, 31.53, -28.82, -4.74, 43.40, -14.32, 4.39, 
25.00, 55.33, 30.87, -29.15, -4.73, 43.13, -14.34, 4.39, 
26.00, 55.32, 30.99, -29.10, -4.72, 42.87, -14.36, 4.39, 
27.00, 55.26, 30.21, -28.85, -4.72, 42.60, -14.37, 4.39, 
28.00, 55.26, 29.28, -29.22, -4.71, 42.34, -14.39, 4.39, 
29.00, 55.42, 30.02, -29.05, -4.70, 42.07, -14.41, 4.39, 
30.00, 55.37, 29.42, -29.25, -4.69, 41.81, -14.43, 4.39, 
31.00, 55.58, 29.48, -30.03, -4.68, 41.54, -14.45, 4.39, 
32.00, 55.53, 29.31, -29.81, -4.67, 41.28, -14.47, 4.39, 
33.00, 55.39, 28.69, -29.53, -4.66, 41.02, -14.49, 4.39, 
34.00, 55.50, 29.09, -29.82, -4.65, 40.75, -14.51, 4.39, 
35.00, 55.31, 27.87, -30.19, -4.65, 40.49, -14.53, 4.39, 
36.00, 55.05, 28.44, -30.81, -4.64, 40.22, -14.55, 4.39, 
37.00, 55.69, 27.59, -30.25, -4.63, 39.96, -14.57, 4.39, 
38.00, 55.48, 27.04, -30.19, -4.62, 39.69, -14.59, 4.39, 
39.00, 55.55, 28.04, -30.35, -4.61, 39.43, -14.61, 4.39, 
40.00, 55.53, 26.55, -30.49, -4.60, 39.16, -14.63, 4.39, 
41.00, 55.55, 26.51, -30.04, -4.59, 38.90, -14.65, 4.39, 
42.00, 55.38, 25.64, -30.26, -4.58, 38.63, -14.67, 4.39, 
43.00, 55.37, 25.62, -30.10, -4.57, 38.37, -14.69, 4.39, 
44.00, 55.43, 26.23, -30.01, -4.57, 38.10, -14.71, 4.39, 
45.00, 55.33, 25.45, -30.12, -4.56, 37.84, -14.73, 4.39, 
46.00, 55.45, 25.68, -30.13, -4.55, 37.57, -14.74, 4.39, 
47.00, 55.67, 24.91, -30.15, -4.54, 37.31, -14.76, 4.39, 
48.00, 55.54, 24.10, -30.27, -4.53, 37.04, -14.78, 4.39, 
49.00, 55.57, 25.50, -30.13, -4.52, 36.78, -14.80, 4.39, 
50.00, 55.38, 24.16, -30.68, -4.51, 36.51, -14.82, 4.39, 
51.00, 54.91, 24.46, -30.35, -4.50, 36.25, -14.84, 4.39, 
52.00, 55.42, 22.91, -30.39, -4.50, 35.98, -14.86, 4.39, 
53.00, 55.40, 23.12, -30.32, -4.49, 35.72, -14.88, 4.39, 
54.00, 55.24, 23.34, -30.28, -4.48, 35.45, -14.90, 4.39, 
55.00, 55.52, 22.02, -30.17, -4.47, 35.19, -14.92, 4.39, 
56.00, 55.31, 23.45, -30.30, -4.46, 34.92, -14.94, 4.39, 
57.00, 55.22, 21.87, -30.29, -4.45, 34.66, -14.96, 4.39, 
58.00, 55.15, 22.45, -30.68, -4.44, 34.39, -14.98, 4.39, 
59.00, 55.35, 21.84, -30.63, -4.43, 34.13, -15.00, 4.39, 
60.00, 55.58, 21.63, -30.46, -4.42, 33.87, -15.02, 4.39, 
61.00, 55.42, 22.64, -30.59, -4.42, 33.60, -15.04, 4.39, 
62.00, 55.24, 21.63, -30.59, -4.41, 33.34, -15.06, 4.39, 
63.00, 55.43, 21.40, -30.12, -4.40, 33.07, -15.08, 4.39, 
64.00, 55.78, 21.29, -30.19, -4.39, 32.81, -15.10, 4.39, 
65.00, 55.50, 19.90, -30.09, -4.38, 32.54, -15.12, 4.39, 
66.00, 55.57, 21.36, -30.02, -4.37, 32.28, -15.14, 4.39, 
67.00, 55.55, 19.14, -30.54, -4.36, 32.01, -15.16, 4.39, 
68.00, 55.23, 20.26, -30.88, -4.35, 31.75, -15.18, 4.39, 
69.00, 55.49, 18.69, -30.28, -4.35, 31.48, -15.20, 4.39, 
70.00, 55.48, 17.69, -30.08, -4.34, 31.22, -15.22, 4.39, 
71.00, 55.55, 19.41, -30.17, -4.33, 30.95, -15.24, 4.39, 
72.00, 55.32, 17.09, -30.66, -4.32, 30.69, -15.26, 4.39, 
73.00, 55.23, 19.31, -30.62, -4.31, 30.43, -15.28, 4.39, 
74.00, 55.23, 18.07, -30.43, -4.30, 30.16, -15.30, 4.39, 
75.00, 55.11, 17.96, -30.72, -4.29, 29.90, -15.32, 4.39, 
76.00, 55.59, 17.90, -30.55, -4.28, 29.63, -15.34, 4.39, 
77.00, 55.44, 15.98, -30.65, -4.28, 29.37, -15.36, 4.39, 
78.00, 55.43, 16.92, -30.13, -4.27, 29.10, -15.38, 4.39, 
79.00, 55.25, 15.40, -30.11, -4.26, 28.84, -15.40, 4.39, 
80.00, 55.38, 15.51, -30.52, -4.25, 28.57, -15.42, 4.39, 
81.00, 55.30, 17.33, -30.48, -4.24, 28.31, -15.44, 4.39, 
82.00, 55.19, 15.67, -31.00, -4.23, 28.05, -15.46, 4.38, 
83.00, 55.26, 16.06, -30.72, -4.22, 27.78, -15.48, 4.39, 
84.00, 55.49, 14.66, -30.19, -4.21, 27.52, -15.50, 4.39, 
85.00, 55.60, 14.22, -30.78, -4.21, 27.25, -15.52, 4.39, 
86.00, 55.45, 14.74, -30.52, -4.20, 26.99, -15.54, 4.38, 
87.00, 55.44, 13.65, -30.37, -4.19, 26.72, -15.56, 4.38, 
88.00, 55.64, 14.77, -30.27, -4.18, 26.46, -15.58, 4.38, 
89.00, 55.64, 15.10, -30.46, -4.17, 26.20, -15.60, 4.39, 
90.00, 55.71, 13.42, -30.48, -4.16, 25.93, -15.62, 4.38, 
91.00, 55.48, 14.72, -30.94, -4.15, 25.67, -15.64, 4.38, 
92.00, 55.56, 12.20, -31.02, -4.14, 25.40, -15.66, 4.38, 
93.00, 55.53, 13.12, -31.28, -4.14, 25.14, -15.68, 4.39, 
94.00, 55.75, 13.03, -30.73, -4.13, 24.88, -15.70, 4.39, 
95.00, 55.92, 12.23, -30.68, -4.12, 24.61, -15.72, 4.38, 
96.00, 55.78, 12.99, -31.10, -4.11, 24.35, -15.74, 4.38, 
97.00, 55.54, 11.77, -30.84, -4.10, 24.08, -15.76, 4.38, 
98.00, 55.32, 11.07, -31.06, -4.09, 23.82, -15.78, 4.38, 
99.00, 55.49, 11.51, -31.12, -4.08, 23.56, -15.80, 4.39, 
100.00, 55.35, 10.35, -30.96, -4.07, 23.29, -15.82, 4.39, 
101.00, 55.36, 11.39, -30.65, -4.07, 23.03, -15.84, 4.38, 
102.00, 55.51, 10.80, -30.82, -4.06, 22.77, -15.86, 4.38, 
103.00, 55.62, 9.38, -31.58, -4.05, 22.50, -15.88, 4.38, 
104.00, 55.51, 10.30, -31.52, -4.04, 22.24, -15.90, 4.38, 
105.00, 55.69, 8.08, -31.27, -4.03, 21.97, -15.92, 4.38, 
106.00, 55.90, 8.28, -31.33, -4.02, 21.71, -15.94, 4.39, 
107.00, 55.52, 10.07, -31.00, -4.01, 21.45, -15.96, 4.38, 
108.00, 55.57, 8.98, -31.59, -4.00, 21.18, -15.98, 4.38, 
109.00, 55.62, 9.20, -31.29, -4.00, 20.92, -16.00, 4.38, 
110.00, 55.69, 7.52, -31.45, -3.99, 20.66, -16.02, 4.38, 
111.00, 55.79, 6.62, -31.65, -3.98, 20.39, -16.04, 4.38, 
112.00, 55.65, 8.14, -31.46, -3.97, 20.13, -16.06, 4.38, 
113.00, 55.65, 7.02, -31.38, -3.96, 19.87, -16.08, 4.38, 
114.00, 55.87, 6.98, -31.28, -3.95, 19.60, -16.10, 4.38, 
115.00, 55.74, 8.18, -30.97, -3.94, 19.34, -16.13, 4.38, 
116.00, 55.65, 5.41, -31.41, -3.94, 19.08, -16.15, 4.38, 
117.00, 55.39, 6.35, -31.03, -3.93, 18.81, -16.17, 4.38, 
118.00, 55.76, 6.68, -31.15, -3.92, 18.55, -16.19, 4.38, 
119.00, 55.55, 6.08, -31.27, -3.91, 18.29, -16.21, 4.38, 
120.00, 55.52, 7.30, -31.58, -3.90, 18.03, -16.23, 4.38, 
121.00, 55.60, 5.90, -31.30, -3.89, 17.76, -16.25, 4.38, 
122.00, 55.81, 4.60, -31.26, -3.88, 17.50, -16.27, 4.38, 
123.00, 55.61, 5.12, -31.55, -3.87, 17.24, -16.29, 4.38, 
124.00, 55.79, 3.61, -31.72, -3.87, 16.97, -16.31, 4.38, 
125.00, 56.09, 4.66, -31.82, -3.86, 16.71, -16.33, 4.38, 
126.00, 55.92, 3.66, -31.93, -3.85, 16.45, -16.35, 4.38, 
127.00, 55.94, 2.04, -31.45, -3.84, 16.19, -16.37, 4.38, 
128.00, 55.71, 3.49, -31.88, -3.83, 15.92, -16.39, 4.38, 
129.00, 55.80, 3.49, -31.47, -3.82, 15.66, -16.41, 4.38, 
130.00, 55.92, 2.68, -31.84, -3.81, 15.40, -16.43, 4.38, 
131.00, 55.68, 4.45, -31.60, -3.81, 15.14, -16.45, 4.38, 
132.00, 55.66, 1.39, -31.55, -3.80, 14.87, -16.47, 4.37, 
133.00, 55.41, 2.28, -31.93, -3.79, 14.61, -16.49, 4.37, 
134.00, 55.51, 2.03, -31.97, -3.78, 14.35, -16.52, 4.38, 
135.00, 55.32, 1.75, -31.66, -3.77, 14.09, -16.54, 4.38, 
136.00, 55.50, 3.05, -31.91, -3.76, 13.83, -16.56, 4.37, 
137.00, 55.42, 0.82, -32.00, -3.75, 13.56, -16.58, 4.37, 
138.00, 55.69, 0.90, -31.58, -3.75, 13.30, -16.60, 4.38, 
139.00, 55.40, 1.85, -31.78, -3.74, 13.04, -16.62, 4.37, 
140.00, 55.81, 0.89, -31.64, -3.73, 12.78, -16.64, 4.37, 
141.00, 55.41, 0.90, -31.86, -3.72, 12.52, -16.66, 4.38, 
142.00, 55.69, -0.17, -31.90, -3.71, 12.25, -16.68, 4.38, 
143.00, 55.66, -1.06, -32.84, -3.70, 11.99, -16.70, 4.37, 
144.00, 55.87, 1.10, -32.50, -3.69, 11.73, -16.72, 4.37, 
145.00, 55.99, -0.69, -32.30, -3.69, 11.47, -16.74, 4.38, 
146.00, 56.01, -0.89, -32.09, -3.68, 11.21, -16.76, 4.38, 
147.00, 56.10, -0.85, -31.72, -3.67, 10.95, -16.78, 4.37, 
148.00, 55.96, -2.09, -31.77, -3.66, 10.68, -16.80, 4.37, 
149.00, 55.77, -0.49, -31.96, -3.65, 10.42, -16.83, 4.38, 
150.00, 55.98, -1.98, -32.72, -3.64, 10.16, -16.85, 4.37, 
151.00, 56.26, -3.19, -32.88, -3.63, 9.90, -16.87, 4.37, 
152.00, 56.00, -1.93, -32.60, -3.63, 9.64, -16.89, 4.38, 
153.00, 55.93, -2.45, -32.54, -3.62, 9.38, -16.91, 4.37, 
154.00, 55.94, -2.73, -32.68, -3.61, 9.12, -16.93, 4.37, 
155.00, 55.67, -2.86, -32.33, -3.60, 8.86, -16.95, 4.37, 
156.00, 55.92, -4.21, -32.85, -3.59, 8.59, -16.97, 4.37, 
157.00, 55.99, -2.17, -32.64, -3.58, 8.33, -16.99, 4.37, 
158.00, 55.75, -4.49, -32.83, -3.58, 8.07, -17.01, 4.37, 
159.00, 56.30, -5.17, -32.75, -3.57, 7.81, -17.03, 4.37, 
160.00, 55.92, -4.17, -32.79, -3.56, 7.55, -17.06, 4.37, 
161.00, 55.79, -5.80, -32.66, -3.55, 7.29, -17.08, 4.37, 
162.00, 56.21, -5.03, -32.56, -3.54, 7.03, -17.10, 4.37, 
163.00, 56.18, -6.31, -33.05, -3.53, 6.77, -17.12, 4.37, 
164.00, 56.22, -6.48, -33.13, -3.52, 6.51, -17.14, 4.37, 
165.00, 56.33, -4.69, -32.84, -3.52, 6.25, -17.16, 4.37, 
166.00, 56.08, -7.47, -32.84, -3.51, 5.99, -17.18, 4.37, 
167.00, 56.29, -6.68, -32.81, -3.50, 5.73, -17.20, 4.37, 
168.00, 55.64, -6.02, -32.87, -3.49, 5.47, -17.22, 4.37, 
169.00, 56.01, -7.83, -32.72, -3.48, 5.21, -17.24, 4.37, 
170.00, 56.12, -7.11, -32.18, -3.47, 4.95, -17.26, 4.37, 
171.00, 56.43, -7.81, -32.27, -3.47, 4.69, -17.29, 4.37, 
172.00, 56.30, -7.92, -32.35, -3.46, 4.43, -17.31, 4.37, 
173.00, 56.39, -7.06, -32.23, -3.45, 4.17, -17.33, 4.37, 
174.00, 56.25, -9.57, -32.48, -3.44, 3.91, -17.35, 4.37, 
175.00, 56.21, -8.27, -32.53, -3.43, 3.65, -17.37, 4.37, 
176.00, 56.22, -7.64, -32.47, -3.42, 3.39, -17.39, 4.36, 
177.00, 56.09, -9.77, -32.27, -3.42, 3.13, -17.41, 4.37, 
178.00, 56.49, -9.05, -32.51, -3.41, 2.87, -17.43, 4.36, 
179.00, 56.54, -9.45, -32.72, -3.40, 2.61, -17.45, 4.37, 
180.00, 56.13, -8.84, -33.13, -3.39, 2.35, -17.48, 4.37, 
181.00, 56.26, -10.55, -32.62, -3.38, 2.09, -17.50, 4.36, 
182.00, 56.69, -10.42, -32.69, -3.37, 1.83, -17.52, 4.37, 
183.00, 56.52, -9.33, -33.27, -3.37, 1.57, -17.54, 4.36, 
184.00, 56.57, -11.70, -32.92, -3.36, 1.32, -17.56, 4.37, 
185.00, 56.46, -10.82, -32.67, -3.35, 1.06, -17.58, 4.37, 
186.00, 55.98, -9.41, -32.83, -3.34, 0.80, -17.60, 4.36, 
187.00, 56.04, -12.43, -32.89, -3.33, 0.54, -17.62, 4.37, 
188.00, 56.10, -11.60, -32.95, -3.32, 0.28, -17.65, 4.36, 
189.00, 56.13, -12.41, -33.06, -3.32, 0.02, -17.67, 4.36, 
190.00, 55.83, -11.59, -33.18, -3.31, -0.24, -17.69, 4.36, 
191.00, 55.96, -12.07, -32.82, -3.30, -0.49, -17.71, 4.36, 
192.00, 56.16, -13.52, -33.00, -3.29, -0.75, -17.73, 4.36, 
193.00, 56.17, -12.10, -32.81, -3.28, -1.01, -17.75, 4.36, 
194.00, 56.09, -13.90, -32.85, -3.27, -1.27, -17.77, 4.36, 
195.00, 55.87, -13.87, -32.51, -3.27, -1.53, -17.79, 4.36, 
196.00, 56.23, -13.08, -33.02, -3.26, -1.78, -17.82, 4.36, 
197.00, 56.20, -14.13, -32.96, -3.25, -2.04, -17.84, 4.36, 
198.00, 56.07, -13.57, -33.15, -3.24, -2.30, -17.86, 4.36, 
199.00, 56.25, -15.11, -33.13, -3.23, -2.56, -17.88, 4.36, 
200.00, 56.35, -14.31, -32.90, -3.22, -2.82, -17.90, 4.36, 
201.00, 56.40, -14.95, -32.91, -3.22, -3.07, -17.92, 4.36, 
202.00, 56.28, -15.59, -33.07, -3.21, -3.33, -17.94, 4.36, 
203.00, 56.46, -14.91, -33.04, -3.20, -3.59, -17.96, 4.36, 
204.00, 56.51, -15.98, -33.41, -3.19, -3.84, -17.99, 4.36, 
205.00, 56.29, -16.12, -33.18, -3.18, -4.10, -18.01, 4.36, 
206.00, 56.55, -17.12, -33.03, -3.18, -4.36, -18.03, 4.36, 
207.00, 56.56, -15.91, -32.81, -3.17, -4.62, -18.05, 4.36, 
208.00, 56.46, -16.56, -32.69, -3.16, -4.87, -18.07, 4.36, 
209.00, 56.56, -17.85, -33.61, -3.15, -5.13, -18.09, 4.36, 
210.00, 56.53, -17.10, -33.94, -3.14, -5.39, -18.11, 4.36, 
211.00, 56.22, -18.74, -33.88, -3.14, -5.64, -18.14, 4.36, 
212.00, 56.11, -18.40, -33.44, -3.13, -5.90, -18.16, 4.36, 
213.00, 56.38, -17.69, -33.79, -3.12, -6.16, -18.18, 4.36, 
214.00, 56.14, -18.16, -33.51, -3.11, -6.41, -18.20, 4.36, 
215.00, 56.20, -18.34, -33.27, -3.10, -6.67, -18.22, 4.36, 
216.00, 56.32, -19.14, -33.13, -3.09, -6.92, -18.24, 4.36, 
217.00, 56.46, -18.92, -33.66, -3.09, -7.18, -18.27, 4.36, 
218.00, 56.28, -19.68, -33.79, -3.08, -7.44, -18.29, 4.36, 
219.00, 56.25, -18.81, -33.60, -3.07, -7.69, -18.31, 4.36, 
220.00, 56.25, -19.09, -34.02, -3.06, -7.95, -18.33, 4.35, 
221.00, 56.13, -20.71, -33.70, -3.05, -8.20, -18.35, 4.36, 
222.00, 56.39, -20.38, -33.29, -3.05, -8.46, -18.37, 4.35, 
223.00, 56.22, -20.39, -33.54, -3.04, -8.71, -18.39, 4.35, 
224.00, 56.08, -20.70, -33.88, -3.03, -8.97, -18.42, 4.35, 
225.00, 56.41, -21.17, -33.48, -3.02, -9.22, -18.44, 4.35, 
226.00, 56.21, -20.43, -33.23, -3.01, -9.48, -18.46, 4.35, 
227.00, 56.34, -20.94, -32.79, -3.01, -9.73, -18.48, 4.35, 
228.00, 56.17, -21.94, -33.64, -3.00, -9.99, -18.50, 4.35, 
229.00, 56.43, -21.44, -33.40, -2.99, -10.24, -18.52, 4.35, 
230.00, 56.31, -22.51, -33.98, -2.98, -10.50, -18.55, 4.34, 
231.00, 56.53, -22.37, -33.43, -2.97, -10.75, -18.57, 4.35, 
232.00, 56.82, -23.63, -33.53, -2.97, -11.01, -18.59, 4.35, 
233.00, 56.61, -23.11, -33.50, -2.96, -11.26, -18.61, 4.35, 
234.00, 56.61, -24.19, -33.41, -2.95, -11.52, -18.63, 4.35, 
235.00, 56.49, -23.85, -33.72, -2.94, -11.77, -18.66, 4.35, 
236.00, 56.47, -23.45, -33.65, -2.93, -12.02, -18.68, 4.35, 
237.00, 56.33, -24.47, -33.97, -2.93, -12.28, -18.70, 4.35, 
238.00, 56.21, -24.03, -33.92, -2.92, -12.53, -18.72, 4.35, 
239.00, 56.45, -24.65, -33.85, -2.91, -12.78, -18.74, 4.35, 
240.00, 56.42, -24.84, -33.87, -2.90, -13.04, -18.76, 4.35, 
241.00, 56.25, -25.47, -33.59, -2.90, -13.29, -18.79, 4.35, 
242.00, 56.50, -25.50, -34.13, -2.89, -13.54, -18.81, 4.35, 
243.00, 56.66, -25.94, -34.05, -2.88, -13.80, -18.83, 4.35, 
244.00, 56.35, -26.18, -34.02, -2.87, -14.05, -18.85, 4.35, 
245.00, 56.71, -26.45, -34.10, -2.86, -14.30, -18.87, 4.34, 
246.00, 56.47, -26.43, -33.62, -2.86, -14.56, -18.89, 4.34, 
247.00, 56.71, -26.81, -33.23, -2.85, -14.81, -18.92, 4.35, 
248.00, 56.52, -27.14, -33.86, -2.84, -15.06, -18.94, 4.34, 
249.00, 56.43, -27.66, -34.06, -2.83, -15.31, -18.96, 4.34, 
250.00, 56.25, -28.15, -34.00, -2.82, -15.57, -18.98, 4.34, 
251.00, 56.57, -28.06, -33.75, -2.82, -15.82, -19.00, 4.34, 
252.00, 56.39, -28.35, -33.86, -2.81, -16.07, -19.03, 4.34, 
253.00, 56.32, -28.23, -33.91, -2.80, -16.32, -19.05, 4.34, 
254.00, 56.53, -28.10, -33.85, -2.79, -16.58, -19.07, 4.34, 
255.00, 56.62, -28.63, -34.47, -2.79, -16.83, -19.09, 4.34, 
