---START---
-255.00, 54.62, 74.29, -42.37, -7.07, 115.05, -9.40, 4.16, 
-254.00, 44.93, 82.72, -34.33, -7.06, 114.81, -9.42, 4.15, 
-253.00, 45.10, 82.22, -34.39, -7.05, 114.57, -9.43, 4.15, 
-252.00, 45.16, 82.15, -34.45, -7.05, 114.33, -9.45, 4.15, 
-251.00, 45.13, 82.05, -34.40, -7.04, 114.08, -9.46, 4.15, 
-250.00, 45.06, 82.06, -34.41, -7.03, 113.84, -9.48, 4.13, 
-249.00, 45.43, 81.46, -34.81, -7.02, 113.60, -9.49, 4.15, 
-248.00, 45.43, 81.49, -34.12, -7.02, 113.36, -9.51, 4.15, 
-247.00, 45.27, 81.24, -34.18, -7.01, 113.11, -9.53, 4.15, 
-246.00, 45.36, 80.72, -34.40, -7.00, 112.87, -9.54, 4.15, 
-245.00, 45.52, 80.72, -34.63, -6.99, 112.63, -9.56, 4.15, 
-244.00, 45.19, 80.40, -34.81, -6.99, 112.38, -9.57, 4.15, 
-243.00, 45.24, 80.04, -34.52, -6.98, 112.14, -9.59, 4.15, 
-242.00, 45.26, 79.95, -34.60, -6.97, 111.90, -9.61, 4.15, 
-241.00, 45.41, 79.47, -33.72, -6.96, 111.65, -9.62, 4.15, 
-240.00, 45.53, 79.41, -34.10, -6.96, 111.41, -9.64, 4.15, 
-239.00, 45.58, 79.16, -33.84, -6.95, 111.17, -9.65, 4.15, 
-238.00, 45.33, 78.69, -33.95, -6.94, 110.92, -9.67, 4.15, 
-237.00, 45.50, 79.04, -33.86, -6.93, 110.68, -9.69, 4.15, 
-236.00, 45.56, 78.30, -34.25, -6.93, 110.43, -9.70, 4.15, 
-235.00, 45.22, 77.81, -34.33, -6.92, 110.19, -9.72, 4.15, 
-234.00, 45.49, 77.72, -34.26, -6.91, 109.94, -9.73, 4.14, 
-233.00, 45.65, 77.11, -34.29, -6.90, 109.70, -9.75, 4.15, 
-232.00, 45.28, 76.78, -34.44, -6.90, 109.45, -9.77, 4.16, 
-231.00, 45.33, 77.01, -34.02, -6.89, 109.21, -9.78, 4.16, 
-230.00, 45.52, 76.01, -34.30, -6.88, 108.96, -9.80, 4.14, 
-229.00, 45.38, 76.55, -33.82, -6.87, 108.72, -9.82, 4.15, 
-228.00, 45.22, 75.47, -33.63, -6.87, 108.47, -9.83, 4.16, 
-227.00, 45.19, 75.99, -33.67, -6.86, 108.22, -9.85, 4.16, 
-226.00, 45.36, 76.71, -34.03, -6.85, 107.98, -9.86, 4.16, 
-225.00, 45.33, 74.78, -33.76, -6.84, 107.73, -9.88, 4.15, 
-224.00, 45.74, 74.83, -33.76, -6.84, 107.49, -9.90, 4.16, 
-223.00, 45.80, 74.41, -34.20, -6.83, 107.24, -9.91, 4.16, 
-222.00, 45.86, 75.07, -34.50, -6.82, 106.99, -9.93, 4.16, 
-221.00, 45.62, 74.96, -34.66, -6.81, 106.75, -9.95, 4.15, 
-220.00, 45.44, 74.06, -33.99, -6.81, 106.50, -9.96, 4.16, 
-219.00, 45.47, 73.83, -34.16, -6.80, 106.25, -9.98, 4.16, 
-218.00, 45.52, 74.17, -34.45, -6.79, 106.00, -9.99, 4.16, 
-217.00, 45.43, 72.83, -34.39, -6.78, 105.76, -10.01, 4.16, 
-216.00, 45.72, 73.27, -34.63, -6.77, 105.51, -10.03, 4.16, 
-215.00, 45.95, 72.43, -34.10, -6.77, 105.26, -10.04, 4.16, 
-214.00, 45.74, 72.14, -34.74, -6.76, 105.01, -10.06, 4.16, 
-213.00, 45.79, 73.18, -34.56, -6.75, 104.77, -10.08, 4.16, 
-212.00, 45.50, 72.28, -33.99, -6.74, 104.52, -10.09, 4.16, 
-211.00, 45.95, 73.08, -34.14, -6.74, 104.27, -10.11, 4.16, 
-210.00, 45.74, 72.20, -33.94, -6.73, 104.02, -10.13, 4.16, 
-209.00, 45.78, 71.44, -34.37, -6.72, 103.77, -10.14, 4.15, 
-208.00, 45.82, 71.75, -34.28, -6.71, 103.53, -10.16, 4.16, 
-207.00, 45.92, 70.91, -34.19, -6.71, 103.28, -10.17, 4.16, 
-206.00, 45.78, 72.20, -34.17, -6.70, 103.03, -10.19, 4.16, 
-205.00, 45.93, 71.66, -34.35, -6.69, 102.78, -10.21, 4.16, 
-204.00, 45.84, 71.25, -34.17, -6.68, 102.53, -10.22, 4.15, 
-203.00, 45.96, 71.87, -33.90, -6.67, 102.28, -10.24, 4.16, 
-202.00, 45.97, 70.25, -33.59, -6.67, 102.03, -10.26, 4.16, 
-201.00, 45.89, 69.80, -33.84, -6.66, 101.78, -10.27, 4.17, 
-200.00, 46.12, 70.14, -34.22, -6.65, 101.53, -10.29, 4.17, 
-199.00, 45.93, 69.80, -34.13, -6.64, 101.28, -10.31, 4.15, 
-198.00, 46.05, 70.34, -34.32, -6.63, 101.03, -10.32, 4.16, 
-197.00, 45.70, 69.51, -34.07, -6.63, 100.78, -10.34, 4.17, 
-196.00, 45.68, 68.56, -34.51, -6.62, 100.53, -10.36, 4.17, 
-195.00, 45.68, 69.46, -34.44, -6.61, 100.28, -10.37, 4.17, 
-194.00, 45.90, 68.82, -34.17, -6.60, 100.03, -10.39, 4.16, 
-193.00, 45.57, 68.63, -34.27, -6.60, 99.78, -10.41, 4.17, 
-192.00, 45.63, 68.66, -34.23, -6.59, 99.53, -10.42, 4.17, 
-191.00, 45.68, 67.06, -34.19, -6.58, 99.28, -10.44, 4.15, 
-190.00, 45.57, 68.26, -34.30, -6.57, 99.03, -10.46, 4.17, 
-189.00, 45.41, 67.47, -34.12, -6.56, 98.78, -10.47, 4.17, 
-188.00, 45.62, 66.36, -34.22, -6.56, 98.53, -10.49, 4.16, 
-187.00, 45.68, 66.88, -34.47, -6.55, 98.28, -10.51, 4.16, 
-186.00, 45.81, 65.96, -34.01, -6.54, 98.02, -10.52, 4.17, 
-185.00, 45.47, 66.69, -34.30, -6.53, 97.77, -10.54, 4.17, 
-184.00, 45.78, 67.12, -34.62, -6.52, 97.52, -10.56, 4.16, 
-183.00, 45.49, 65.50, -34.96, -6.52, 97.27, -10.57, 4.17, 
-182.00, 45.51, 66.00, -34.81, -6.51, 97.02, -10.59, 4.17, 
-181.00, 45.65, 66.47, -34.87, -6.50, 96.77, -10.61, 4.17, 
-180.00, 45.55, 65.84, -35.17, -6.49, 96.51, -10.62, 4.16, 
-179.00, 45.64, 66.14, -34.70, -6.48, 96.26, -10.64, 4.16, 
-178.00, 45.76, 64.67, -34.24, -6.48, 96.01, -10.66, 4.17, 
-177.00, 45.50, 64.21, -34.73, -6.47, 95.76, -10.67, 4.17, 
-176.00, 45.46, 64.40, -34.70, -6.46, 95.50, -10.69, 4.17, 
-175.00, 45.82, 63.78, -35.20, -6.45, 95.25, -10.71, 4.16, 
-174.00, 45.69, 65.03, -34.85, -6.44, 95.00, -10.73, 4.16, 
-173.00, 45.77, 63.94, -34.68, -6.44, 94.75, -10.74, 4.17, 
-172.00, 45.92, 63.22, -34.50, -6.43, 94.49, -10.76, 4.17, 
-171.00, 45.52, 64.38, -34.56, -6.42, 94.24, -10.78, 4.17, 
-170.00, 45.66, 62.32, -34.85, -6.41, 93.99, -10.79, 4.18, 
-169.00, 45.75, 62.97, -34.87, -6.40, 93.73, -10.81, 4.16, 
-168.00, 45.81, 63.22, -34.78, -6.39, 93.48, -10.83, 4.17, 
-167.00, 45.49, 62.20, -34.78, -6.39, 93.23, -10.84, 4.17, 
-166.00, 45.69, 63.00, -34.57, -6.38, 92.97, -10.86, 4.18, 
-165.00, 45.78, 60.81, -35.03, -6.37, 92.72, -10.88, 4.16, 
-164.00, 45.61, 60.76, -34.47, -6.36, 92.47, -10.90, 4.16, 
-163.00, 45.80, 62.62, -34.29, -6.35, 92.21, -10.91, 4.17, 
-162.00, 45.68, 61.06, -34.50, -6.35, 91.96, -10.93, 4.18, 
-161.00, 45.63, 61.01, -34.60, -6.34, 91.70, -10.95, 4.16, 
-160.00, 45.67, 59.89, -34.26, -6.33, 91.45, -10.96, 4.16, 
-159.00, 45.75, 59.19, -34.76, -6.32, 91.19, -10.98, 4.18, 
-158.00, 45.92, 60.87, -35.12, -6.31, 90.94, -11.00, 4.18, 
-157.00, 45.64, 59.40, -35.17, -6.30, 90.69, -11.01, 4.17, 
-156.00, 45.58, 60.45, -35.10, -6.30, 90.43, -11.03, 4.17, 
-155.00, 45.80, 59.62, -35.16, -6.29, 90.18, -11.05, 4.17, 
-154.00, 45.71, 59.21, -35.00, -6.28, 89.92, -11.07, 4.17, 
-153.00, 45.88, 60.19, -34.93, -6.27, 89.67, -11.08, 4.17, 
-152.00, 45.95, 58.17, -34.66, -6.26, 89.41, -11.10, 4.17, 
-151.00, 45.78, 58.63, -35.00, -6.26, 89.16, -11.12, 4.17, 
-150.00, 46.10, 58.25, -34.98, -6.25, 88.90, -11.13, 4.17, 
-149.00, 46.09, 56.76, -34.77, -6.24, 88.64, -11.15, 4.18, 
-148.00, 46.24, 57.65, -34.79, -6.23, 88.39, -11.17, 4.18, 
-147.00, 45.89, 57.05, -34.79, -6.22, 88.13, -11.19, 4.18, 
-146.00, 45.66, 55.83, -34.81, -6.21, 87.88, -11.20, 4.18, 
-145.00, 46.03, 58.10, -35.03, -6.21, 87.62, -11.22, 4.18, 
-144.00, 46.10, 57.02, -35.02, -6.20, 87.37, -11.24, 4.18, 
-143.00, 45.89, 56.88, -35.22, -6.19, 87.11, -11.26, 4.17, 
-142.00, 45.88, 57.58, -35.37, -6.18, 86.85, -11.27, 4.17, 
-141.00, 45.71, 55.11, -35.49, -6.17, 86.60, -11.29, 4.17, 
-140.00, 45.59, 56.72, -35.51, -6.16, 86.34, -11.31, 4.17, 
-139.00, 46.05, 54.74, -35.50, -6.16, 86.08, -11.32, 4.17, 
-138.00, 46.10, 55.34, -35.84, -6.15, 85.83, -11.34, 4.18, 
-137.00, 45.91, 54.85, -35.84, -6.14, 85.57, -11.36, 4.18, 
-136.00, 46.18, 53.29, -35.88, -6.13, 85.31, -11.38, 4.18, 
-135.00, 46.15, 55.34, -35.77, -6.12, 85.06, -11.39, 4.18, 
-134.00, 46.26, 53.22, -35.40, -6.11, 84.80, -11.41, 4.18, 
-133.00, 46.07, 54.20, -35.02, -6.11, 84.54, -11.43, 4.17, 
-132.00, 46.08, 53.62, -35.34, -6.10, 84.29, -11.45, 4.17, 
-131.00, 46.16, 52.67, -35.64, -6.09, 84.03, -11.46, 4.17, 
-130.00, 46.28, 54.85, -35.80, -6.08, 83.77, -11.48, 4.17, 
-129.00, 46.43, 53.23, -35.87, -6.07, 83.51, -11.50, 4.17, 
-128.00, 46.23, 53.25, -35.60, -6.06, 83.26, -11.52, 4.18, 
-127.00, 46.26, 53.31, -35.61, -6.06, 83.00, -11.53, 4.18, 
-126.00, 46.17, 50.59, -36.22, -6.05, 82.74, -11.55, 4.17, 
-125.00, 45.96, 52.20, -35.49, -6.04, 82.48, -11.57, 4.17, 
-124.00, 45.72, 51.53, -35.50, -6.03, 82.23, -11.59, 4.17, 
-123.00, 45.89, 51.49, -35.80, -6.02, 81.97, -11.60, 4.18, 
-122.00, 46.09, 52.34, -35.73, -6.01, 81.71, -11.62, 4.18, 
-121.00, 46.05, 50.74, -35.72, -6.01, 81.45, -11.64, 4.19, 
-120.00, 46.06, 52.05, -35.67, -6.00, 81.19, -11.66, 4.17, 
-119.00, 46.26, 49.93, -35.14, -5.99, 80.94, -11.67, 4.17, 
-118.00, 46.17, 50.65, -35.36, -5.98, 80.68, -11.69, 4.18, 
-117.00, 46.07, 50.03, -35.23, -5.97, 80.42, -11.71, 4.18, 
-116.00, 46.13, 48.47, -35.46, -5.96, 80.16, -11.73, 4.18, 
-115.00, 46.02, 50.32, -35.39, -5.95, 79.90, -11.74, 4.19, 
-114.00, 46.55, 47.85, -35.34, -5.95, 79.64, -11.76, 4.17, 
-113.00, 46.42, 49.67, -35.64, -5.94, 79.38, -11.78, 4.18, 
-112.00, 46.44, 48.01, -35.69, -5.93, 79.13, -11.80, 4.18, 
-111.00, 46.35, 47.95, -35.63, -5.92, 78.87, -11.82, 4.18, 
-110.00, 46.60, 48.98, -35.76, -5.91, 78.61, -11.83, 4.18, 
-109.00, 46.38, 47.77, -36.17, -5.90, 78.35, -11.85, 4.19, 
-108.00, 46.42, 49.27, -35.85, -5.90, 78.09, -11.87, 4.18, 
-107.00, 46.45, 47.06, -35.65, -5.89, 77.83, -11.89, 4.18, 
-106.00, 46.58, 47.42, -35.67, -5.88, 77.57, -11.90, 4.18, 
-105.00, 46.63, 47.29, -35.65, -5.87, 77.31, -11.92, 4.18, 
-104.00, 46.51, 45.57, -35.53, -5.86, 77.05, -11.94, 4.19, 
-103.00, 46.45, 47.04, -35.83, -5.85, 76.79, -11.96, 4.18, 
-102.00, 46.73, 46.71, -35.75, -5.84, 76.53, -11.98, 4.18, 
-101.00, 46.56, 46.59, -35.97, -5.84, 76.27, -11.99, 4.18, 
-100.00, 46.58, 46.63, -36.02, -5.83, 76.01, -12.01, 4.18, 
-99.00, 46.57, 44.24, -35.66, -5.82, 75.75, -12.03, 4.19, 
-98.00, 46.24, 45.50, -35.34, -5.81, 75.49, -12.05, 4.18, 
-97.00, 46.63, 45.13, -35.29, -5.80, 75.23, -12.06, 4.18, 
-96.00, 46.44, 43.78, -35.71, -5.79, 74.97, -12.08, 4.18, 
-95.00, 46.57, 45.68, -36.11, -5.78, 74.71, -12.10, 4.19, 
-94.00, 46.78, 43.07, -36.19, -5.78, 74.45, -12.12, 4.18, 
-93.00, 46.55, 43.83, -36.38, -5.77, 74.19, -12.14, 4.18, 
-92.00, 46.84, 44.30, -35.71, -5.76, 73.93, -12.15, 4.19, 
-91.00, 46.73, 43.73, -35.95, -5.75, 73.67, -12.17, 4.18, 
-90.00, 46.60, 44.68, -35.67, -5.74, 73.41, -12.19, 4.18, 
-89.00, 46.59, 42.31, -35.35, -5.73, 73.15, -12.21, 4.18, 
-88.00, 46.38, 43.05, -35.72, -5.72, 72.89, -12.23, 4.19, 
-87.00, 46.83, 43.08, -35.87, -5.72, 72.63, -12.24, 4.18, 
-86.00, 46.67, 41.66, -36.11, -5.71, 72.37, -12.26, 4.18, 
-85.00, 46.68, 42.10, -36.44, -5.70, 72.11, -12.28, 4.18, 
-84.00, 46.45, 40.57, -35.63, -5.69, 71.85, -12.30, 4.19, 
-83.00, 46.56, 41.04, -36.00, -5.68, 71.59, -12.32, 4.18, 
-82.00, 46.72, 41.77, -35.66, -5.67, 71.33, -12.33, 4.18, 
-81.00, 46.77, 41.67, -35.90, -5.66, 71.06, -12.35, 4.19, 
-80.00, 46.51, 42.05, -36.40, -5.66, 70.80, -12.37, 4.18, 
-79.00, 46.54, 41.18, -36.51, -5.65, 70.54, -12.39, 4.18, 
-78.00, 46.25, 40.30, -36.36, -5.64, 70.28, -12.41, 4.18, 
-77.00, 46.60, 40.37, -36.26, -5.63, 70.02, -12.42, 4.18, 
-76.00, 46.93, 39.10, -36.42, -5.62, 69.76, -12.44, 4.19, 
-75.00, 47.40, 39.58, -35.95, -5.61, 69.50, -12.46, 4.19, 
-74.00, 47.07, 39.44, -35.96, -5.60, 69.23, -12.48, 4.18, 
-73.00, 47.13, 38.99, -36.19, -5.59, 68.97, -12.50, 4.18, 
-72.00, 46.85, 39.65, -36.15, -5.59, 68.71, -12.51, 4.18, 
-71.00, 47.09, 37.69, -36.75, -5.58, 68.45, -12.53, 4.18, 
-70.00, 46.81, 38.57, -36.57, -5.57, 68.19, -12.55, 4.19, 
-69.00, 46.91, 36.85, -36.06, -5.56, 67.93, -12.57, 4.18, 
-68.00, 47.04, 37.29, -36.45, -5.55, 67.66, -12.59, 4.18, 
-67.00, 46.71, 37.87, -36.83, -5.54, 67.40, -12.61, 4.18, 
-66.00, 46.70, 36.52, -36.48, -5.53, 67.14, -12.62, 4.19, 
-65.00, 46.94, 37.26, -36.44, -5.53, 66.88, -12.64, 4.18, 
-64.00, 47.00, 35.73, -36.36, -5.52, 66.62, -12.66, 4.18, 
-63.00, 46.51, 36.94, -36.33, -5.51, 66.35, -12.68, 4.18, 
-62.00, 46.86, 35.90, -36.31, -5.50, 66.09, -12.70, 4.18, 
-61.00, 46.71, 35.08, -36.60, -5.49, 65.83, -12.72, 4.19, 
-60.00, 46.87, 36.33, -36.86, -5.48, 65.57, -12.73, 4.18, 
-59.00, 46.91, 34.93, -37.04, -5.47, 65.30, -12.75, 4.19, 
-58.00, 46.81, 36.02, -36.69, -5.46, 65.04, -12.77, 4.19, 
-57.00, 46.69, 35.55, -36.83, -5.46, 64.78, -12.79, 4.18, 
-56.00, 46.70, 33.79, -36.80, -5.45, 64.52, -12.81, 4.19, 
-55.00, 46.52, 35.33, -37.00, -5.44, 64.25, -12.83, 4.19, 
-54.00, 46.89, 33.73, -36.17, -5.43, 63.99, -12.84, 4.19, 
-53.00, 46.80, 34.73, -36.82, -5.42, 63.73, -12.86, 4.19, 
-52.00, 46.70, 33.45, -36.79, -5.41, 63.47, -12.88, 4.19, 
-51.00, 46.91, 33.17, -36.69, -5.40, 63.20, -12.90, 4.19, 
-50.00, 47.13, 34.10, -37.01, -5.39, 62.94, -12.92, 4.19, 
-49.00, 47.20, 33.25, -36.70, -5.39, 62.68, -12.94, 4.19, 
-48.00, 47.17, 32.84, -36.81, -5.38, 62.42, -12.95, 4.19, 
-47.00, 47.27, 32.20, -36.84, -5.37, 62.15, -12.97, 4.19, 
-46.00, 47.38, 31.47, -38.17, -5.36, 61.89, -12.99, 4.19, 
-45.00, 47.15, 32.26, -37.26, -5.35, 61.63, -13.01, 4.19, 
-44.00, 47.67, 30.95, -36.85, -5.34, 61.36, -13.03, 4.19, 
-43.00, 47.39, 31.31, -36.92, -5.33, 61.10, -13.05, 4.19, 
-42.00, 47.42, 30.91, -37.43, -5.32, 60.84, -13.07, 4.19, 
-41.00, 47.29, 30.70, -37.13, -5.32, 60.57, -13.08, 4.19, 
-40.00, 47.33, 31.06, -37.52, -5.31, 60.31, -13.10, 4.19, 
-39.00, 47.15, 29.55, -37.13, -5.30, 60.05, -13.12, 4.19, 
-38.00, 47.21, 30.26, -37.10, -5.29, 59.78, -13.14, 4.19, 
-37.00, 47.19, 29.50, -37.07, -5.28, 59.52, -13.16, 4.19, 
-36.00, 47.25, 29.52, -37.09, -5.27, 59.26, -13.18, 4.19, 
-35.00, 47.23, 29.79, -37.66, -5.26, 58.99, -13.20, 4.19, 
-34.00, 47.09, 28.53, -37.19, -5.25, 58.73, -13.21, 4.19, 
-33.00, 47.21, 29.36, -36.99, -5.25, 58.47, -13.23, 4.19, 
-32.00, 47.42, 29.14, -37.19, -5.24, 58.20, -13.25, 4.19, 
-31.00, 47.48, 28.48, -37.13, -5.23, 57.94, -13.27, 4.19, 
-30.00, 47.17, 28.44, -37.58, -5.22, 57.68, -13.29, 4.19, 
-29.00, 47.18, 27.66, -37.47, -5.21, 57.41, -13.31, 4.19, 
-28.00, 47.19, 28.38, -37.31, -5.20, 57.15, -13.33, 4.19, 
-27.00, 47.28, 27.33, -37.09, -5.19, 56.88, -13.35, 4.19, 
-26.00, 47.21, 27.61, -37.50, -5.18, 56.62, -13.36, 4.19, 
-25.00, 47.21, 27.50, -37.80, -5.18, 56.36, -13.38, 4.19, 
-24.00, 47.30, 26.85, -37.55, -5.17, 56.09, -13.40, 4.19, 
-23.00, 47.14, 26.58, -37.72, -5.16, 55.83, -13.42, 4.19, 
-22.00, 47.28, 26.35, -37.73, -5.15, 55.57, -13.44, 4.19, 
-21.00, 47.21, 25.90, -37.49, -5.14, 55.30, -13.46, 4.19, 
-20.00, 47.41, 26.12, -37.20, -5.13, 55.04, -13.48, 4.19, 
-19.00, 47.30, 25.42, -36.55, -5.12, 54.77, -13.50, 4.19, 
-18.00, 47.28, 25.71, -37.43, -5.11, 54.51, -13.51, 4.19, 
-17.00, 47.35, 25.18, -37.07, -5.10, 54.25, -13.53, 4.19, 
-16.00, 47.12, 25.18, -37.21, -5.10, 53.98, -13.55, 4.19, 
-15.00, 47.29, 24.61, -36.74, -5.09, 53.72, -13.57, 4.19, 
-14.00, 47.17, 23.93, -36.97, -5.08, 53.45, -13.59, 4.19, 
-13.00, 47.41, 23.84, -36.97, -5.07, 53.19, -13.61, 4.19, 
-12.00, 47.16, 23.31, -37.14, -5.06, 52.92, -13.63, 4.19, 
-11.00, 47.24, 23.33, -37.22, -5.05, 52.66, -13.65, 4.19, 
-10.00, 47.19, 23.03, -37.18, -5.04, 52.40, -13.67, 4.19, 
-9.00, 47.06, 22.41, -37.28, -5.03, 52.13, -13.68, 4.19, 
-8.00, 47.14, 22.78, -37.45, -5.03, 51.87, -13.70, 4.19, 
-7.00, 46.94, 22.07, -37.40, -5.02, 51.60, -13.72, 4.19, 
-6.00, 47.21, 21.84, -37.40, -5.01, 51.34, -13.74, 4.19, 
-5.00, 47.63, 21.80, -37.39, -5.00, 51.07, -13.76, 4.19, 
-4.00, 47.30, 21.56, -37.56, -4.99, 50.81, -13.78, 4.19, 
-3.00, 47.13, 21.16, -37.66, -4.98, 50.55, -13.80, 4.19, 
-2.00, 47.07, 20.97, -38.11, -4.97, 50.28, -13.82, 4.19, 
-1.00, 47.00, 20.82, -37.59, -4.96, 50.02, -13.84, 4.19, 
0.00, 47.11, 20.81, -37.97, -4.95, 49.75, -13.86, 4.19, 
1.00, 47.40, 20.51, -37.67, -4.95, 49.49, -13.87, 4.19, 
2.00, 47.04, 20.27, -38.02, -4.94, 49.22, -13.89, 4.19, 
3.00, 47.05, 19.96, -38.28, -4.93, 48.96, -13.91, 4.19, 
4.00, 47.26, 19.49, -38.24, -4.92, 48.69, -13.93, 4.19, 
5.00, 47.11, 19.55, -37.46, -4.91, 48.43, -13.95, 4.19, 
6.00, 46.68, 19.29, -37.78, -4.90, 48.16, -13.97, 4.19, 
7.00, 47.02, 19.22, -37.91, -4.89, 47.90, -13.99, 4.19, 
8.00, 47.27, 18.52, -37.88, -4.88, 47.63, -14.01, 4.19, 
9.00, 47.44, 18.55, -37.97, -4.88, 47.37, -14.03, 4.19, 
10.00, 47.51, 18.04, -37.63, -4.87, 47.11, -14.05, 4.19, 
11.00, 47.25, 17.94, -37.56, -4.86, 46.84, -14.07, 4.19, 
12.00, 47.31, 17.80, -37.49, -4.85, 46.58, -14.09, 4.19, 
13.00, 47.43, 17.54, -37.94, -4.84, 46.31, -14.10, 4.19, 
14.00, 47.32, 17.53, -38.51, -4.83, 46.05, -14.12, 4.19, 
15.00, 47.39, 16.81, -38.46, -4.82, 45.78, -14.14, 4.19, 
16.00, 47.42, 16.54, -37.98, -4.81, 45.52, -14.16, 4.19, 
17.00, 47.47, 15.96, -37.97, -4.80, 45.25, -14.18, 4.19, 
18.00, 47.26, 16.54, -37.81, -4.80, 44.99, -14.20, 4.19, 
19.00, 47.30, 15.90, -37.93, -4.79, 44.72, -14.22, 4.19, 
20.00, 47.09, 16.13, -37.81, -4.78, 44.46, -14.24, 4.19, 
21.00, 47.14, 15.51, -37.84, -4.77, 44.19, -14.26, 4.19, 
22.00, 46.90, 15.14, -37.26, -4.76, 43.93, -14.28, 4.19, 
23.00, 47.13, 14.76, -37.38, -4.75, 43.66, -14.30, 4.19, 
24.00, 47.04, 14.88, -37.91, -4.74, 43.40, -14.32, 4.19, 
25.00, 47.44, 14.94, -37.58, -4.73, 43.13, -14.34, 4.19, 
26.00, 47.17, 13.88, -37.81, -4.72, 42.87, -14.36, 4.19, 
27.00, 47.29, 14.55, -37.95, -4.72, 42.60, -14.37, 4.19, 
28.00, 47.54, 13.50, -37.78, -4.71, 42.34, -14.39, 4.19, 
29.00, 47.57, 13.81, -37.92, -4.70, 42.07, -14.41, 4.19, 
30.00, 47.54, 14.07, -38.21, -4.69, 41.81, -14.43, 4.19, 
31.00, 47.51, 12.79, -37.65, -4.68, 41.54, -14.45, 4.19, 
32.00, 47.54, 12.36, -37.54, -4.67, 41.28, -14.47, 4.19, 
33.00, 47.29, 12.59, -37.85, -4.66, 41.02, -14.49, 4.19, 
34.00, 47.22, 12.94, -37.99, -4.65, 40.75, -14.51, 4.19, 
35.00, 47.36, 11.75, -38.02, -4.65, 40.49, -14.53, 4.19, 
36.00, 47.40, 12.87, -37.89, -4.64, 40.22, -14.55, 4.19, 
37.00, 47.26, 11.31, -37.96, -4.63, 39.96, -14.57, 4.19, 
38.00, 47.09, 11.97, -38.11, -4.62, 39.69, -14.59, 4.19, 
39.00, 47.50, 10.43, -38.33, -4.61, 39.43, -14.61, 4.19, 
40.00, 47.38, 11.45, -38.49, -4.60, 39.16, -14.63, 4.19, 
41.00, 46.92, 9.82, -38.67, -4.59, 38.90, -14.65, 4.19, 
42.00, 47.24, 10.99, -38.17, -4.58, 38.63, -14.67, 4.19, 
43.00, 47.44, 9.57, -38.90, -4.57, 38.37, -14.69, 4.19, 
44.00, 47.23, 10.12, -38.98, -4.57, 38.10, -14.71, 4.19, 
45.00, 47.37, 8.71, -38.81, -4.56, 37.84, -14.73, 4.19, 
46.00, 47.36, 9.29, -39.13, -4.55, 37.57, -14.74, 4.19, 
47.00, 47.25, 8.78, -38.41, -4.54, 37.31, -14.76, 4.19, 
48.00, 47.49, 9.09, -38.25, -4.53, 37.04, -14.78, 4.19, 
49.00, 47.42, 9.00, -38.36, -4.52, 36.78, -14.80, 4.19, 
50.00, 47.96, 8.17, -38.42, -4.51, 36.51, -14.82, 4.19, 
51.00, 47.79, 8.80, -38.33, -4.50, 36.25, -14.84, 4.19, 
52.00, 47.76, 6.98, -38.52, -4.50, 35.98, -14.86, 4.19, 
53.00, 47.54, 8.46, -38.66, -4.49, 35.72, -14.88, 4.19, 
54.00, 47.55, 5.86, -38.46, -4.48, 35.45, -14.90, 4.19, 
55.00, 47.52, 7.98, -38.56, -4.47, 35.19, -14.92, 4.19, 
56.00, 47.89, 5.64, -38.54, -4.46, 34.92, -14.94, 4.19, 
57.00, 47.93, 7.40, -38.11, -4.45, 34.66, -14.96, 4.19, 
58.00, 47.89, 5.77, -38.61, -4.44, 34.39, -14.98, 4.19, 
59.00, 47.62, 6.31, -39.17, -4.43, 34.13, -15.00, 4.18, 
60.00, 47.57, 4.98, -39.12, -4.42, 33.87, -15.02, 4.19, 
61.00, 47.60, 5.42, -39.29, -4.42, 33.60, -15.04, 4.18, 
62.00, 47.83, 5.40, -39.28, -4.41, 33.34, -15.06, 4.18, 
63.00, 47.55, 5.22, -39.41, -4.40, 33.07, -15.08, 4.18, 
64.00, 47.61, 5.00, -39.07, -4.39, 32.81, -15.10, 4.18, 
65.00, 47.42, 3.28, -38.88, -4.38, 32.54, -15.12, 4.18, 
66.00, 47.40, 5.00, -38.89, -4.37, 32.28, -15.14, 4.18, 
67.00, 47.45, 2.74, -38.45, -4.36, 32.01, -15.16, 4.18, 
68.00, 47.86, 4.67, -38.62, -4.35, 31.75, -15.18, 4.19, 
69.00, 47.80, 2.67, -38.70, -4.35, 31.48, -15.20, 4.19, 
70.00, 47.91, 4.36, -38.38, -4.34, 31.22, -15.22, 4.19, 
71.00, 47.73, 1.79, -38.76, -4.33, 30.95, -15.24, 4.19, 
72.00, 47.88, 3.77, -39.29, -4.32, 30.69, -15.26, 4.18, 
73.00, 48.12, 1.34, -39.22, -4.31, 30.43, -15.28, 4.18, 
74.00, 47.87, 3.21, -39.10, -4.30, 30.16, -15.30, 4.18, 
75.00, 48.11, 0.97, -39.23, -4.29, 29.90, -15.32, 4.18, 
76.00, 47.97, 2.81, -39.18, -4.28, 29.63, -15.34, 4.18, 
77.00, 48.09, 0.92, -39.04, -4.28, 29.37, -15.36, 4.18, 
78.00, 48.21, 2.28, -38.78, -4.27, 29.10, -15.38, 4.18, 
79.00, 48.00, 0.65, -38.88, -4.26, 28.84, -15.40, 4.18, 
80.00, 47.83, 1.62, -39.27, -4.25, 28.57, -15.42, 4.18, 
81.00, 47.68, 0.44, -38.95, -4.24, 28.31, -15.44, 4.18, 
82.00, 47.72, 0.29, -39.54, -4.23, 28.05, -15.46, 4.18, 
83.00, 47.78, 0.19, -39.24, -4.22, 27.78, -15.48, 4.18, 
84.00, 47.43, -0.61, -39.28, -4.21, 27.52, -15.50, 4.18, 
85.00, 47.61, -0.04, -39.44, -4.21, 27.25, -15.52, 4.18, 
86.00, 47.58, -1.68, -39.28, -4.20, 26.99, -15.54, 4.18, 
87.00, 47.62, -0.21, -39.07, -4.19, 26.72, -15.56, 4.18, 
88.00, 47.79, -2.41, -39.21, -4.18, 26.46, -15.58, 4.18, 
89.00, 47.94, -0.70, -38.72, -4.17, 26.20, -15.60, 4.18, 
90.00, 48.09, -2.71, -38.43, -4.16, 25.93, -15.62, 4.18, 
91.00, 48.09, -0.56, -38.44, -4.15, 25.67, -15.64, 4.18, 
92.00, 47.93, -3.79, -39.27, -4.14, 25.40, -15.66, 4.18, 
93.00, 47.99, -1.47, -39.16, -4.14, 25.14, -15.68, 4.18, 
94.00, 48.11, -3.55, -39.22, -4.13, 24.88, -15.70, 4.18, 
95.00, 47.93, -1.53, -39.57, -4.12, 24.61, -15.72, 4.18, 
96.00, 48.03, -3.75, -39.64, -4.11, 24.35, -15.74, 4.18, 
97.00, 48.13, -2.83, -39.27, -4.10, 24.08, -15.76, 4.18, 
98.00, 48.23, -4.05, -38.96, -4.09, 23.82, -15.78, 4.19, 
99.00, 47.89, -4.64, -39.11, -4.08, 23.56, -15.80, 4.18, 
100.00, 48.02, -4.94, -39.01, -4.07, 23.29, -15.82, 4.18, 
101.00, 48.05, -3.89, -39.18, -4.07, 23.03, -15.84, 4.18, 
102.00, 47.79, -4.35, -38.74, -4.06, 22.77, -15.86, 4.18, 
103.00, 48.04, -5.78, -38.85, -4.05, 22.50, -15.88, 4.18, 
104.00, 47.97, -3.80, -39.10, -4.04, 22.24, -15.90, 4.18, 
105.00, 48.40, -5.57, -38.82, -4.03, 21.97, -15.92, 4.18, 
106.00, 47.98, -5.55, -38.91, -4.02, 21.71, -15.94, 4.18, 
107.00, 48.26, -5.48, -38.71, -4.01, 21.45, -15.96, 4.19, 
108.00, 47.87, -7.18, -38.59, -4.00, 21.18, -15.98, 4.19, 
109.00, 47.76, -4.88, -39.14, -4.00, 20.92, -16.00, 4.19, 
110.00, 48.28, -6.95, -39.10, -3.99, 20.66, -16.02, 4.18, 
111.00, 48.25, -5.91, -39.88, -3.98, 20.39, -16.04, 4.18, 
112.00, 48.28, -6.54, -39.40, -3.97, 20.13, -16.06, 4.18, 
113.00, 47.82, -8.16, -39.12, -3.96, 19.87, -16.08, 4.18, 
114.00, 48.09, -7.58, -39.60, -3.95, 19.60, -16.10, 4.17, 
115.00, 47.76, -9.12, -39.30, -3.94, 19.34, -16.13, 4.18, 
116.00, 48.01, -9.28, -39.38, -3.94, 19.08, -16.15, 4.18, 
117.00, 48.10, -7.57, -39.40, -3.93, 18.81, -16.17, 4.19, 
118.00, 48.16, -9.66, -39.74, -3.92, 18.55, -16.19, 4.17, 
119.00, 48.06, -7.50, -39.36, -3.91, 18.29, -16.21, 4.17, 
120.00, 47.99, -8.47, -39.48, -3.90, 18.03, -16.23, 4.17, 
121.00, 48.44, -10.64, -39.13, -3.89, 17.76, -16.25, 4.18, 
122.00, 48.19, -9.85, -39.26, -3.88, 17.50, -16.27, 4.18, 
123.00, 48.26, -11.26, -39.12, -3.87, 17.24, -16.29, 4.18, 
124.00, 48.28, -10.42, -39.20, -3.87, 16.97, -16.31, 4.19, 
125.00, 48.48, -10.26, -39.54, -3.86, 16.71, -16.33, 4.17, 
126.00, 48.49, -12.04, -39.60, -3.85, 16.45, -16.35, 4.17, 
127.00, 48.28, -10.12, -39.59, -3.84, 16.19, -16.37, 4.17, 
128.00, 48.53, -11.52, -39.39, -3.83, 15.92, -16.39, 4.17, 
129.00, 48.11, -10.94, -39.55, -3.82, 15.66, -16.41, 4.17, 
130.00, 48.41, -10.44, -39.71, -3.81, 15.40, -16.43, 4.18, 
131.00, 48.58, -12.74, -39.69, -3.81, 15.14, -16.45, 4.18, 
132.00, 48.53, -10.84, -39.65, -3.80, 14.87, -16.47, 4.18, 
133.00, 48.83, -13.22, -39.71, -3.79, 14.61, -16.49, 4.18, 
134.00, 48.56, -13.64, -39.64, -3.78, 14.35, -16.52, 4.17, 
135.00, 48.56, -13.00, -39.37, -3.77, 14.09, -16.54, 4.17, 
136.00, 48.43, -14.67, -39.49, -3.76, 13.83, -16.56, 4.17, 
137.00, 48.33, -12.85, -39.62, -3.75, 13.56, -16.58, 4.18, 
138.00, 48.35, -14.07, -39.42, -3.75, 13.30, -16.60, 4.18, 
139.00, 48.40, -13.66, -39.86, -3.74, 13.04, -16.62, 4.18, 
140.00, 48.71, -13.29, -39.57, -3.73, 12.78, -16.64, 4.17, 
141.00, 48.32, -14.73, -40.11, -3.72, 12.52, -16.66, 4.17, 
142.00, 48.11, -13.87, -39.87, -3.71, 12.25, -16.68, 4.17, 
143.00, 48.46, -15.71, -39.54, -3.70, 11.99, -16.70, 4.18, 
144.00, 48.52, -15.58, -39.31, -3.69, 11.73, -16.72, 4.18, 
145.00, 48.59, -14.04, -39.45, -3.69, 11.47, -16.74, 4.18, 
146.00, 48.72, -16.04, -39.76, -3.68, 11.21, -16.76, 4.18, 
147.00, 48.54, -14.51, -40.05, -3.67, 10.95, -16.78, 4.17, 
148.00, 48.51, -15.07, -39.69, -3.66, 10.68, -16.80, 4.17, 
149.00, 48.35, -17.69, -39.61, -3.65, 10.42, -16.83, 4.18, 
150.00, 48.58, -16.84, -39.69, -3.64, 10.16, -16.85, 4.18, 
151.00, 48.37, -17.70, -39.82, -3.63, 9.90, -16.87, 4.17, 
152.00, 48.21, -16.80, -39.42, -3.63, 9.64, -16.89, 4.17, 
153.00, 48.39, -15.84, -39.55, -3.62, 9.38, -16.91, 4.18, 
154.00, 48.66, -18.95, -39.56, -3.61, 9.12, -16.93, 4.18, 
155.00, 48.51, -17.44, -39.86, -3.60, 8.86, -16.95, 4.16, 
156.00, 48.55, -17.89, -39.96, -3.59, 8.59, -16.97, 4.17, 
157.00, 48.37, -18.43, -39.99, -3.58, 8.33, -16.99, 4.17, 
158.00, 48.21, -17.30, -39.50, -3.58, 8.07, -17.01, 4.18, 
159.00, 48.43, -19.63, -39.95, -3.57, 7.81, -17.03, 4.18, 
160.00, 48.35, -19.03, -39.99, -3.56, 7.55, -17.06, 4.16, 
161.00, 48.39, -20.34, -40.36, -3.55, 7.29, -17.08, 4.17, 
162.00, 48.63, -20.40, -40.47, -3.54, 7.03, -17.10, 4.17, 
163.00, 48.76, -19.28, -40.45, -3.53, 6.77, -17.12, 4.18, 
164.00, 48.81, -20.71, -40.11, -3.52, 6.51, -17.14, 4.18, 
165.00, 48.92, -19.39, -40.72, -3.52, 6.25, -17.16, 4.16, 
166.00, 48.76, -19.70, -40.25, -3.51, 5.99, -17.18, 4.17, 
167.00, 48.83, -22.55, -41.08, -3.50, 5.73, -17.20, 4.17, 
168.00, 48.43, -21.13, -40.75, -3.49, 5.47, -17.22, 4.18, 
169.00, 48.68, -21.16, -40.85, -3.48, 5.21, -17.24, 4.16, 
170.00, 48.47, -22.09, -40.58, -3.47, 4.95, -17.26, 4.17, 
171.00, 48.32, -20.54, -41.13, -3.47, 4.69, -17.29, 4.17, 
172.00, 48.52, -23.19, -40.61, -3.46, 4.43, -17.31, 4.17, 
173.00, 48.69, -22.04, -41.08, -3.45, 4.17, -17.33, 4.16, 
174.00, 48.67, -21.38, -41.33, -3.44, 3.91, -17.35, 4.17, 
175.00, 48.83, -22.45, -40.39, -3.43, 3.65, -17.37, 4.17, 
176.00, 49.24, -21.83, -40.40, -3.42, 3.39, -17.39, 4.17, 
177.00, 49.00, -24.32, -40.27, -3.42, 3.13, -17.41, 4.17, 
178.00, 49.30, -23.93, -40.01, -3.41, 2.87, -17.43, 4.16, 
179.00, 49.16, -23.44, -40.25, -3.40, 2.61, -17.45, 4.17, 
180.00, 48.97, -24.73, -40.45, -3.39, 2.35, -17.48, 4.17, 
181.00, 48.86, -23.50, -40.21, -3.38, 2.09, -17.50, 4.17, 
182.00, 49.22, -24.69, -40.23, -3.37, 1.83, -17.52, 4.17, 
183.00, 49.09, -25.58, -40.12, -3.37, 1.57, -17.54, 4.16, 
184.00, 48.82, -24.66, -40.49, -3.36, 1.32, -17.56, 4.17, 
185.00, 49.14, -26.48, -41.11, -3.35, 1.06, -17.58, 4.17, 
186.00, 49.04, -24.98, -40.33, -3.34, 0.80, -17.60, 4.17, 
187.00, 48.58, -25.55, -40.15, -3.33, 0.54, -17.62, 4.16, 
188.00, 48.75, -26.40, -40.51, -3.32, 0.28, -17.65, 4.17, 
189.00, 48.93, -25.86, -40.19, -3.32, 0.02, -17.67, 4.17, 
190.00, 49.10, -27.18, -40.18, -3.31, -0.24, -17.69, 4.17, 
191.00, 49.05, -26.21, -40.66, -3.30, -0.49, -17.71, 4.16, 
192.00, 49.11, -25.74, -40.75, -3.29, -0.75, -17.73, 4.16, 
193.00, 48.89, -27.52, -40.81, -3.28, -1.01, -17.75, 4.17, 
194.00, 49.19, -27.48, -40.27, -3.27, -1.27, -17.77, 4.17, 
195.00, 49.35, -28.30, -40.01, -3.27, -1.53, -17.79, 4.15, 
196.00, 49.22, -28.06, -40.62, -3.26, -1.78, -17.82, 4.16, 
197.00, 49.14, -27.14, -40.42, -3.25, -2.04, -17.84, 4.17, 
198.00, 49.17, -28.97, -40.67, -3.24, -2.30, -17.86, 4.17, 
199.00, 49.18, -28.63, -40.84, -3.23, -2.56, -17.88, 4.15, 
200.00, 49.03, -28.96, -40.67, -3.22, -2.82, -17.90, 4.16, 
201.00, 49.32, -29.68, -40.28, -3.22, -3.07, -17.92, 4.17, 
202.00, 49.17, -28.39, -40.17, -3.21, -3.33, -17.94, 4.17, 
203.00, 49.21, -29.54, -40.27, -3.20, -3.59, -17.96, 4.16, 
204.00, 48.95, -29.79, -40.70, -3.19, -3.84, -17.99, 4.16, 
205.00, 49.30, -29.35, -40.37, -3.18, -4.10, -18.01, 4.17, 
206.00, 49.27, -29.96, -40.61, -3.18, -4.36, -18.03, 4.15, 
207.00, 49.12, -29.74, -40.01, -3.17, -4.62, -18.05, 4.16, 
208.00, 49.22, -30.88, -40.64, -3.16, -4.87, -18.07, 4.16, 
209.00, 49.11, -31.41, -40.55, -3.15, -5.13, -18.09, 4.15, 
210.00, 48.97, -30.63, -40.72, -3.14, -5.39, -18.11, 4.16, 
211.00, 49.18, -32.32, -40.32, -3.14, -5.64, -18.14, 4.16, 
212.00, 49.49, -32.14, -40.32, -3.13, -5.90, -18.16, 4.16, 
213.00, 49.42, -31.84, -41.03, -3.12, -6.16, -18.18, 4.16, 
214.00, 49.40, -32.03, -40.94, -3.11, -6.41, -18.20, 4.15, 
215.00, 49.43, -31.92, -40.91, -3.10, -6.67, -18.22, 4.16, 
216.00, 49.31, -32.91, -40.66, -3.09, -6.92, -18.24, 4.16, 
217.00, 49.34, -32.52, -40.65, -3.09, -7.18, -18.27, 4.16, 
218.00, 49.29, -33.16, -40.84, -3.08, -7.44, -18.29, 4.16, 
219.00, 49.06, -33.69, -40.71, -3.07, -7.69, -18.31, 4.16, 
220.00, 49.21, -32.93, -40.47, -3.06, -7.95, -18.33, 4.16, 
221.00, 49.34, -34.16, -40.58, -3.05, -8.20, -18.35, 4.16, 
222.00, 49.25, -34.17, -40.58, -3.05, -8.46, -18.37, 4.16, 
223.00, 49.20, -33.67, -40.77, -3.04, -8.71, -18.39, 4.16, 
224.00, 49.41, -34.86, -40.32, -3.03, -8.97, -18.42, 4.16, 
225.00, 49.19, -34.80, -40.65, -3.02, -9.22, -18.44, 4.14, 
226.00, 49.24, -35.06, -40.33, -3.01, -9.48, -18.46, 4.16, 
227.00, 48.85, -34.76, -40.55, -3.01, -9.73, -18.48, 4.16, 
228.00, 49.12, -35.39, -40.58, -3.00, -9.99, -18.50, 4.16, 
229.00, 49.31, -36.04, -40.25, -2.99, -10.24, -18.52, 4.16, 
230.00, 49.36, -35.62, -40.72, -2.98, -10.50, -18.55, 4.15, 
231.00, 49.40, -36.32, -41.18, -2.97, -10.75, -18.57, 4.16, 
232.00, 49.21, -37.00, -40.52, -2.97, -11.01, -18.59, 4.15, 
233.00, 49.01, -36.62, -41.13, -2.96, -11.26, -18.61, 4.16, 
234.00, 48.99, -37.15, -41.54, -2.95, -11.52, -18.63, 4.15, 
235.00, 49.15, -36.83, -41.03, -2.94, -11.77, -18.66, 4.15, 
236.00, 49.05, -37.00, -40.63, -2.93, -12.02, -18.68, 4.15, 
237.00, 49.38, -37.56, -41.29, -2.93, -12.28, -18.70, 4.15, 
238.00, 49.23, -37.32, -41.14, -2.92, -12.53, -18.72, 4.15, 
239.00, 49.27, -38.33, -41.51, -2.91, -12.78, -18.74, 4.15, 
240.00, 49.37, -38.40, -41.29, -2.90, -13.04, -18.76, 4.15, 
241.00, 49.39, -38.92, -41.62, -2.90, -13.29, -18.79, 4.15, 
242.00, 49.22, -38.78, -41.42, -2.89, -13.54, -18.81, 4.15, 
243.00, 49.04, -39.48, -41.61, -2.88, -13.80, -18.83, 4.15, 
244.00, 49.30, -39.57, -41.24, -2.87, -14.05, -18.85, 4.15, 
245.00, 49.15, -39.90, -41.30, -2.86, -14.30, -18.87, 4.15, 
246.00, 49.23, -40.03, -41.75, -2.86, -14.56, -18.89, 4.15, 
247.00, 49.31, -40.39, -41.28, -2.85, -14.81, -18.92, 4.15, 
248.00, 48.99, -40.22, -41.70, -2.84, -15.06, -18.94, 4.15, 
249.00, 49.31, -40.89, -41.59, -2.83, -15.31, -18.96, 4.15, 
250.00, 48.94, -40.73, -41.81, -2.82, -15.57, -18.98, 4.15, 
251.00, 49.28, -41.43, -41.97, -2.82, -15.82, -19.00, 4.15, 
252.00, 49.35, -41.60, -41.64, -2.81, -16.07, -19.03, 4.15, 
253.00, 48.95, -41.82, -41.63, -2.80, -16.32, -19.05, 4.15, 
254.00, 49.36, -41.82, -41.91, -2.79, -16.58, -19.07, 4.15, 
255.00, 49.43, -41.93, -41.66, -2.79, -16.83, -19.09, 4.15, 
