---START---
-255.00, 62.90, 108.76, -32.29, -7.07, 115.05, -9.40, 4.75, 
-254.00, 51.48, 111.97, -25.86, -7.06, 114.81, -9.42, 4.74, 
-253.00, 51.74, 111.76, -25.77, -7.05, 114.57, -9.43, 4.73, 
-252.00, 51.97, 111.45, -26.09, -7.05, 114.33, -9.45, 4.73, 
-251.00, 51.89, 110.87, -25.76, -7.04, 114.08, -9.46, 4.73, 
-250.00, 51.84, 110.77, -25.86, -7.03, 113.84, -9.48, 4.73, 
-249.00, 52.09, 110.25, -25.56, -7.02, 113.60, -9.49, 4.74, 
-248.00, 52.03, 110.04, -25.87, -7.02, 113.36, -9.51, 4.74, 
-247.00, 52.08, 109.58, -25.85, -7.01, 113.11, -9.53, 4.74, 
-246.00, 52.07, 109.47, -25.71, -7.00, 112.87, -9.54, 4.74, 
-245.00, 52.18, 109.24, -25.97, -6.99, 112.63, -9.56, 4.74, 
-244.00, 52.26, 109.03, -25.68, -6.99, 112.38, -9.57, 4.74, 
-243.00, 52.16, 109.03, -25.70, -6.98, 112.14, -9.59, 4.73, 
-242.00, 52.22, 108.67, -25.69, -6.97, 111.90, -9.61, 4.74, 
-241.00, 52.01, 108.46, -25.49, -6.96, 111.65, -9.62, 4.74, 
-240.00, 52.24, 108.66, -25.53, -6.96, 111.41, -9.64, 4.74, 
-239.00, 51.85, 107.78, -25.62, -6.95, 111.17, -9.65, 4.74, 
-238.00, 51.93, 107.83, -25.95, -6.94, 110.92, -9.67, 4.74, 
-237.00, 52.06, 107.23, -26.42, -6.93, 110.68, -9.69, 4.74, 
-236.00, 52.24, 106.73, -26.17, -6.93, 110.43, -9.70, 4.74, 
-235.00, 52.21, 106.86, -26.12, -6.92, 110.19, -9.72, 4.74, 
-234.00, 52.32, 106.07, -26.25, -6.91, 109.94, -9.73, 4.74, 
-233.00, 52.50, 106.39, -25.91, -6.90, 109.70, -9.75, 4.74, 
-232.00, 52.58, 106.27, -25.71, -6.90, 109.45, -9.77, 4.74, 
-231.00, 52.56, 104.49, -25.96, -6.89, 109.21, -9.78, 4.74, 
-230.00, 52.53, 105.81, -26.14, -6.88, 108.96, -9.80, 4.74, 
-229.00, 52.38, 105.26, -26.74, -6.87, 108.72, -9.82, 4.74, 
-228.00, 52.41, 104.83, -26.31, -6.87, 108.47, -9.83, 4.74, 
-227.00, 52.22, 105.27, -26.20, -6.86, 108.22, -9.85, 4.74, 
-226.00, 52.67, 104.59, -26.15, -6.85, 107.98, -9.86, 4.74, 
-225.00, 52.55, 104.57, -26.40, -6.84, 107.73, -9.88, 4.74, 
-224.00, 52.52, 104.14, -26.40, -6.84, 107.49, -9.90, 4.75, 
-223.00, 52.42, 103.49, -26.64, -6.83, 107.24, -9.91, 4.75, 
-222.00, 52.17, 104.03, -26.75, -6.82, 106.99, -9.93, 4.75, 
-221.00, 52.50, 102.91, -26.00, -6.81, 106.75, -9.95, 4.75, 
-220.00, 52.34, 102.56, -26.44, -6.81, 106.50, -9.96, 4.74, 
-219.00, 52.53, 103.56, -26.00, -6.80, 106.25, -9.98, 4.75, 
-218.00, 52.48, 102.67, -26.15, -6.79, 106.00, -9.99, 4.75, 
-217.00, 52.29, 102.67, -26.51, -6.78, 105.76, -10.01, 4.75, 
-216.00, 52.29, 102.48, -25.78, -6.77, 105.51, -10.03, 4.75, 
-215.00, 52.05, 101.40, -26.26, -6.77, 105.26, -10.04, 4.75, 
-214.00, 52.05, 101.37, -26.41, -6.76, 105.01, -10.06, 4.74, 
-213.00, 52.23, 101.18, -26.29, -6.75, 104.77, -10.08, 4.75, 
-212.00, 52.25, 100.49, -26.03, -6.74, 104.52, -10.09, 4.75, 
-211.00, 52.56, 101.90, -26.25, -6.74, 104.27, -10.11, 4.75, 
-210.00, 52.38, 100.61, -26.37, -6.73, 104.02, -10.13, 4.75, 
-209.00, 52.29, 100.18, -26.31, -6.72, 103.77, -10.14, 4.74, 
-208.00, 52.22, 99.63, -26.30, -6.71, 103.53, -10.16, 4.75, 
-207.00, 52.18, 98.79, -26.80, -6.71, 103.28, -10.17, 4.75, 
-206.00, 52.13, 100.59, -26.67, -6.70, 103.03, -10.19, 4.75, 
-205.00, 52.20, 99.09, -26.45, -6.69, 102.78, -10.21, 4.75, 
-204.00, 52.17, 99.18, -26.27, -6.68, 102.53, -10.22, 4.75, 
-203.00, 52.13, 99.26, -26.00, -6.67, 102.28, -10.24, 4.75, 
-202.00, 52.19, 97.90, -26.80, -6.67, 102.03, -10.26, 4.75, 
-201.00, 52.13, 98.73, -26.11, -6.66, 101.78, -10.27, 4.75, 
-200.00, 52.74, 96.75, -26.48, -6.65, 101.53, -10.29, 4.75, 
-199.00, 52.26, 96.97, -26.50, -6.64, 101.28, -10.31, 4.75, 
-198.00, 52.32, 97.01, -26.45, -6.63, 101.03, -10.32, 4.75, 
-197.00, 51.64, 96.28, -26.48, -6.63, 100.78, -10.34, 4.75, 
-196.00, 52.67, 97.19, -26.31, -6.62, 100.53, -10.36, 4.76, 
-195.00, 52.30, 95.51, -26.70, -6.61, 100.28, -10.37, 4.76, 
-194.00, 52.12, 96.95, -26.46, -6.60, 100.03, -10.39, 4.75, 
-193.00, 52.70, 95.05, -26.21, -6.60, 99.78, -10.41, 4.76, 
-192.00, 52.55, 94.04, -26.28, -6.59, 99.53, -10.42, 4.76, 
-191.00, 52.50, 94.80, -26.21, -6.58, 99.28, -10.44, 4.76, 
-190.00, 52.63, 93.76, -26.57, -6.57, 99.03, -10.46, 4.75, 
-189.00, 52.66, 96.13, -26.56, -6.56, 98.78, -10.47, 4.76, 
-188.00, 52.54, 94.69, -26.56, -6.56, 98.53, -10.49, 4.76, 
-187.00, 52.55, 93.79, -26.13, -6.55, 98.28, -10.51, 4.76, 
-186.00, 52.58, 93.58, -26.02, -6.54, 98.02, -10.52, 4.75, 
-185.00, 52.79, 92.51, -26.63, -6.53, 97.77, -10.54, 4.76, 
-184.00, 52.65, 94.70, -26.79, -6.52, 97.52, -10.56, 4.76, 
-183.00, 52.42, 92.94, -26.73, -6.52, 97.27, -10.57, 4.76, 
-182.00, 52.40, 92.11, -26.76, -6.51, 97.02, -10.59, 4.75, 
-181.00, 52.55, 92.15, -27.00, -6.50, 96.77, -10.61, 4.76, 
-180.00, 52.70, 90.52, -26.82, -6.49, 96.51, -10.62, 4.76, 
-179.00, 52.57, 91.97, -27.08, -6.48, 96.26, -10.64, 4.76, 
-178.00, 52.84, 90.94, -26.82, -6.48, 96.01, -10.66, 4.76, 
-177.00, 52.62, 90.58, -26.93, -6.47, 95.76, -10.67, 4.76, 
-176.00, 52.54, 91.81, -27.48, -6.46, 95.50, -10.69, 4.76, 
-175.00, 52.85, 89.79, -27.10, -6.45, 95.25, -10.71, 4.76, 
-174.00, 52.66, 89.13, -26.79, -6.44, 95.00, -10.73, 4.76, 
-173.00, 52.75, 90.12, -27.16, -6.44, 94.75, -10.74, 4.76, 
-172.00, 52.60, 89.21, -26.80, -6.43, 94.49, -10.76, 4.76, 
-171.00, 52.83, 89.79, -26.84, -6.42, 94.24, -10.78, 4.76, 
-170.00, 52.93, 88.92, -26.76, -6.41, 93.99, -10.79, 4.76, 
-169.00, 53.34, 87.19, -27.06, -6.40, 93.73, -10.81, 4.76, 
-168.00, 52.52, 89.42, -26.54, -6.39, 93.48, -10.83, 4.76, 
-167.00, 52.85, 88.16, -26.84, -6.39, 93.23, -10.84, 4.76, 
-166.00, 52.82, 88.03, -26.97, -6.38, 92.97, -10.86, 4.76, 
-165.00, 52.96, 88.48, -27.07, -6.37, 92.72, -10.88, 4.76, 
-164.00, 52.77, 85.93, -27.12, -6.36, 92.47, -10.90, 4.76, 
-163.00, 52.96, 87.51, -27.12, -6.35, 92.21, -10.91, 4.77, 
-162.00, 52.91, 85.56, -26.73, -6.35, 91.96, -10.93, 4.76, 
-161.00, 52.94, 85.59, -27.21, -6.34, 91.70, -10.95, 4.76, 
-160.00, 52.80, 87.78, -27.05, -6.33, 91.45, -10.96, 4.77, 
-159.00, 53.02, 86.05, -27.40, -6.32, 91.19, -10.98, 4.77, 
-158.00, 52.70, 86.97, -27.17, -6.31, 90.94, -11.00, 4.76, 
-157.00, 52.77, 84.55, -27.12, -6.30, 90.69, -11.01, 4.76, 
-156.00, 53.15, 84.35, -27.54, -6.30, 90.43, -11.03, 4.77, 
-155.00, 53.06, 84.71, -26.97, -6.29, 90.18, -11.05, 4.77, 
-154.00, 53.07, 83.81, -26.91, -6.28, 89.92, -11.07, 4.76, 
-153.00, 52.97, 86.21, -27.19, -6.27, 89.67, -11.08, 4.76, 
-152.00, 52.98, 83.75, -27.14, -6.26, 89.41, -11.10, 4.77, 
-151.00, 52.78, 85.18, -27.81, -6.26, 89.16, -11.12, 4.77, 
-150.00, 52.95, 83.10, -27.09, -6.25, 88.90, -11.13, 4.76, 
-149.00, 52.65, 81.86, -27.16, -6.24, 88.64, -11.15, 4.77, 
-148.00, 52.82, 83.00, -27.14, -6.23, 88.39, -11.17, 4.77, 
-147.00, 52.76, 82.00, -27.27, -6.22, 88.13, -11.19, 4.77, 
-146.00, 52.52, 83.26, -27.67, -6.21, 87.88, -11.20, 4.77, 
-145.00, 52.65, 82.29, -27.57, -6.21, 87.62, -11.22, 4.77, 
-144.00, 52.68, 80.50, -27.46, -6.20, 87.37, -11.24, 4.77, 
-143.00, 52.82, 82.70, -27.72, -6.19, 87.11, -11.26, 4.77, 
-142.00, 52.97, 81.43, -27.44, -6.18, 86.85, -11.27, 4.77, 
-141.00, 52.54, 81.82, -27.88, -6.17, 86.60, -11.29, 4.77, 
-140.00, 52.96, 82.06, -27.83, -6.16, 86.34, -11.31, 4.77, 
-139.00, 52.85, 79.00, -28.10, -6.16, 86.08, -11.32, 4.77, 
-138.00, 53.09, 80.31, -28.05, -6.15, 85.83, -11.34, 4.77, 
-137.00, 53.15, 79.33, -28.04, -6.14, 85.57, -11.36, 4.77, 
-136.00, 52.83, 80.36, -28.12, -6.13, 85.31, -11.38, 4.77, 
-135.00, 53.11, 80.52, -28.64, -6.12, 85.06, -11.39, 4.77, 
-134.00, 52.72, 78.19, -27.99, -6.11, 84.80, -11.41, 4.77, 
-133.00, 52.84, 79.05, -27.57, -6.11, 84.54, -11.43, 4.77, 
-132.00, 52.71, 77.21, -27.81, -6.10, 84.29, -11.45, 4.77, 
-131.00, 52.91, 79.71, -27.42, -6.09, 84.03, -11.46, 4.77, 
-130.00, 53.29, 78.01, -27.59, -6.08, 83.77, -11.48, 4.78, 
-129.00, 53.04, 78.03, -27.88, -6.07, 83.51, -11.50, 4.77, 
-128.00, 52.96, 77.51, -27.75, -6.06, 83.26, -11.52, 4.77, 
-127.00, 52.89, 76.03, -27.62, -6.06, 83.00, -11.53, 4.78, 
-126.00, 53.06, 77.30, -27.22, -6.05, 82.74, -11.55, 4.77, 
-125.00, 52.85, 75.16, -27.30, -6.04, 82.48, -11.57, 4.77, 
-124.00, 52.89, 77.50, -27.44, -6.03, 82.23, -11.59, 4.78, 
-123.00, 53.19, 75.64, -27.09, -6.02, 81.97, -11.60, 4.77, 
-122.00, 52.83, 76.56, -27.26, -6.01, 81.71, -11.62, 4.77, 
-121.00, 53.21, 75.21, -27.82, -6.01, 81.45, -11.64, 4.78, 
-120.00, 53.09, 74.42, -28.08, -6.00, 81.19, -11.66, 4.77, 
-119.00, 52.97, 75.61, -27.87, -5.99, 80.94, -11.67, 4.77, 
-118.00, 52.99, 74.64, -28.01, -5.98, 80.68, -11.69, 4.78, 
-117.00, 53.03, 76.02, -27.87, -5.97, 80.42, -11.71, 4.77, 
-116.00, 52.98, 72.84, -27.58, -5.96, 80.16, -11.73, 4.78, 
-115.00, 53.08, 73.96, -27.98, -5.95, 79.90, -11.74, 4.77, 
-114.00, 52.91, 72.29, -28.02, -5.95, 79.64, -11.76, 4.77, 
-113.00, 53.00, 73.46, -28.38, -5.94, 79.38, -11.78, 4.78, 
-112.00, 53.26, 74.64, -27.95, -5.93, 79.13, -11.80, 4.77, 
-111.00, 52.93, 72.30, -28.52, -5.92, 78.87, -11.82, 4.78, 
-110.00, 52.79, 73.61, -28.43, -5.91, 78.61, -11.83, 4.78, 
-109.00, 52.98, 70.65, -27.96, -5.90, 78.35, -11.85, 4.78, 
-108.00, 52.83, 73.56, -27.80, -5.90, 78.09, -11.87, 4.78, 
-107.00, 52.74, 71.60, -27.86, -5.89, 77.83, -11.89, 4.78, 
-106.00, 53.12, 71.84, -28.14, -5.88, 77.57, -11.90, 4.78, 
-105.00, 52.96, 70.74, -28.33, -5.87, 77.31, -11.92, 4.78, 
-104.00, 53.06, 69.99, -28.23, -5.86, 77.05, -11.94, 4.78, 
-103.00, 53.32, 71.56, -27.92, -5.85, 76.79, -11.96, 4.78, 
-102.00, 53.03, 69.98, -28.29, -5.84, 76.53, -11.98, 4.78, 
-101.00, 52.96, 70.69, -28.10, -5.84, 76.27, -11.99, 4.78, 
-100.00, 53.01, 67.90, -28.05, -5.83, 76.01, -12.01, 4.78, 
-99.00, 52.97, 69.54, -27.66, -5.82, 75.75, -12.03, 4.78, 
-98.00, 53.15, 69.05, -27.88, -5.81, 75.49, -12.05, 4.78, 
-97.00, 53.23, 69.68, -28.35, -5.80, 75.23, -12.06, 4.78, 
-96.00, 53.37, 68.56, -28.18, -5.79, 74.97, -12.08, 4.78, 
-95.00, 53.37, 67.47, -28.79, -5.78, 74.71, -12.10, 4.78, 
-94.00, 53.59, 68.42, -28.43, -5.78, 74.45, -12.12, 4.78, 
-93.00, 53.64, 67.65, -28.44, -5.77, 74.19, -12.14, 4.78, 
-92.00, 53.39, 68.95, -28.42, -5.76, 73.93, -12.15, 4.78, 
-91.00, 53.67, 65.79, -29.05, -5.75, 73.67, -12.17, 4.78, 
-90.00, 53.47, 67.07, -28.61, -5.74, 73.41, -12.19, 4.78, 
-89.00, 53.76, 65.61, -28.23, -5.73, 73.15, -12.21, 4.78, 
-88.00, 53.42, 66.77, -29.13, -5.72, 72.89, -12.23, 4.78, 
-87.00, 53.81, 65.58, -28.89, -5.72, 72.63, -12.24, 4.78, 
-86.00, 53.68, 65.00, -28.93, -5.71, 72.37, -12.26, 4.78, 
-85.00, 53.76, 66.69, -28.50, -5.70, 72.11, -12.28, 4.78, 
-84.00, 53.67, 65.24, -28.51, -5.69, 71.85, -12.30, 4.78, 
-83.00, 53.81, 64.93, -28.55, -5.68, 71.59, -12.32, 4.78, 
-82.00, 53.52, 63.22, -28.60, -5.67, 71.33, -12.33, 4.78, 
-81.00, 53.64, 64.86, -28.44, -5.66, 71.06, -12.35, 4.78, 
-80.00, 53.54, 64.06, -28.22, -5.66, 70.80, -12.37, 4.78, 
-79.00, 53.40, 64.90, -28.38, -5.65, 70.54, -12.39, 4.78, 
-78.00, 53.13, 63.59, -28.46, -5.64, 70.28, -12.41, 4.78, 
-77.00, 53.12, 62.72, -28.44, -5.63, 70.02, -12.42, 4.78, 
-76.00, 53.44, 63.38, -29.05, -5.62, 69.76, -12.44, 4.78, 
-75.00, 53.63, 62.79, -29.27, -5.61, 69.50, -12.46, 4.78, 
-74.00, 53.35, 63.20, -28.87, -5.60, 69.23, -12.48, 4.78, 
-73.00, 53.21, 61.21, -28.98, -5.59, 68.97, -12.50, 4.78, 
-72.00, 53.38, 62.61, -29.40, -5.59, 68.71, -12.51, 4.78, 
-71.00, 53.77, 60.87, -29.27, -5.58, 68.45, -12.53, 4.78, 
-70.00, 53.55, 61.96, -29.13, -5.57, 68.19, -12.55, 4.78, 
-69.00, 53.66, 59.72, -29.13, -5.56, 67.93, -12.57, 4.78, 
-68.00, 53.85, 61.41, -29.02, -5.55, 67.66, -12.59, 4.78, 
-67.00, 53.85, 61.20, -29.08, -5.54, 67.40, -12.61, 4.78, 
-66.00, 53.80, 60.43, -29.54, -5.53, 67.14, -12.62, 4.78, 
-65.00, 53.59, 60.32, -28.79, -5.53, 66.88, -12.64, 4.78, 
-64.00, 53.58, 59.49, -29.44, -5.52, 66.62, -12.66, 4.78, 
-63.00, 53.39, 60.13, -29.05, -5.51, 66.35, -12.68, 4.78, 
-62.00, 53.52, 57.76, -29.16, -5.50, 66.09, -12.70, 4.78, 
-61.00, 53.31, 58.82, -29.66, -5.49, 65.83, -12.72, 4.78, 
-60.00, 53.09, 57.32, -29.34, -5.48, 65.57, -12.73, 4.78, 
-59.00, 53.31, 59.43, -29.50, -5.47, 65.30, -12.75, 4.78, 
-58.00, 53.61, 56.44, -29.96, -5.46, 65.04, -12.77, 4.78, 
-57.00, 53.60, 57.71, -30.01, -5.46, 64.78, -12.79, 4.78, 
-56.00, 53.36, 57.35, -29.47, -5.45, 64.52, -12.81, 4.78, 
-55.00, 53.23, 57.85, -29.75, -5.44, 64.25, -12.83, 4.78, 
-54.00, 53.60, 56.43, -29.62, -5.43, 63.99, -12.84, 4.78, 
-53.00, 53.48, 56.03, -29.92, -5.42, 63.73, -12.86, 4.78, 
-52.00, 53.67, 56.76, -30.01, -5.41, 63.47, -12.88, 4.78, 
-51.00, 53.43, 54.88, -30.44, -5.40, 63.20, -12.90, 4.78, 
-50.00, 53.70, 55.98, -30.23, -5.39, 62.94, -12.92, 4.78, 
-49.00, 53.64, 54.59, -29.74, -5.39, 62.68, -12.94, 4.78, 
-48.00, 53.31, 55.23, -30.23, -5.38, 62.42, -12.95, 4.79, 
-47.00, 53.61, 53.60, -30.11, -5.37, 62.15, -12.97, 4.78, 
-46.00, 53.69, 54.90, -29.91, -5.36, 61.89, -12.99, 4.78, 
-45.00, 54.05, 54.82, -29.56, -5.35, 61.63, -13.01, 4.78, 
-44.00, 53.36, 54.21, -29.69, -5.34, 61.36, -13.03, 4.78, 
-43.00, 53.59, 54.25, -29.71, -5.33, 61.10, -13.05, 4.78, 
-42.00, 53.46, 54.79, -30.08, -5.32, 60.84, -13.07, 4.78, 
-41.00, 53.67, 54.05, -29.86, -5.32, 60.57, -13.08, 4.78, 
-40.00, 53.89, 52.21, -30.01, -5.31, 60.31, -13.10, 4.78, 
-39.00, 53.68, 53.12, -29.70, -5.30, 60.05, -13.12, 4.78, 
-38.00, 53.88, 51.94, -29.63, -5.29, 59.78, -13.14, 4.78, 
-37.00, 53.49, 52.29, -29.31, -5.28, 59.52, -13.16, 4.78, 
-36.00, 53.72, 51.34, -29.37, -5.27, 59.26, -13.18, 4.78, 
-35.00, 53.47, 51.46, -29.17, -5.26, 58.99, -13.20, 4.78, 
-34.00, 53.55, 50.46, -29.70, -5.25, 58.73, -13.21, 4.78, 
-33.00, 53.27, 50.95, -29.80, -5.25, 58.47, -13.23, 4.79, 
-32.00, 53.44, 50.26, -29.53, -5.24, 58.20, -13.25, 4.79, 
-31.00, 53.44, 49.89, -29.59, -5.23, 57.94, -13.27, 4.78, 
-30.00, 53.67, 50.35, -30.04, -5.22, 57.68, -13.29, 4.78, 
-29.00, 53.65, 49.13, -30.51, -5.21, 57.41, -13.31, 4.78, 
-28.00, 53.90, 49.39, -30.42, -5.20, 57.15, -13.33, 4.78, 
-27.00, 53.72, 48.96, -30.29, -5.19, 56.88, -13.35, 4.78, 
-26.00, 53.52, 48.95, -30.18, -5.18, 56.62, -13.36, 4.78, 
-25.00, 53.36, 49.01, -30.17, -5.18, 56.36, -13.38, 4.78, 
-24.00, 53.30, 48.01, -30.55, -5.17, 56.09, -13.40, 4.78, 
-23.00, 53.69, 48.60, -30.74, -5.16, 55.83, -13.42, 4.78, 
-22.00, 53.52, 48.08, -30.53, -5.15, 55.57, -13.44, 4.78, 
-21.00, 53.63, 47.34, -30.59, -5.14, 55.30, -13.46, 4.78, 
-20.00, 53.76, 47.64, -30.59, -5.13, 55.04, -13.48, 4.78, 
-19.00, 53.74, 47.09, -30.08, -5.12, 54.77, -13.50, 4.79, 
-18.00, 53.76, 47.05, -30.42, -5.11, 54.51, -13.51, 4.78, 
-17.00, 53.98, 46.61, -30.61, -5.10, 54.25, -13.53, 4.78, 
-16.00, 53.63, 46.21, -30.26, -5.10, 53.98, -13.55, 4.79, 
-15.00, 53.59, 46.38, -30.04, -5.09, 53.72, -13.57, 4.79, 
-14.00, 53.71, 45.69, -30.37, -5.08, 53.45, -13.59, 4.78, 
-13.00, 54.22, 45.36, -30.13, -5.07, 53.19, -13.61, 4.79, 
-12.00, 54.00, 44.49, -29.96, -5.06, 52.92, -13.63, 4.79, 
-11.00, 54.17, 44.96, -30.38, -5.05, 52.66, -13.65, 4.79, 
-10.00, 54.13, 44.04, -30.61, -5.04, 52.40, -13.67, 4.79, 
-9.00, 53.89, 44.12, -31.08, -5.03, 52.13, -13.68, 4.79, 
-8.00, 54.19, 44.15, -30.97, -5.03, 51.87, -13.70, 4.78, 
-7.00, 54.03, 43.45, -30.98, -5.02, 51.60, -13.72, 4.79, 
-6.00, 54.05, 43.53, -30.72, -5.01, 51.34, -13.74, 4.79, 
-5.00, 53.81, 43.09, -30.19, -5.00, 51.07, -13.76, 4.78, 
-4.00, 53.98, 42.93, -30.50, -4.99, 50.81, -13.78, 4.79, 
-3.00, 54.22, 42.42, -30.39, -4.98, 50.55, -13.80, 4.79, 
-2.00, 54.12, 41.99, -30.49, -4.97, 50.28, -13.82, 4.79, 
-1.00, 54.17, 41.82, -30.17, -4.96, 50.02, -13.84, 4.78, 
0.00, 54.10, 41.31, -30.67, -4.95, 49.75, -13.86, 4.79, 
1.00, 53.99, 41.47, -30.79, -4.95, 49.49, -13.87, 4.79, 
2.00, 54.24, 41.43, -30.64, -4.94, 49.22, -13.89, 4.79, 
3.00, 53.90, 41.16, -30.87, -4.93, 48.96, -13.91, 4.79, 
4.00, 54.09, 40.84, -30.70, -4.92, 48.69, -13.93, 4.79, 
5.00, 53.98, 40.48, -30.06, -4.91, 48.43, -13.95, 4.79, 
6.00, 54.08, 39.95, -30.23, -4.90, 48.16, -13.97, 4.79, 
7.00, 54.21, 39.44, -30.43, -4.89, 47.90, -13.99, 4.79, 
8.00, 54.48, 39.31, -30.24, -4.88, 47.63, -14.01, 4.79, 
9.00, 54.48, 39.37, -30.20, -4.88, 47.37, -14.03, 4.79, 
10.00, 54.09, 38.89, -30.28, -4.87, 47.11, -14.05, 4.79, 
11.00, 54.08, 38.94, -29.91, -4.86, 46.84, -14.07, 4.79, 
12.00, 53.82, 38.50, -30.32, -4.85, 46.58, -14.09, 4.79, 
13.00, 53.96, 37.92, -30.69, -4.84, 46.31, -14.10, 4.79, 
14.00, 54.13, 37.70, -30.77, -4.83, 46.05, -14.12, 4.79, 
15.00, 54.20, 37.19, -30.37, -4.82, 45.78, -14.14, 4.79, 
16.00, 54.08, 36.81, -30.41, -4.81, 45.52, -14.16, 4.79, 
17.00, 54.20, 36.31, -30.36, -4.80, 45.25, -14.18, 4.79, 
18.00, 54.07, 36.08, -30.91, -4.80, 44.99, -14.20, 4.78, 
19.00, 54.16, 36.49, -30.79, -4.79, 44.72, -14.22, 4.78, 
20.00, 54.29, 35.72, -31.06, -4.78, 44.46, -14.24, 4.78, 
21.00, 54.29, 35.33, -31.05, -4.77, 44.19, -14.26, 4.78, 
22.00, 54.19, 35.78, -31.06, -4.76, 43.93, -14.28, 4.79, 
23.00, 54.35, 34.92, -30.69, -4.75, 43.66, -14.30, 4.79, 
24.00, 54.26, 34.76, -30.75, -4.74, 43.40, -14.32, 4.78, 
25.00, 53.88, 34.59, -30.47, -4.73, 43.13, -14.34, 4.78, 
26.00, 53.97, 34.64, -30.82, -4.72, 42.87, -14.36, 4.78, 
27.00, 54.11, 34.48, -30.53, -4.72, 42.60, -14.37, 4.79, 
28.00, 54.13, 33.65, -30.03, -4.71, 42.34, -14.39, 4.78, 
29.00, 54.06, 33.30, -30.67, -4.70, 42.07, -14.41, 4.79, 
30.00, 54.34, 33.28, -31.00, -4.69, 41.81, -14.43, 4.78, 
31.00, 54.27, 32.94, -31.09, -4.68, 41.54, -14.45, 4.78, 
32.00, 54.56, 33.15, -31.02, -4.67, 41.28, -14.47, 4.78, 
33.00, 54.49, 32.74, -31.10, -4.66, 41.02, -14.49, 4.78, 
34.00, 54.26, 31.70, -31.32, -4.65, 40.75, -14.51, 4.78, 
35.00, 54.45, 32.21, -30.97, -4.65, 40.49, -14.53, 4.78, 
36.00, 54.60, 31.73, -31.22, -4.64, 40.22, -14.55, 4.78, 
37.00, 54.50, 31.53, -31.63, -4.63, 39.96, -14.57, 4.78, 
38.00, 54.48, 30.88, -31.20, -4.62, 39.69, -14.59, 4.78, 
39.00, 54.65, 29.67, -31.46, -4.61, 39.43, -14.61, 4.78, 
40.00, 54.67, 29.73, -31.08, -4.60, 39.16, -14.63, 4.78, 
41.00, 54.39, 30.05, -30.89, -4.59, 38.90, -14.65, 4.78, 
42.00, 54.58, 29.10, -32.01, -4.58, 38.63, -14.67, 4.78, 
43.00, 54.75, 29.67, -31.89, -4.57, 38.37, -14.69, 4.78, 
44.00, 54.64, 28.24, -31.43, -4.57, 38.10, -14.71, 4.79, 
45.00, 54.45, 28.34, -31.53, -4.56, 37.84, -14.73, 4.78, 
46.00, 54.50, 28.14, -31.78, -4.55, 37.57, -14.74, 4.78, 
47.00, 54.52, 27.14, -31.45, -4.54, 37.31, -14.76, 4.78, 
48.00, 54.52, 28.84, -30.72, -4.53, 37.04, -14.78, 4.78, 
49.00, 54.87, 27.34, -31.46, -4.52, 36.78, -14.80, 4.78, 
50.00, 54.79, 27.91, -31.53, -4.51, 36.51, -14.82, 4.78, 
51.00, 54.57, 27.23, -31.24, -4.50, 36.25, -14.84, 4.79, 
52.00, 54.54, 26.55, -31.63, -4.50, 35.98, -14.86, 4.78, 
53.00, 54.55, 27.49, -31.68, -4.49, 35.72, -14.88, 4.78, 
54.00, 54.83, 25.38, -31.47, -4.48, 35.45, -14.90, 4.78, 
55.00, 55.14, 26.42, -31.80, -4.47, 35.19, -14.92, 4.78, 
56.00, 54.93, 24.97, -31.94, -4.46, 34.92, -14.94, 4.78, 
57.00, 54.62, 24.88, -31.60, -4.45, 34.66, -14.96, 4.78, 
58.00, 54.72, 26.59, -31.47, -4.44, 34.39, -14.98, 4.78, 
59.00, 54.73, 25.80, -31.84, -4.43, 34.13, -15.00, 4.78, 
60.00, 55.07, 25.86, -31.93, -4.42, 33.87, -15.02, 4.78, 
61.00, 55.23, 24.67, -31.69, -4.42, 33.60, -15.04, 4.78, 
62.00, 54.92, 23.32, -31.38, -4.41, 33.34, -15.06, 4.78, 
63.00, 54.90, 23.68, -31.40, -4.40, 33.07, -15.08, 4.78, 
64.00, 54.89, 22.87, -31.07, -4.39, 32.81, -15.10, 4.78, 
65.00, 54.72, 23.68, -31.91, -4.38, 32.54, -15.12, 4.78, 
66.00, 54.95, 23.72, -32.06, -4.37, 32.28, -15.14, 4.78, 
67.00, 55.02, 22.27, -31.75, -4.36, 32.01, -15.16, 4.78, 
68.00, 54.95, 23.57, -32.36, -4.35, 31.75, -15.18, 4.78, 
69.00, 54.93, 21.77, -31.85, -4.35, 31.48, -15.20, 4.78, 
70.00, 54.82, 20.54, -32.15, -4.34, 31.22, -15.22, 4.78, 
71.00, 54.90, 21.77, -32.01, -4.33, 30.95, -15.24, 4.78, 
72.00, 55.38, 21.20, -31.63, -4.32, 30.69, -15.26, 4.78, 
73.00, 55.14, 21.54, -32.16, -4.31, 30.43, -15.28, 4.78, 
74.00, 54.97, 20.67, -31.89, -4.30, 30.16, -15.30, 4.78, 
75.00, 54.91, 19.39, -32.34, -4.29, 29.90, -15.32, 4.78, 
76.00, 54.93, 20.46, -31.81, -4.28, 29.63, -15.34, 4.78, 
77.00, 54.94, 19.43, -31.20, -4.28, 29.37, -15.36, 4.78, 
78.00, 54.84, 20.94, -31.82, -4.27, 29.10, -15.38, 4.78, 
79.00, 54.80, 19.62, -32.14, -4.26, 28.84, -15.40, 4.78, 
80.00, 54.85, 18.15, -31.98, -4.25, 28.57, -15.42, 4.78, 
81.00, 55.00, 18.47, -32.10, -4.24, 28.31, -15.44, 4.78, 
82.00, 55.14, 17.33, -31.98, -4.23, 28.05, -15.46, 4.78, 
83.00, 54.98, 18.89, -32.12, -4.22, 27.78, -15.48, 4.78, 
84.00, 55.04, 18.82, -31.78, -4.21, 27.52, -15.50, 4.78, 
85.00, 54.72, 17.49, -31.89, -4.21, 27.25, -15.52, 4.78, 
86.00, 54.85, 17.97, -31.90, -4.20, 26.99, -15.54, 4.78, 
87.00, 55.36, 16.72, -31.78, -4.19, 26.72, -15.56, 4.78, 
88.00, 55.25, 17.84, -32.13, -4.18, 26.46, -15.58, 4.78, 
89.00, 55.20, 17.60, -32.37, -4.17, 26.20, -15.60, 4.78, 
90.00, 55.19, 15.18, -32.07, -4.16, 25.93, -15.62, 4.78, 
91.00, 55.15, 16.30, -32.03, -4.15, 25.67, -15.64, 4.78, 
92.00, 55.19, 13.91, -32.34, -4.14, 25.40, -15.66, 4.78, 
93.00, 54.84, 16.50, -32.44, -4.14, 25.14, -15.68, 4.78, 
94.00, 54.94, 15.36, -31.94, -4.13, 24.88, -15.70, 4.78, 
95.00, 55.17, 14.93, -32.27, -4.12, 24.61, -15.72, 4.78, 
96.00, 54.86, 14.61, -32.16, -4.11, 24.35, -15.74, 4.78, 
97.00, 54.99, 12.73, -32.04, -4.10, 24.08, -15.76, 4.78, 
98.00, 55.50, 15.54, -31.79, -4.09, 23.82, -15.78, 4.78, 
99.00, 55.46, 14.14, -31.54, -4.08, 23.56, -15.80, 4.78, 
100.00, 55.13, 11.90, -32.10, -4.07, 23.29, -15.82, 4.78, 
101.00, 55.43, 13.88, -32.64, -4.07, 23.03, -15.84, 4.78, 
102.00, 55.55, 12.39, -32.49, -4.06, 22.77, -15.86, 4.78, 
103.00, 55.48, 12.74, -32.28, -4.05, 22.50, -15.88, 4.78, 
104.00, 55.39, 11.53, -32.39, -4.04, 22.24, -15.90, 4.78, 
105.00, 55.54, 11.45, -32.53, -4.03, 21.97, -15.92, 4.78, 
106.00, 55.61, 13.12, -32.60, -4.02, 21.71, -15.94, 4.78, 
107.00, 55.51, 9.95, -32.36, -4.01, 21.45, -15.96, 4.78, 
108.00, 55.57, 10.03, -33.06, -4.00, 21.18, -15.98, 4.78, 
109.00, 55.49, 11.41, -32.75, -4.00, 20.92, -16.00, 4.78, 
110.00, 55.63, 9.35, -32.78, -3.99, 20.66, -16.02, 4.78, 
111.00, 55.42, 10.63, -32.73, -3.98, 20.39, -16.04, 4.77, 
112.00, 55.44, 8.73, -32.29, -3.97, 20.13, -16.06, 4.77, 
113.00, 55.26, 9.93, -32.93, -3.96, 19.87, -16.08, 4.78, 
114.00, 55.11, 10.07, -32.68, -3.95, 19.60, -16.10, 4.77, 
115.00, 55.38, 7.40, -32.76, -3.94, 19.34, -16.13, 4.78, 
116.00, 55.49, 9.97, -32.56, -3.94, 19.08, -16.15, 4.77, 
117.00, 55.50, 8.72, -32.75, -3.93, 18.81, -16.17, 4.78, 
118.00, 55.25, 6.70, -32.90, -3.92, 18.55, -16.19, 4.77, 
119.00, 55.66, 8.82, -33.05, -3.91, 18.29, -16.21, 4.77, 
120.00, 55.59, 7.17, -33.37, -3.90, 18.03, -16.23, 4.78, 
121.00, 55.66, 7.18, -33.04, -3.89, 17.76, -16.25, 4.77, 
122.00, 55.76, 6.21, -33.08, -3.88, 17.50, -16.27, 4.78, 
123.00, 55.73, 6.23, -32.62, -3.87, 17.24, -16.29, 4.77, 
124.00, 55.62, 7.35, -32.78, -3.87, 16.97, -16.31, 4.77, 
125.00, 55.65, 4.35, -32.95, -3.86, 16.71, -16.33, 4.77, 
126.00, 55.25, 6.74, -32.89, -3.85, 16.45, -16.35, 4.77, 
127.00, 55.42, 5.50, -33.08, -3.84, 16.19, -16.37, 4.77, 
128.00, 55.50, 3.87, -33.17, -3.83, 15.92, -16.39, 4.77, 
129.00, 55.59, 5.96, -33.10, -3.82, 15.66, -16.41, 4.78, 
130.00, 55.62, 4.34, -33.13, -3.81, 15.40, -16.43, 4.77, 
131.00, 55.38, 3.93, -32.91, -3.81, 15.14, -16.45, 4.77, 
132.00, 55.43, 5.08, -32.76, -3.80, 14.87, -16.47, 4.77, 
133.00, 55.40, 3.15, -32.81, -3.79, 14.61, -16.49, 4.77, 
134.00, 55.44, 4.12, -33.29, -3.78, 14.35, -16.52, 4.77, 
135.00, 55.45, 3.74, -32.95, -3.77, 14.09, -16.54, 4.77, 
136.00, 55.52, 3.25, -33.01, -3.76, 13.83, -16.56, 4.77, 
137.00, 55.55, 2.94, -33.00, -3.75, 13.56, -16.58, 4.77, 
138.00, 55.41, 2.53, -32.70, -3.75, 13.30, -16.60, 4.77, 
139.00, 55.38, 3.20, -32.86, -3.74, 13.04, -16.62, 4.77, 
140.00, 55.24, 1.53, -33.14, -3.73, 12.78, -16.64, 4.77, 
141.00, 55.73, 2.06, -33.31, -3.72, 12.52, -16.66, 4.77, 
142.00, 55.55, 2.56, -33.30, -3.71, 12.25, -16.68, 4.77, 
143.00, 55.82, 0.01, -33.09, -3.70, 11.99, -16.70, 4.77, 
144.00, 55.83, 2.67, -33.10, -3.69, 11.73, -16.72, 4.77, 
145.00, 55.81, 0.02, -33.42, -3.69, 11.47, -16.74, 4.77, 
146.00, 55.75, 0.23, -33.08, -3.68, 11.21, -16.76, 4.77, 
147.00, 55.78, 1.26, -33.03, -3.67, 10.95, -16.78, 4.77, 
148.00, 55.57, -1.79, -33.09, -3.66, 10.68, -16.80, 4.77, 
149.00, 55.34, 1.02, -33.06, -3.65, 10.42, -16.83, 4.76, 
150.00, 55.38, -0.42, -32.94, -3.64, 10.16, -16.85, 4.77, 
151.00, 55.67, -1.81, -32.91, -3.63, 9.90, -16.87, 4.76, 
152.00, 55.73, -0.21, -33.18, -3.63, 9.64, -16.89, 4.77, 
153.00, 55.56, -3.04, -33.21, -3.62, 9.38, -16.91, 4.76, 
154.00, 55.30, -1.71, -33.15, -3.61, 9.12, -16.93, 4.77, 
155.00, 55.52, -1.86, -33.30, -3.60, 8.86, -16.95, 4.76, 
156.00, 55.45, -3.00, -33.17, -3.59, 8.59, -16.97, 4.77, 
157.00, 55.44, -2.28, -33.03, -3.58, 8.33, -16.99, 4.77, 
158.00, 55.40, -3.67, -33.34, -3.58, 8.07, -17.01, 4.76, 
159.00, 55.57, -3.00, -33.68, -3.57, 7.81, -17.03, 4.77, 
160.00, 55.84, -3.68, -33.36, -3.56, 7.55, -17.06, 4.76, 
161.00, 55.86, -4.00, -33.35, -3.55, 7.29, -17.08, 4.77, 
162.00, 55.64, -3.91, -33.16, -3.54, 7.03, -17.10, 4.77, 
163.00, 55.56, -4.76, -33.69, -3.53, 6.77, -17.12, 4.76, 
164.00, 55.47, -4.52, -33.10, -3.52, 6.51, -17.14, 4.77, 
165.00, 55.56, -5.79, -33.33, -3.52, 6.25, -17.16, 4.76, 
166.00, 55.43, -5.78, -33.98, -3.51, 5.99, -17.18, 4.76, 
167.00, 55.48, -5.42, -33.82, -3.50, 5.73, -17.20, 4.77, 
168.00, 55.39, -6.39, -34.10, -3.49, 5.47, -17.22, 4.76, 
169.00, 55.75, -5.81, -33.98, -3.48, 5.21, -17.24, 4.76, 
170.00, 55.70, -7.27, -34.00, -3.47, 4.95, -17.26, 4.76, 
171.00, 55.65, -6.77, -33.36, -3.47, 4.69, -17.29, 4.76, 
172.00, 55.80, -6.78, -33.58, -3.46, 4.43, -17.31, 4.76, 
173.00, 55.85, -8.20, -33.58, -3.45, 4.17, -17.33, 4.76, 
174.00, 55.76, -7.26, -33.29, -3.44, 3.91, -17.35, 4.76, 
175.00, 55.99, -9.13, -33.53, -3.43, 3.65, -17.37, 4.76, 
176.00, 55.77, -7.95, -33.55, -3.42, 3.39, -17.39, 4.76, 
177.00, 55.91, -8.78, -33.65, -3.42, 3.13, -17.41, 4.76, 
178.00, 55.60, -8.53, -33.75, -3.41, 2.87, -17.43, 4.75, 
179.00, 55.69, -8.80, -33.56, -3.40, 2.61, -17.45, 4.76, 
180.00, 55.69, -8.51, -33.78, -3.39, 2.35, -17.48, 4.76, 
181.00, 55.44, -9.44, -33.72, -3.38, 2.09, -17.50, 4.75, 
182.00, 55.98, -10.43, -33.79, -3.37, 1.83, -17.52, 4.76, 
183.00, 55.68, -9.82, -33.62, -3.37, 1.57, -17.54, 4.76, 
184.00, 55.72, -10.99, -33.68, -3.36, 1.32, -17.56, 4.75, 
185.00, 55.57, -10.32, -34.21, -3.35, 1.06, -17.58, 4.76, 
186.00, 55.72, -10.34, -33.75, -3.34, 0.80, -17.60, 4.76, 
187.00, 55.53, -10.83, -33.96, -3.33, 0.54, -17.62, 4.75, 
188.00, 55.76, -10.96, -33.86, -3.32, 0.28, -17.65, 4.76, 
189.00, 55.65, -12.13, -34.30, -3.32, 0.02, -17.67, 4.76, 
190.00, 55.52, -11.85, -34.12, -3.31, -0.24, -17.69, 4.76, 
191.00, 55.69, -11.56, -33.71, -3.30, -0.49, -17.71, 4.75, 
192.00, 55.59, -12.84, -33.99, -3.29, -0.75, -17.73, 4.76, 
193.00, 55.54, -11.49, -34.21, -3.28, -1.01, -17.75, 4.76, 
194.00, 55.77, -14.14, -33.76, -3.27, -1.27, -17.77, 4.75, 
195.00, 55.83, -11.89, -33.98, -3.27, -1.53, -17.79, 4.75, 
196.00, 55.61, -13.93, -33.89, -3.26, -1.78, -17.82, 4.75, 
197.00, 55.47, -13.75, -34.10, -3.25, -2.04, -17.84, 4.75, 
198.00, 55.47, -13.23, -34.39, -3.24, -2.30, -17.86, 4.75, 
199.00, 55.55, -14.98, -34.13, -3.23, -2.56, -17.88, 4.75, 
200.00, 55.76, -14.06, -34.30, -3.22, -2.82, -17.90, 4.75, 
201.00, 55.68, -14.71, -34.26, -3.22, -3.07, -17.92, 4.75, 
202.00, 55.72, -14.88, -34.07, -3.21, -3.33, -17.94, 4.75, 
203.00, 56.16, -14.84, -34.22, -3.20, -3.59, -17.96, 4.75, 
204.00, 56.26, -16.18, -34.50, -3.19, -3.84, -17.99, 4.75, 
205.00, 55.93, -15.12, -34.59, -3.18, -4.10, -18.01, 4.75, 
206.00, 56.09, -17.24, -34.17, -3.18, -4.36, -18.03, 4.75, 
207.00, 55.59, -15.95, -34.38, -3.17, -4.62, -18.05, 4.75, 
208.00, 55.88, -17.67, -34.24, -3.16, -4.87, -18.07, 4.75, 
209.00, 55.86, -16.33, -34.33, -3.15, -5.13, -18.09, 4.74, 
210.00, 55.63, -17.16, -34.31, -3.14, -5.39, -18.11, 4.75, 
211.00, 55.70, -18.54, -33.84, -3.14, -5.64, -18.14, 4.75, 
212.00, 55.64, -17.42, -33.72, -3.13, -5.90, -18.16, 4.75, 
213.00, 55.64, -18.28, -34.00, -3.12, -6.16, -18.18, 4.75, 
214.00, 55.52, -18.25, -33.93, -3.11, -6.41, -18.20, 4.74, 
215.00, 55.60, -18.59, -34.30, -3.10, -6.67, -18.22, 4.74, 
216.00, 55.47, -18.32, -34.73, -3.09, -6.92, -18.24, 4.75, 
217.00, 55.58, -18.53, -34.33, -3.09, -7.18, -18.27, 4.75, 
218.00, 55.62, -19.47, -34.17, -3.08, -7.44, -18.29, 4.75, 
219.00, 56.00, -19.62, -34.25, -3.07, -7.69, -18.31, 4.75, 
220.00, 55.67, -20.99, -34.19, -3.06, -7.95, -18.33, 4.75, 
221.00, 55.57, -20.20, -34.54, -3.05, -8.20, -18.35, 4.75, 
222.00, 55.98, -20.98, -34.79, -3.05, -8.46, -18.37, 4.75, 
223.00, 55.43, -20.91, -34.76, -3.04, -8.71, -18.39, 4.75, 
224.00, 55.72, -21.27, -34.53, -3.03, -8.97, -18.42, 4.75, 
225.00, 55.93, -22.26, -34.72, -3.02, -9.22, -18.44, 4.74, 
226.00, 55.62, -21.58, -34.84, -3.01, -9.48, -18.46, 4.74, 
227.00, 55.76, -22.13, -34.33, -3.01, -9.73, -18.48, 4.74, 
228.00, 55.69, -22.54, -34.23, -3.00, -9.99, -18.50, 4.74, 
229.00, 55.71, -22.40, -33.94, -2.99, -10.24, -18.52, 4.74, 
230.00, 56.02, -23.41, -34.55, -2.98, -10.50, -18.55, 4.74, 
231.00, 55.68, -22.87, -34.40, -2.97, -10.75, -18.57, 4.74, 
232.00, 56.17, -23.51, -34.59, -2.97, -11.01, -18.59, 4.74, 
233.00, 56.16, -23.72, -34.56, -2.96, -11.26, -18.61, 4.74, 
234.00, 56.18, -23.68, -34.61, -2.95, -11.52, -18.63, 4.74, 
235.00, 55.92, -24.10, -35.26, -2.94, -11.77, -18.66, 4.74, 
236.00, 55.89, -24.12, -35.18, -2.93, -12.02, -18.68, 4.74, 
237.00, 55.93, -24.65, -34.83, -2.93, -12.28, -18.70, 4.74, 
238.00, 55.73, -24.79, -34.74, -2.92, -12.53, -18.72, 4.74, 
239.00, 55.95, -25.25, -35.08, -2.91, -12.78, -18.74, 4.74, 
240.00, 55.92, -25.74, -35.09, -2.90, -13.04, -18.76, 4.74, 
241.00, 56.01, -25.73, -35.33, -2.90, -13.29, -18.79, 4.74, 
242.00, 56.37, -26.02, -35.00, -2.89, -13.54, -18.81, 4.74, 
243.00, 56.24, -25.95, -35.02, -2.88, -13.80, -18.83, 4.74, 
244.00, 56.15, -26.42, -35.05, -2.87, -14.05, -18.85, 4.74, 
245.00, 55.97, -27.05, -35.06, -2.86, -14.30, -18.87, 4.74, 
246.00, 56.26, -27.14, -35.46, -2.86, -14.56, -18.89, 4.74, 
247.00, 56.06, -27.61, -34.94, -2.85, -14.81, -18.92, 4.74, 
248.00, 55.80, -27.68, -35.10, -2.84, -15.06, -18.94, 4.73, 
249.00, 55.90, -27.61, -35.52, -2.83, -15.31, -18.96, 4.74, 
250.00, 55.91, -28.31, -34.83, -2.82, -15.57, -18.98, 4.73, 
251.00, 56.04, -28.61, -34.75, -2.82, -15.82, -19.00, 4.73, 
252.00, 56.15, -28.51, -35.01, -2.81, -16.07, -19.03, 4.73, 
253.00, 56.17, -29.29, -35.00, -2.80, -16.32, -19.05, 4.73, 
254.00, 56.31, -29.01, -34.51, -2.79, -16.58, -19.07, 4.73, 
255.00, 56.04, -29.54, -34.57, -2.79, -16.83, -19.09, 4.73, 
