---START---
-255.00, 49.21, 61.53, -42.75, -7.07, 115.05, -9.40, 3.95, 
-254.00, 40.39, 69.82, -34.40, -7.06, 114.81, -9.42, 3.94, 
-253.00, 40.29, 69.79, -34.46, -7.05, 114.57, -9.43, 3.94, 
-252.00, 40.55, 69.47, -34.15, -7.05, 114.33, -9.45, 3.94, 
-251.00, 40.63, 69.37, -34.22, -7.04, 114.08, -9.46, 3.94, 
-250.00, 40.39, 69.04, -34.25, -7.03, 113.84, -9.48, 3.94, 
-249.00, 40.40, 68.40, -34.17, -7.02, 113.60, -9.49, 3.94, 
-248.00, 40.40, 68.40, -34.28, -7.02, 113.36, -9.51, 3.94, 
-247.00, 40.41, 68.30, -33.76, -7.01, 113.11, -9.53, 3.94, 
-246.00, 40.76, 68.08, -34.15, -7.00, 112.87, -9.54, 3.94, 
-245.00, 40.69, 67.42, -34.02, -6.99, 112.63, -9.56, 3.94, 
-244.00, 40.41, 67.33, -34.06, -6.99, 112.38, -9.57, 3.94, 
-243.00, 40.50, 67.20, -33.50, -6.98, 112.14, -9.59, 3.95, 
-242.00, 40.39, 66.95, -34.02, -6.97, 111.90, -9.61, 3.95, 
-241.00, 40.25, 66.67, -34.28, -6.96, 111.65, -9.62, 3.95, 
-240.00, 40.16, 66.65, -34.08, -6.96, 111.41, -9.64, 3.95, 
-239.00, 40.44, 65.97, -34.39, -6.95, 111.17, -9.65, 3.95, 
-238.00, 40.66, 66.11, -34.07, -6.94, 110.92, -9.67, 3.95, 
-237.00, 40.21, 65.47, -34.01, -6.93, 110.68, -9.69, 3.95, 
-236.00, 40.42, 65.38, -34.31, -6.93, 110.43, -9.70, 3.95, 
-235.00, 40.60, 65.36, -34.20, -6.92, 110.19, -9.72, 3.94, 
-234.00, 40.33, 65.02, -34.35, -6.91, 109.94, -9.73, 3.95, 
-233.00, 40.52, 64.79, -34.16, -6.90, 109.70, -9.75, 3.95, 
-232.00, 40.45, 64.33, -34.31, -6.90, 109.45, -9.77, 3.95, 
-231.00, 40.30, 64.31, -34.38, -6.89, 109.21, -9.78, 3.95, 
-230.00, 40.51, 63.65, -33.73, -6.88, 108.96, -9.80, 3.95, 
-229.00, 40.77, 64.30, -34.32, -6.87, 108.72, -9.82, 3.95, 
-228.00, 40.79, 63.54, -34.27, -6.87, 108.47, -9.83, 3.94, 
-227.00, 40.79, 63.60, -34.24, -6.86, 108.22, -9.85, 3.95, 
-226.00, 40.71, 63.22, -34.08, -6.85, 107.98, -9.86, 3.95, 
-225.00, 40.69, 62.89, -34.33, -6.84, 107.73, -9.88, 3.95, 
-224.00, 40.54, 63.05, -33.96, -6.84, 107.49, -9.90, 3.95, 
-223.00, 40.62, 62.43, -34.23, -6.83, 107.24, -9.91, 3.94, 
-222.00, 40.66, 62.35, -34.61, -6.82, 106.99, -9.93, 3.95, 
-221.00, 40.67, 62.05, -34.21, -6.81, 106.75, -9.95, 3.95, 
-220.00, 40.86, 61.62, -34.33, -6.81, 106.50, -9.96, 3.95, 
-219.00, 40.89, 62.03, -34.07, -6.80, 106.25, -9.98, 3.95, 
-218.00, 41.01, 61.27, -34.14, -6.79, 106.00, -9.99, 3.95, 
-217.00, 40.84, 61.57, -34.48, -6.78, 105.76, -10.01, 3.95, 
-216.00, 40.65, 60.72, -34.21, -6.77, 105.51, -10.03, 3.95, 
-215.00, 40.64, 60.73, -34.81, -6.77, 105.26, -10.04, 3.95, 
-214.00, 40.72, 60.80, -34.80, -6.76, 105.01, -10.06, 3.95, 
-213.00, 40.60, 60.19, -34.89, -6.75, 104.77, -10.08, 3.95, 
-212.00, 40.54, 60.49, -34.55, -6.74, 104.52, -10.09, 3.95, 
-211.00, 40.68, 59.42, -34.65, -6.74, 104.27, -10.11, 3.95, 
-210.00, 40.77, 59.40, -34.41, -6.73, 104.02, -10.13, 3.95, 
-209.00, 40.89, 59.19, -34.61, -6.72, 103.77, -10.14, 3.95, 
-208.00, 40.61, 58.49, -34.05, -6.71, 103.53, -10.16, 3.95, 
-207.00, 40.56, 59.57, -34.52, -6.71, 103.28, -10.17, 3.95, 
-206.00, 40.77, 58.05, -34.69, -6.70, 103.03, -10.19, 3.95, 
-205.00, 40.90, 58.36, -35.14, -6.69, 102.78, -10.21, 3.95, 
-204.00, 40.80, 57.88, -34.59, -6.68, 102.53, -10.22, 3.95, 
-203.00, 40.56, 56.97, -34.79, -6.67, 102.28, -10.24, 3.95, 
-202.00, 40.83, 57.00, -34.74, -6.67, 102.03, -10.26, 3.95, 
-201.00, 40.76, 56.28, -34.92, -6.66, 101.78, -10.27, 3.95, 
-200.00, 40.70, 57.07, -35.20, -6.65, 101.53, -10.29, 3.96, 
-199.00, 40.81, 56.68, -34.98, -6.64, 101.28, -10.31, 3.96, 
-198.00, 40.63, 56.18, -34.79, -6.63, 101.03, -10.32, 3.96, 
-197.00, 40.77, 56.99, -35.18, -6.63, 100.78, -10.34, 3.95, 
-196.00, 40.77, 55.81, -35.45, -6.62, 100.53, -10.36, 3.95, 
-195.00, 40.84, 55.15, -35.38, -6.61, 100.28, -10.37, 3.95, 
-194.00, 40.94, 55.26, -35.50, -6.60, 100.03, -10.39, 3.96, 
-193.00, 40.76, 54.45, -34.72, -6.60, 99.78, -10.41, 3.96, 
-192.00, 40.65, 55.31, -35.57, -6.59, 99.53, -10.42, 3.96, 
-191.00, 40.82, 54.10, -34.83, -6.58, 99.28, -10.44, 3.96, 
-190.00, 40.87, 54.19, -35.14, -6.57, 99.03, -10.46, 3.96, 
-189.00, 40.70, 54.53, -35.13, -6.56, 98.78, -10.47, 3.96, 
-188.00, 41.12, 53.29, -35.24, -6.56, 98.53, -10.49, 3.95, 
-187.00, 41.12, 54.47, -35.33, -6.55, 98.28, -10.51, 3.95, 
-186.00, 41.26, 53.71, -35.19, -6.54, 98.02, -10.52, 3.96, 
-185.00, 41.25, 52.54, -35.50, -6.53, 97.77, -10.54, 3.96, 
-184.00, 41.51, 53.60, -35.37, -6.52, 97.52, -10.56, 3.96, 
-183.00, 41.47, 51.66, -35.68, -6.52, 97.27, -10.57, 3.96, 
-182.00, 41.15, 52.53, -35.55, -6.51, 97.02, -10.59, 3.95, 
-181.00, 40.78, 51.31, -35.26, -6.50, 96.77, -10.61, 3.95, 
-180.00, 41.05, 51.12, -35.60, -6.49, 96.51, -10.62, 3.96, 
-179.00, 41.23, 52.09, -35.27, -6.48, 96.26, -10.64, 3.96, 
-178.00, 41.14, 51.50, -35.21, -6.48, 96.01, -10.66, 3.96, 
-177.00, 41.48, 52.33, -35.29, -6.47, 95.76, -10.67, 3.96, 
-176.00, 41.52, 51.06, -34.82, -6.46, 95.50, -10.69, 3.96, 
-175.00, 41.47, 49.56, -34.72, -6.45, 95.25, -10.71, 3.96, 
-174.00, 41.33, 50.80, -35.05, -6.44, 95.00, -10.73, 3.96, 
-173.00, 41.12, 49.21, -34.95, -6.44, 94.75, -10.74, 3.96, 
-172.00, 41.27, 51.00, -35.37, -6.43, 94.49, -10.76, 3.96, 
-171.00, 41.22, 50.43, -34.45, -6.42, 94.24, -10.78, 3.96, 
-170.00, 41.24, 48.87, -34.76, -6.41, 93.99, -10.79, 3.97, 
-169.00, 41.32, 49.43, -34.63, -6.40, 93.73, -10.81, 3.96, 
-168.00, 41.67, 48.13, -34.77, -6.39, 93.48, -10.83, 3.97, 
-167.00, 41.56, 49.91, -35.03, -6.39, 93.23, -10.84, 3.97, 
-166.00, 41.83, 47.87, -35.02, -6.38, 92.97, -10.86, 3.96, 
-165.00, 41.67, 48.40, -34.99, -6.37, 92.72, -10.88, 3.96, 
-164.00, 41.32, 49.12, -35.19, -6.36, 92.47, -10.90, 3.96, 
-163.00, 41.43, 47.90, -35.37, -6.35, 92.21, -10.91, 3.96, 
-162.00, 41.73, 48.54, -35.57, -6.35, 91.96, -10.93, 3.96, 
-161.00, 41.53, 47.90, -35.18, -6.34, 91.70, -10.95, 3.96, 
-160.00, 41.61, 46.94, -35.24, -6.33, 91.45, -10.96, 3.96, 
-159.00, 41.55, 47.51, -35.22, -6.32, 91.19, -10.98, 3.96, 
-158.00, 41.77, 45.95, -35.03, -6.31, 90.94, -11.00, 3.96, 
-157.00, 41.57, 46.55, -35.10, -6.30, 90.69, -11.01, 3.97, 
-156.00, 41.68, 45.74, -35.45, -6.30, 90.43, -11.03, 3.97, 
-155.00, 41.96, 44.81, -35.27, -6.29, 90.18, -11.05, 3.97, 
-154.00, 42.11, 46.13, -34.92, -6.28, 89.92, -11.07, 3.97, 
-153.00, 41.75, 44.32, -35.31, -6.27, 89.67, -11.08, 3.97, 
-152.00, 41.91, 44.31, -35.43, -6.26, 89.41, -11.10, 3.97, 
-151.00, 41.89, 44.41, -35.22, -6.26, 89.16, -11.12, 3.97, 
-150.00, 41.84, 43.04, -35.55, -6.25, 88.90, -11.13, 3.97, 
-149.00, 41.77, 45.04, -35.52, -6.24, 88.64, -11.15, 3.97, 
-148.00, 41.93, 44.53, -35.78, -6.23, 88.39, -11.17, 3.96, 
-147.00, 41.91, 43.56, -35.37, -6.22, 88.13, -11.19, 3.96, 
-146.00, 42.05, 44.48, -35.56, -6.21, 87.88, -11.20, 3.96, 
-145.00, 41.99, 43.46, -35.43, -6.21, 87.62, -11.22, 3.96, 
-144.00, 41.88, 43.60, -35.51, -6.20, 87.37, -11.24, 3.97, 
-143.00, 41.55, 43.12, -35.68, -6.19, 87.11, -11.26, 3.97, 
-142.00, 41.33, 41.10, -35.81, -6.18, 86.85, -11.27, 3.97, 
-141.00, 41.47, 42.41, -35.54, -6.17, 86.60, -11.29, 3.97, 
-140.00, 41.53, 41.53, -35.28, -6.16, 86.34, -11.31, 3.97, 
-139.00, 41.47, 41.51, -35.36, -6.16, 86.08, -11.32, 3.97, 
-138.00, 41.67, 41.86, -35.20, -6.15, 85.83, -11.34, 3.97, 
-137.00, 41.98, 40.71, -35.78, -6.14, 85.57, -11.36, 3.97, 
-136.00, 41.38, 42.39, -36.33, -6.13, 85.31, -11.38, 3.97, 
-135.00, 41.58, 41.31, -36.28, -6.12, 85.06, -11.39, 3.97, 
-134.00, 41.56, 40.93, -36.46, -6.11, 84.80, -11.41, 3.97, 
-133.00, 41.65, 40.81, -36.70, -6.11, 84.54, -11.43, 3.97, 
-132.00, 41.68, 39.12, -36.64, -6.10, 84.29, -11.45, 3.97, 
-131.00, 41.51, 40.06, -36.40, -6.09, 84.03, -11.46, 3.97, 
-130.00, 41.53, 38.14, -36.17, -6.08, 83.77, -11.48, 3.97, 
-129.00, 41.72, 38.55, -36.66, -6.07, 83.51, -11.50, 3.97, 
-128.00, 41.69, 38.83, -36.45, -6.06, 83.26, -11.52, 3.97, 
-127.00, 41.45, 37.42, -36.96, -6.06, 83.00, -11.53, 3.97, 
-126.00, 41.60, 38.49, -35.83, -6.05, 82.74, -11.55, 3.97, 
-125.00, 41.73, 37.24, -36.43, -6.04, 82.48, -11.57, 3.97, 
-124.00, 41.30, 38.36, -36.66, -6.03, 82.23, -11.59, 3.98, 
-123.00, 41.63, 37.63, -36.08, -6.02, 81.97, -11.60, 3.98, 
-122.00, 41.82, 37.36, -36.30, -6.01, 81.71, -11.62, 3.97, 
-121.00, 41.82, 38.71, -36.42, -6.01, 81.45, -11.64, 3.97, 
-120.00, 41.58, 35.98, -36.40, -6.00, 81.19, -11.66, 3.97, 
-119.00, 41.55, 37.17, -36.35, -5.99, 80.94, -11.67, 3.97, 
-118.00, 41.83, 36.52, -36.55, -5.98, 80.68, -11.69, 3.98, 
-117.00, 41.83, 34.88, -36.95, -5.97, 80.42, -11.71, 3.98, 
-116.00, 41.80, 36.22, -36.08, -5.96, 80.16, -11.73, 3.97, 
-115.00, 41.78, 34.45, -36.49, -5.95, 79.90, -11.74, 3.97, 
-114.00, 41.73, 36.36, -36.67, -5.95, 79.64, -11.76, 3.97, 
-113.00, 41.82, 34.79, -36.45, -5.94, 79.38, -11.78, 3.98, 
-112.00, 41.36, 35.33, -36.72, -5.93, 79.13, -11.80, 3.98, 
-111.00, 41.58, 36.04, -36.77, -5.92, 78.87, -11.82, 3.98, 
-110.00, 41.28, 34.38, -36.88, -5.91, 78.61, -11.83, 3.97, 
-109.00, 41.46, 35.57, -36.86, -5.90, 78.35, -11.85, 3.97, 
-108.00, 41.53, 32.65, -36.71, -5.90, 78.09, -11.87, 3.98, 
-107.00, 41.40, 33.81, -36.93, -5.89, 77.83, -11.89, 3.98, 
-106.00, 41.45, 32.58, -36.98, -5.88, 77.57, -11.90, 3.97, 
-105.00, 41.47, 32.43, -37.18, -5.87, 77.31, -11.92, 3.97, 
-104.00, 41.15, 33.00, -36.81, -5.86, 77.05, -11.94, 3.97, 
-103.00, 41.33, 31.10, -36.72, -5.85, 76.79, -11.96, 3.98, 
-102.00, 41.51, 33.41, -36.43, -5.84, 76.53, -11.98, 3.98, 
-101.00, 41.29, 31.96, -36.54, -5.84, 76.27, -11.99, 3.97, 
-100.00, 41.28, 32.33, -37.19, -5.83, 76.01, -12.01, 3.98, 
-99.00, 41.45, 31.37, -36.77, -5.82, 75.75, -12.03, 3.98, 
-98.00, 41.50, 30.24, -36.80, -5.81, 75.49, -12.05, 3.98, 
-97.00, 41.66, 31.74, -36.86, -5.80, 75.23, -12.06, 3.98, 
-96.00, 41.83, 29.59, -36.81, -5.79, 74.97, -12.08, 3.98, 
-95.00, 41.52, 30.75, -37.71, -5.78, 74.71, -12.10, 3.98, 
-94.00, 41.79, 30.54, -36.98, -5.78, 74.45, -12.12, 3.98, 
-93.00, 41.75, 30.54, -36.73, -5.77, 74.19, -12.14, 3.98, 
-92.00, 42.13, 31.17, -37.07, -5.76, 73.93, -12.15, 3.98, 
-91.00, 42.13, 29.75, -37.08, -5.75, 73.67, -12.17, 3.98, 
-90.00, 41.82, 30.52, -37.12, -5.74, 73.41, -12.19, 3.98, 
-89.00, 42.05, 27.75, -37.35, -5.73, 73.15, -12.21, 3.98, 
-88.00, 41.75, 28.31, -37.43, -5.72, 72.89, -12.23, 3.98, 
-87.00, 41.61, 28.54, -37.29, -5.72, 72.63, -12.24, 3.98, 
-86.00, 41.79, 27.63, -37.78, -5.71, 72.37, -12.26, 3.98, 
-85.00, 42.20, 28.34, -37.20, -5.70, 72.11, -12.28, 3.98, 
-84.00, 41.83, 26.70, -36.58, -5.69, 71.85, -12.30, 3.98, 
-83.00, 41.93, 27.48, -37.65, -5.68, 71.59, -12.32, 3.98, 
-82.00, 42.15, 27.78, -36.62, -5.67, 71.33, -12.33, 3.98, 
-81.00, 42.18, 27.23, -36.85, -5.66, 71.06, -12.35, 3.98, 
-80.00, 41.85, 27.47, -36.59, -5.66, 70.80, -12.37, 3.98, 
-79.00, 42.27, 25.53, -36.79, -5.65, 70.54, -12.39, 3.98, 
-78.00, 42.37, 26.49, -37.16, -5.64, 70.28, -12.41, 3.98, 
-77.00, 42.32, 26.26, -36.75, -5.63, 70.02, -12.42, 3.98, 
-76.00, 41.96, 24.98, -36.70, -5.62, 69.76, -12.44, 3.98, 
-75.00, 42.01, 26.96, -36.80, -5.61, 69.50, -12.46, 3.98, 
-74.00, 42.14, 25.73, -36.89, -5.60, 69.23, -12.48, 3.98, 
-73.00, 42.31, 26.13, -37.23, -5.59, 68.97, -12.50, 3.98, 
-72.00, 42.15, 24.74, -37.03, -5.59, 68.71, -12.51, 3.99, 
-71.00, 42.02, 23.99, -37.11, -5.58, 68.45, -12.53, 3.98, 
-70.00, 41.99, 24.77, -37.46, -5.57, 68.19, -12.55, 3.98, 
-69.00, 41.96, 23.39, -37.12, -5.56, 67.93, -12.57, 3.98, 
-68.00, 41.97, 24.69, -37.23, -5.55, 67.66, -12.59, 3.99, 
-67.00, 42.18, 24.39, -36.97, -5.54, 67.40, -12.61, 3.98, 
-66.00, 42.06, 23.20, -37.55, -5.53, 67.14, -12.62, 3.98, 
-65.00, 42.50, 23.57, -37.35, -5.53, 66.88, -12.64, 3.98, 
-64.00, 42.69, 22.29, -37.35, -5.52, 66.62, -12.66, 3.98, 
-63.00, 41.93, 23.20, -36.85, -5.51, 66.35, -12.68, 3.98, 
-62.00, 42.19, 22.61, -37.47, -5.50, 66.09, -12.70, 3.98, 
-61.00, 42.16, 22.76, -37.52, -5.49, 65.83, -12.72, 3.99, 
-60.00, 42.58, 22.74, -36.72, -5.48, 65.57, -12.73, 3.98, 
-59.00, 42.33, 21.00, -37.23, -5.47, 65.30, -12.75, 3.98, 
-58.00, 42.51, 21.60, -37.38, -5.46, 65.04, -12.77, 3.98, 
-57.00, 42.64, 20.60, -37.41, -5.46, 64.78, -12.79, 3.98, 
-56.00, 42.38, 21.82, -37.12, -5.45, 64.52, -12.81, 3.98, 
-55.00, 42.69, 20.60, -37.53, -5.44, 64.25, -12.83, 3.98, 
-54.00, 42.25, 20.17, -37.38, -5.43, 63.99, -12.84, 3.98, 
-53.00, 42.18, 20.66, -37.77, -5.42, 63.73, -12.86, 3.98, 
-52.00, 42.08, 19.57, -38.06, -5.41, 63.47, -12.88, 3.98, 
-51.00, 42.60, 20.30, -38.21, -5.40, 63.20, -12.90, 3.98, 
-50.00, 42.29, 18.71, -37.62, -5.39, 62.94, -12.92, 3.98, 
-49.00, 42.15, 18.39, -36.81, -5.39, 62.68, -12.94, 3.99, 
-48.00, 42.24, 19.54, -37.88, -5.38, 62.42, -12.95, 3.98, 
-47.00, 42.29, 18.03, -37.98, -5.37, 62.15, -12.97, 3.98, 
-46.00, 42.45, 18.52, -38.13, -5.36, 61.89, -12.99, 3.98, 
-45.00, 42.53, 18.52, -37.92, -5.35, 61.63, -13.01, 3.98, 
-44.00, 42.53, 18.31, -37.71, -5.34, 61.36, -13.03, 3.99, 
-43.00, 42.84, 18.35, -37.85, -5.33, 61.10, -13.05, 3.98, 
-42.00, 42.72, 16.84, -37.90, -5.32, 60.84, -13.07, 3.99, 
-41.00, 42.87, 17.65, -38.20, -5.32, 60.57, -13.08, 3.99, 
-40.00, 42.82, 17.86, -38.14, -5.31, 60.31, -13.10, 3.98, 
-39.00, 42.74, 16.80, -37.78, -5.30, 60.05, -13.12, 3.98, 
-38.00, 42.39, 16.97, -37.61, -5.29, 59.78, -13.14, 3.99, 
-37.00, 42.40, 16.75, -37.49, -5.28, 59.52, -13.16, 3.99, 
-36.00, 42.49, 16.58, -37.97, -5.27, 59.26, -13.18, 3.99, 
-35.00, 42.59, 15.73, -37.74, -5.26, 58.99, -13.20, 3.99, 
-34.00, 42.46, 15.66, -37.80, -5.25, 58.73, -13.21, 3.99, 
-33.00, 42.50, 15.90, -38.07, -5.25, 58.47, -13.23, 3.99, 
-32.00, 42.92, 14.94, -38.36, -5.24, 58.20, -13.25, 3.99, 
-31.00, 42.63, 15.79, -38.22, -5.23, 57.94, -13.27, 3.99, 
-30.00, 42.65, 14.96, -38.70, -5.22, 57.68, -13.29, 3.99, 
-29.00, 42.51, 13.69, -38.39, -5.21, 57.41, -13.31, 3.99, 
-28.00, 42.58, 14.64, -38.39, -5.20, 57.15, -13.33, 3.99, 
-27.00, 42.17, 13.71, -38.06, -5.19, 56.88, -13.35, 3.99, 
-26.00, 42.24, 14.03, -38.56, -5.18, 56.62, -13.36, 3.99, 
-25.00, 42.72, 13.22, -38.09, -5.18, 56.36, -13.38, 3.99, 
-24.00, 42.32, 13.74, -37.86, -5.17, 56.09, -13.40, 3.99, 
-23.00, 42.86, 13.36, -38.02, -5.16, 55.83, -13.42, 3.99, 
-22.00, 42.63, 12.72, -38.16, -5.15, 55.57, -13.44, 3.99, 
-21.00, 42.94, 12.71, -38.36, -5.14, 55.30, -13.46, 3.99, 
-20.00, 42.83, 11.81, -38.03, -5.13, 55.04, -13.48, 3.99, 
-19.00, 42.89, 12.23, -38.14, -5.12, 54.77, -13.50, 3.99, 
-18.00, 42.64, 12.14, -38.16, -5.11, 54.51, -13.51, 3.99, 
-17.00, 42.59, 11.77, -38.45, -5.10, 54.25, -13.53, 3.99, 
-16.00, 42.45, 11.26, -38.02, -5.10, 53.98, -13.55, 3.99, 
-15.00, 42.48, 11.05, -38.43, -5.09, 53.72, -13.57, 3.99, 
-14.00, 42.57, 10.76, -38.43, -5.08, 53.45, -13.59, 3.99, 
-13.00, 42.37, 10.40, -38.71, -5.07, 53.19, -13.61, 3.99, 
-12.00, 42.50, 10.37, -38.34, -5.06, 52.92, -13.63, 3.99, 
-11.00, 42.55, 9.87, -38.53, -5.05, 52.66, -13.65, 3.99, 
-10.00, 42.64, 9.41, -38.90, -5.04, 52.40, -13.67, 3.99, 
-9.00, 42.62, 9.52, -38.63, -5.03, 52.13, -13.68, 3.99, 
-8.00, 42.99, 9.11, -38.40, -5.03, 51.87, -13.70, 3.99, 
-7.00, 42.74, 9.16, -38.48, -5.02, 51.60, -13.72, 3.99, 
-6.00, 42.67, 8.72, -38.54, -5.01, 51.34, -13.74, 3.99, 
-5.00, 42.72, 8.42, -38.38, -5.00, 51.07, -13.76, 3.99, 
-4.00, 42.69, 8.28, -37.87, -4.99, 50.81, -13.78, 3.99, 
-3.00, 42.82, 7.99, -38.11, -4.98, 50.55, -13.80, 3.99, 
-2.00, 42.77, 7.51, -38.26, -4.97, 50.28, -13.82, 3.99, 
-1.00, 42.91, 7.07, -38.50, -4.96, 50.02, -13.84, 3.99, 
0.00, 42.62, 6.80, -39.35, -4.95, 49.75, -13.86, 3.99, 
1.00, 42.70, 6.46, -38.92, -4.95, 49.49, -13.87, 3.99, 
2.00, 42.60, 6.33, -39.07, -4.94, 49.22, -13.89, 3.99, 
3.00, 42.52, 5.99, -38.85, -4.93, 48.96, -13.91, 3.99, 
4.00, 42.64, 5.68, -39.08, -4.92, 48.69, -13.93, 3.99, 
5.00, 42.60, 5.49, -39.25, -4.91, 48.43, -13.95, 3.99, 
6.00, 42.49, 5.53, -38.81, -4.90, 48.16, -13.97, 3.99, 
7.00, 42.57, 5.16, -39.06, -4.89, 47.90, -13.99, 3.99, 
8.00, 42.74, 4.80, -38.98, -4.88, 47.63, -14.01, 3.99, 
9.00, 42.71, 4.81, -38.84, -4.88, 47.37, -14.03, 3.99, 
10.00, 42.59, 4.31, -39.20, -4.87, 47.11, -14.05, 3.99, 
11.00, 42.89, 4.12, -38.90, -4.86, 46.84, -14.07, 3.99, 
12.00, 42.60, 3.89, -38.58, -4.85, 46.58, -14.09, 3.99, 
13.00, 42.58, 3.91, -38.53, -4.84, 46.31, -14.10, 3.99, 
14.00, 42.56, 3.68, -38.85, -4.83, 46.05, -14.12, 3.99, 
15.00, 42.24, 3.26, -38.68, -4.82, 45.78, -14.14, 3.99, 
16.00, 42.72, 3.25, -39.08, -4.81, 45.52, -14.16, 3.99, 
17.00, 42.83, 2.29, -38.98, -4.80, 45.25, -14.18, 3.99, 
18.00, 42.62, 1.87, -38.73, -4.80, 44.99, -14.20, 3.99, 
19.00, 42.84, 1.79, -39.07, -4.79, 44.72, -14.22, 3.99, 
20.00, 42.72, 1.56, -39.54, -4.78, 44.46, -14.24, 3.99, 
21.00, 42.62, 0.44, -39.44, -4.77, 44.19, -14.26, 3.99, 
22.00, 42.53, 1.17, -39.28, -4.76, 43.93, -14.28, 3.99, 
23.00, 42.71, 0.72, -39.00, -4.75, 43.66, -14.30, 3.99, 
24.00, 42.79, 0.90, -38.82, -4.74, 43.40, -14.32, 3.99, 
25.00, 43.17, -0.04, -38.82, -4.73, 43.13, -14.34, 3.99, 
26.00, 43.05, 0.53, -39.14, -4.72, 42.87, -14.36, 3.99, 
27.00, 42.91, -0.55, -39.19, -4.72, 42.60, -14.37, 3.99, 
28.00, 42.88, -0.48, -39.22, -4.71, 42.34, -14.39, 3.99, 
29.00, 42.81, -0.84, -39.35, -4.70, 42.07, -14.41, 3.99, 
30.00, 42.72, -0.89, -39.64, -4.69, 41.81, -14.43, 3.99, 
31.00, 42.77, -0.27, -38.97, -4.68, 41.54, -14.45, 3.99, 
32.00, 42.79, -1.48, -39.40, -4.67, 41.28, -14.47, 3.99, 
33.00, 42.95, -2.18, -39.53, -4.66, 41.02, -14.49, 3.99, 
34.00, 42.88, -2.11, -39.54, -4.65, 40.75, -14.51, 3.99, 
35.00, 43.05, -2.32, -39.46, -4.65, 40.49, -14.53, 3.99, 
36.00, 43.21, -2.64, -39.56, -4.64, 40.22, -14.55, 3.99, 
37.00, 42.98, -3.17, -40.13, -4.63, 39.96, -14.57, 3.99, 
38.00, 42.93, -2.44, -39.48, -4.62, 39.69, -14.59, 3.99, 
39.00, 42.99, -3.68, -40.02, -4.61, 39.43, -14.61, 3.99, 
40.00, 43.10, -2.56, -40.51, -4.60, 39.16, -14.63, 3.99, 
41.00, 43.16, -3.43, -40.15, -4.59, 38.90, -14.65, 3.99, 
42.00, 43.10, -3.12, -40.05, -4.58, 38.63, -14.67, 3.99, 
43.00, 42.98, -3.93, -39.71, -4.57, 38.37, -14.69, 3.99, 
44.00, 42.97, -4.64, -39.98, -4.57, 38.10, -14.71, 3.99, 
45.00, 42.90, -4.17, -39.80, -4.56, 37.84, -14.73, 3.98, 
46.00, 43.10, -5.42, -40.12, -4.55, 37.57, -14.74, 3.99, 
47.00, 42.78, -4.18, -40.17, -4.54, 37.31, -14.76, 3.98, 
48.00, 43.29, -5.06, -39.82, -4.53, 37.04, -14.78, 3.98, 
49.00, 43.26, -5.39, -40.19, -4.52, 36.78, -14.80, 3.98, 
50.00, 43.13, -6.24, -39.49, -4.51, 36.51, -14.82, 3.98, 
51.00, 43.12, -6.57, -39.98, -4.50, 36.25, -14.84, 3.98, 
52.00, 43.05, -6.40, -39.65, -4.50, 35.98, -14.86, 3.98, 
53.00, 43.09, -7.77, -39.81, -4.49, 35.72, -14.88, 3.98, 
54.00, 43.25, -6.63, -39.74, -4.48, 35.45, -14.90, 3.99, 
55.00, 43.25, -8.34, -40.22, -4.47, 35.19, -14.92, 3.99, 
56.00, 42.95, -6.67, -39.93, -4.46, 34.92, -14.94, 3.98, 
57.00, 43.08, -8.51, -39.91, -4.45, 34.66, -14.96, 3.98, 
58.00, 43.44, -6.97, -40.06, -4.44, 34.39, -14.98, 3.98, 
59.00, 43.06, -8.94, -40.25, -4.43, 34.13, -15.00, 3.98, 
60.00, 43.12, -7.70, -39.81, -4.42, 33.87, -15.02, 3.98, 
61.00, 43.25, -9.13, -39.72, -4.42, 33.60, -15.04, 3.98, 
62.00, 43.22, -8.66, -40.33, -4.41, 33.34, -15.06, 3.98, 
63.00, 43.08, -9.21, -40.07, -4.40, 33.07, -15.08, 3.98, 
64.00, 42.93, -9.73, -39.91, -4.39, 32.81, -15.10, 3.98, 
65.00, 42.79, -9.26, -40.09, -4.38, 32.54, -15.12, 3.98, 
66.00, 42.94, -10.47, -40.17, -4.37, 32.28, -15.14, 3.98, 
67.00, 43.07, -9.41, -39.99, -4.36, 32.01, -15.16, 3.98, 
68.00, 42.98, -11.14, -40.08, -4.35, 31.75, -15.18, 3.98, 
69.00, 43.25, -10.20, -39.44, -4.35, 31.48, -15.20, 3.99, 
70.00, 43.29, -11.38, -40.01, -4.34, 31.22, -15.22, 3.99, 
71.00, 43.34, -10.07, -39.88, -4.33, 30.95, -15.24, 3.98, 
72.00, 43.42, -12.10, -39.92, -4.32, 30.69, -15.26, 3.99, 
73.00, 43.34, -11.15, -40.38, -4.31, 30.43, -15.28, 3.98, 
74.00, 43.30, -12.10, -40.24, -4.30, 30.16, -15.30, 3.98, 
75.00, 43.09, -11.90, -39.91, -4.29, 29.90, -15.32, 3.98, 
76.00, 42.96, -11.80, -39.84, -4.28, 29.63, -15.34, 3.98, 
77.00, 42.97, -12.74, -40.32, -4.28, 29.37, -15.36, 3.98, 
78.00, 42.94, -12.95, -39.99, -4.27, 29.10, -15.38, 3.98, 
79.00, 42.84, -13.57, -40.16, -4.26, 28.84, -15.40, 3.98, 
80.00, 43.08, -12.75, -40.66, -4.25, 28.57, -15.42, 3.98, 
81.00, 43.23, -14.85, -40.37, -4.24, 28.31, -15.44, 3.98, 
82.00, 43.03, -13.72, -40.10, -4.23, 28.05, -15.46, 3.98, 
83.00, 42.93, -15.48, -39.62, -4.22, 27.78, -15.48, 3.98, 
84.00, 42.87, -13.73, -40.72, -4.21, 27.52, -15.50, 3.98, 
85.00, 43.30, -15.92, -40.69, -4.21, 27.25, -15.52, 3.98, 
86.00, 43.09, -13.62, -40.95, -4.20, 26.99, -15.54, 3.98, 
87.00, 43.16, -14.89, -41.01, -4.19, 26.72, -15.56, 3.98, 
88.00, 43.37, -14.94, -40.52, -4.18, 26.46, -15.58, 3.98, 
89.00, 43.10, -15.17, -40.15, -4.17, 26.20, -15.60, 3.98, 
90.00, 43.35, -16.20, -40.12, -4.16, 25.93, -15.62, 3.98, 
91.00, 43.20, -14.80, -40.10, -4.15, 25.67, -15.64, 3.98, 
92.00, 43.32, -16.70, -40.43, -4.14, 25.40, -15.66, 3.98, 
93.00, 43.12, -16.09, -40.82, -4.14, 25.14, -15.68, 3.98, 
94.00, 43.36, -16.90, -40.26, -4.13, 24.88, -15.70, 3.98, 
95.00, 43.16, -17.42, -40.59, -4.12, 24.61, -15.72, 3.98, 
96.00, 43.30, -16.20, -40.38, -4.11, 24.35, -15.74, 3.98, 
97.00, 43.17, -18.04, -40.17, -4.10, 24.08, -15.76, 3.98, 
98.00, 43.34, -16.64, -40.60, -4.09, 23.82, -15.78, 3.98, 
99.00, 43.17, -18.14, -40.04, -4.08, 23.56, -15.80, 3.98, 
100.00, 43.39, -17.82, -40.56, -4.07, 23.29, -15.82, 3.98, 
101.00, 43.26, -17.95, -40.63, -4.07, 23.03, -15.84, 3.98, 
102.00, 43.08, -19.14, -41.17, -4.06, 22.77, -15.86, 3.98, 
103.00, 43.15, -17.73, -40.29, -4.05, 22.50, -15.88, 3.98, 
104.00, 43.65, -19.89, -40.05, -4.04, 22.24, -15.90, 3.98, 
105.00, 43.37, -18.49, -40.67, -4.03, 21.97, -15.92, 3.98, 
106.00, 43.74, -19.32, -40.42, -4.02, 21.71, -15.94, 3.98, 
107.00, 43.59, -19.72, -40.69, -4.01, 21.45, -15.96, 3.98, 
108.00, 43.36, -19.28, -40.56, -4.00, 21.18, -15.98, 3.97, 
109.00, 43.53, -21.56, -40.64, -4.00, 20.92, -16.00, 3.97, 
110.00, 43.53, -20.32, -40.79, -3.99, 20.66, -16.02, 3.97, 
111.00, 43.54, -21.44, -40.81, -3.98, 20.39, -16.04, 3.97, 
112.00, 43.74, -21.02, -40.34, -3.97, 20.13, -16.06, 3.97, 
113.00, 43.47, -21.19, -40.44, -3.96, 19.87, -16.08, 3.97, 
114.00, 43.75, -22.83, -41.08, -3.95, 19.60, -16.10, 3.97, 
115.00, 43.39, -20.97, -41.07, -3.94, 19.34, -16.13, 3.98, 
116.00, 43.13, -23.70, -41.38, -3.94, 19.08, -16.15, 3.98, 
117.00, 43.22, -21.69, -40.84, -3.93, 18.81, -16.17, 3.98, 
118.00, 43.29, -23.26, -40.43, -3.92, 18.55, -16.19, 3.98, 
119.00, 43.67, -23.89, -40.66, -3.91, 18.29, -16.21, 3.97, 
120.00, 43.26, -22.97, -40.56, -3.90, 18.03, -16.23, 3.97, 
121.00, 43.49, -24.63, -40.72, -3.89, 17.76, -16.25, 3.97, 
122.00, 43.45, -22.77, -40.61, -3.88, 17.50, -16.27, 3.97, 
123.00, 43.24, -24.55, -40.15, -3.87, 17.24, -16.29, 3.97, 
124.00, 43.46, -24.17, -40.59, -3.87, 16.97, -16.31, 3.98, 
125.00, 43.94, -24.18, -40.13, -3.86, 16.71, -16.33, 3.98, 
126.00, 43.75, -25.44, -40.29, -3.85, 16.45, -16.35, 3.97, 
127.00, 43.71, -23.46, -40.80, -3.84, 16.19, -16.37, 3.97, 
128.00, 43.65, -26.14, -40.30, -3.83, 15.92, -16.39, 3.97, 
129.00, 43.52, -24.45, -40.58, -3.82, 15.66, -16.41, 3.97, 
130.00, 43.45, -26.07, -40.76, -3.81, 15.40, -16.43, 3.97, 
131.00, 43.70, -25.40, -40.94, -3.81, 15.14, -16.45, 3.97, 
132.00, 43.67, -25.24, -40.91, -3.80, 14.87, -16.47, 3.97, 
133.00, 43.53, -27.14, -41.13, -3.79, 14.61, -16.49, 3.97, 
134.00, 43.48, -26.30, -40.95, -3.78, 14.35, -16.52, 3.97, 
135.00, 43.17, -28.12, -40.56, -3.77, 14.09, -16.54, 3.97, 
136.00, 43.29, -27.16, -40.55, -3.76, 13.83, -16.56, 3.97, 
137.00, 43.55, -28.71, -41.10, -3.75, 13.56, -16.58, 3.97, 
138.00, 43.36, -28.40, -40.98, -3.75, 13.30, -16.60, 3.97, 
139.00, 43.71, -28.00, -40.40, -3.74, 13.04, -16.62, 3.97, 
140.00, 43.46, -29.62, -40.57, -3.73, 12.78, -16.64, 3.97, 
141.00, 43.97, -27.73, -40.83, -3.72, 12.52, -16.66, 3.97, 
142.00, 43.69, -29.31, -40.58, -3.71, 12.25, -16.68, 3.97, 
143.00, 43.83, -28.78, -40.91, -3.70, 11.99, -16.70, 3.97, 
144.00, 43.74, -28.77, -40.60, -3.69, 11.73, -16.72, 3.97, 
145.00, 43.74, -29.28, -41.17, -3.69, 11.47, -16.74, 3.97, 
146.00, 43.78, -28.76, -40.89, -3.68, 11.21, -16.76, 3.97, 
147.00, 43.98, -30.96, -41.43, -3.67, 10.95, -16.78, 3.96, 
148.00, 43.67, -29.94, -41.36, -3.66, 10.68, -16.80, 3.96, 
149.00, 43.90, -31.98, -41.06, -3.65, 10.42, -16.83, 3.97, 
150.00, 43.49, -31.15, -40.72, -3.64, 10.16, -16.85, 3.97, 
151.00, 43.86, -31.11, -40.61, -3.63, 9.90, -16.87, 3.97, 
152.00, 43.63, -32.32, -41.18, -3.63, 9.64, -16.89, 3.96, 
153.00, 43.90, -30.84, -40.89, -3.62, 9.38, -16.91, 3.96, 
154.00, 43.91, -32.77, -41.09, -3.61, 9.12, -16.93, 3.97, 
155.00, 43.66, -31.20, -41.38, -3.60, 8.86, -16.95, 3.97, 
156.00, 43.79, -32.86, -41.18, -3.59, 8.59, -16.97, 3.97, 
157.00, 43.73, -32.24, -41.46, -3.58, 8.33, -16.99, 3.96, 
158.00, 43.54, -32.03, -40.97, -3.58, 8.07, -17.01, 3.97, 
159.00, 43.69, -34.58, -41.14, -3.57, 7.81, -17.03, 3.97, 
160.00, 43.51, -33.18, -41.44, -3.56, 7.55, -17.06, 3.97, 
161.00, 43.59, -34.37, -41.20, -3.55, 7.29, -17.08, 3.96, 
162.00, 43.46, -33.28, -41.16, -3.54, 7.03, -17.10, 3.96, 
163.00, 43.44, -32.67, -40.87, -3.53, 6.77, -17.12, 3.96, 
164.00, 43.46, -34.30, -41.34, -3.52, 6.51, -17.14, 3.97, 
165.00, 43.52, -33.75, -40.95, -3.52, 6.25, -17.16, 3.97, 
166.00, 43.93, -35.88, -40.93, -3.51, 5.99, -17.18, 3.97, 
167.00, 44.05, -36.02, -40.95, -3.50, 5.73, -17.20, 3.96, 
168.00, 43.65, -35.42, -41.32, -3.49, 5.47, -17.22, 3.96, 
169.00, 43.89, -36.72, -40.90, -3.48, 5.21, -17.24, 3.96, 
170.00, 43.76, -35.33, -40.87, -3.47, 4.95, -17.26, 3.96, 
171.00, 43.67, -35.57, -41.14, -3.47, 4.69, -17.29, 3.97, 
172.00, 43.84, -35.23, -41.24, -3.46, 4.43, -17.31, 3.96, 
173.00, 43.67, -35.91, -40.91, -3.45, 4.17, -17.33, 3.96, 
174.00, 43.73, -37.27, -41.29, -3.44, 3.91, -17.35, 3.96, 
175.00, 43.94, -36.89, -41.17, -3.43, 3.65, -17.37, 3.96, 
176.00, 44.11, -38.46, -41.49, -3.42, 3.39, -17.39, 3.96, 
177.00, 43.74, -38.04, -41.02, -3.42, 3.13, -17.41, 3.96, 
178.00, 43.77, -37.40, -41.07, -3.41, 2.87, -17.43, 3.96, 
179.00, 43.85, -38.27, -41.18, -3.40, 2.61, -17.45, 3.95, 
180.00, 43.74, -37.38, -41.08, -3.39, 2.35, -17.48, 3.96, 
181.00, 43.77, -38.28, -41.16, -3.38, 2.09, -17.50, 3.96, 
182.00, 43.63, -38.17, -41.25, -3.37, 1.83, -17.52, 3.96, 
183.00, 43.48, -38.88, -41.06, -3.37, 1.57, -17.54, 3.95, 
184.00, 43.75, -39.84, -41.30, -3.36, 1.32, -17.56, 3.96, 
185.00, 43.45, -39.14, -40.92, -3.35, 1.06, -17.58, 3.96, 
186.00, 43.82, -40.80, -41.14, -3.34, 0.80, -17.60, 3.96, 
187.00, 43.66, -39.20, -40.93, -3.33, 0.54, -17.62, 3.95, 
188.00, 43.81, -40.09, -40.77, -3.32, 0.28, -17.65, 3.96, 
189.00, 43.62, -40.51, -40.80, -3.32, 0.02, -17.67, 3.96, 
190.00, 43.52, -41.21, -41.03, -3.31, -0.24, -17.69, 3.96, 
191.00, 43.67, -42.00, -40.98, -3.30, -0.49, -17.71, 3.95, 
192.00, 43.42, -41.07, -41.17, -3.29, -0.75, -17.73, 3.96, 
193.00, 43.73, -42.20, -41.31, -3.28, -1.01, -17.75, 3.96, 
194.00, 43.55, -41.03, -41.38, -3.27, -1.27, -17.77, 3.95, 
195.00, 43.77, -41.69, -41.47, -3.27, -1.53, -17.79, 3.96, 
196.00, 43.60, -42.41, -41.46, -3.26, -1.78, -17.82, 3.96, 
197.00, 43.57, -42.15, -41.58, -3.25, -2.04, -17.84, 3.96, 
198.00, 43.84, -43.67, -41.83, -3.24, -2.30, -17.86, 3.95, 
199.00, 43.85, -42.58, -41.63, -3.23, -2.56, -17.88, 3.96, 
200.00, 43.81, -43.89, -41.54, -3.22, -2.82, -17.90, 3.96, 
201.00, 43.42, -43.50, -41.30, -3.22, -3.07, -17.92, 3.95, 
202.00, 43.61, -44.55, -41.51, -3.21, -3.33, -17.94, 3.96, 
203.00, 43.60, -44.23, -41.59, -3.20, -3.59, -17.96, 3.95, 
204.00, 43.93, -44.17, -41.39, -3.19, -3.84, -17.99, 3.95, 
205.00, 43.84, -44.90, -41.30, -3.18, -4.10, -18.01, 3.96, 
206.00, 44.29, -44.01, -41.82, -3.18, -4.36, -18.03, 3.95, 
207.00, 43.91, -45.97, -41.80, -3.17, -4.62, -18.05, 3.95, 
208.00, 44.02, -45.17, -41.93, -3.16, -4.87, -18.07, 3.95, 
209.00, 44.45, -46.15, -42.72, -3.15, -5.13, -18.09, 3.95, 
210.00, 44.07, -45.82, -42.58, -3.14, -5.39, -18.11, 3.95, 
211.00, 43.71, -45.74, -42.16, -3.14, -5.64, -18.14, 3.95, 
212.00, 43.57, -46.79, -41.48, -3.13, -5.90, -18.16, 3.95, 
213.00, 43.77, -46.26, -41.80, -3.12, -6.16, -18.18, 3.95, 
214.00, 43.91, -47.60, -41.65, -3.11, -6.41, -18.20, 3.95, 
215.00, 44.26, -46.32, -41.76, -3.10, -6.67, -18.22, 3.95, 
216.00, 44.18, -47.06, -41.31, -3.09, -6.92, -18.24, 3.95, 
217.00, 44.08, -47.46, -41.62, -3.09, -7.18, -18.27, 3.95, 
218.00, 44.29, -47.35, -41.42, -3.08, -7.44, -18.29, 3.95, 
219.00, 44.21, -47.72, -41.80, -3.07, -7.69, -18.31, 3.95, 
220.00, 44.31, -47.83, -41.77, -3.06, -7.95, -18.33, 3.95, 
221.00, 43.75, -48.76, -41.42, -3.05, -8.20, -18.35, 3.95, 
222.00, 44.22, -48.31, -41.37, -3.05, -8.46, -18.37, 3.95, 
223.00, 44.12, -48.23, -41.62, -3.04, -8.71, -18.39, 3.95, 
224.00, 44.04, -48.54, -41.73, -3.03, -8.97, -18.42, 3.95, 
225.00, 44.47, -48.92, -41.60, -3.02, -9.22, -18.44, 3.95, 
226.00, 44.12, -49.68, -41.39, -3.01, -9.48, -18.46, 3.95, 
227.00, 44.16, -49.21, -41.58, -3.01, -9.73, -18.48, 3.95, 
228.00, 44.20, -50.61, -41.65, -3.00, -9.99, -18.50, 3.95, 
229.00, 44.47, -49.93, -41.63, -2.99, -10.24, -18.52, 3.95, 
230.00, 44.43, -50.58, -42.01, -2.98, -10.50, -18.55, 3.95, 
231.00, 44.29, -50.92, -41.56, -2.97, -10.75, -18.57, 3.95, 
232.00, 43.88, -50.50, -41.13, -2.97, -11.01, -18.59, 3.95, 
233.00, 44.15, -50.86, -41.53, -2.96, -11.26, -18.61, 3.95, 
234.00, 44.19, -51.21, -41.65, -2.95, -11.52, -18.63, 3.95, 
235.00, 44.11, -51.61, -41.44, -2.94, -11.77, -18.66, 3.95, 
236.00, 43.91, -51.52, -41.69, -2.93, -12.02, -18.68, 3.95, 
237.00, 44.18, -52.21, -41.69, -2.93, -12.28, -18.70, 3.95, 
238.00, 44.19, -52.44, -41.27, -2.92, -12.53, -18.72, 3.95, 
239.00, 44.58, -52.38, -42.12, -2.91, -12.78, -18.74, 3.95, 
240.00, 44.25, -52.99, -41.83, -2.90, -13.04, -18.76, 3.95, 
241.00, 44.08, -52.90, -41.74, -2.90, -13.29, -18.79, 3.95, 
242.00, 44.31, -53.50, -41.65, -2.89, -13.54, -18.81, 3.95, 
243.00, 43.98, -53.18, -41.71, -2.88, -13.80, -18.83, 3.95, 
244.00, 44.25, -53.88, -41.86, -2.87, -14.05, -18.85, 3.95, 
245.00, 43.94, -54.11, -42.02, -2.86, -14.30, -18.87, 3.94, 
246.00, 44.10, -54.11, -41.88, -2.86, -14.56, -18.89, 3.94, 
247.00, 44.26, -54.35, -41.86, -2.85, -14.81, -18.92, 3.94, 
248.00, 44.28, -54.55, -41.72, -2.84, -15.06, -18.94, 3.94, 
249.00, 44.39, -54.88, -41.82, -2.83, -15.31, -18.96, 3.94, 
250.00, 44.30, -55.20, -41.75, -2.82, -15.57, -18.98, 3.94, 
251.00, 44.33, -55.58, -41.56, -2.82, -15.82, -19.00, 3.94, 
252.00, 44.37, -55.52, -41.41, -2.81, -16.07, -19.03, 3.94, 
253.00, 44.43, -55.94, -41.58, -2.80, -16.32, -19.05, 3.94, 
254.00, 44.28, -56.22, -41.79, -2.79, -16.58, -19.07, 3.94, 
255.00, 44.69, -56.38, -41.69, -2.79, -16.83, -19.09, 3.94, 
