---START---
-255.00, 55.47, 70.53, -52.91, -7.07, 115.05, -9.40, 3.66, 
-254.00, 45.74, 77.22, -42.77, -7.06, 114.81, -9.42, 3.65, 
-253.00, 45.80, 77.18, -42.85, -7.05, 114.57, -9.43, 3.64, 
-252.00, 45.60, 76.57, -43.07, -7.05, 114.33, -9.45, 3.64, 
-251.00, 45.59, 76.05, -43.38, -7.04, 114.08, -9.46, 3.64, 
-250.00, 45.49, 76.19, -43.13, -7.03, 113.84, -9.48, 3.64, 
-249.00, 45.67, 75.81, -42.51, -7.02, 113.60, -9.49, 3.64, 
-248.00, 45.73, 75.89, -42.99, -7.02, 113.36, -9.51, 3.63, 
-247.00, 45.78, 75.51, -43.24, -7.01, 113.11, -9.53, 3.64, 
-246.00, 45.61, 75.02, -42.79, -7.00, 112.87, -9.54, 3.64, 
-245.00, 45.49, 75.04, -42.86, -6.99, 112.63, -9.56, 3.64, 
-244.00, 45.77, 75.49, -43.17, -6.99, 112.38, -9.57, 3.64, 
-243.00, 45.53, 74.54, -42.97, -6.98, 112.14, -9.59, 3.64, 
-242.00, 45.74, 74.56, -43.07, -6.97, 111.90, -9.61, 3.64, 
-241.00, 45.99, 74.63, -42.92, -6.96, 111.65, -9.62, 3.65, 
-240.00, 45.62, 73.72, -42.85, -6.96, 111.41, -9.64, 3.65, 
-239.00, 46.01, 73.69, -43.08, -6.95, 111.17, -9.65, 3.63, 
-238.00, 46.05, 73.42, -43.18, -6.94, 110.92, -9.67, 3.64, 
-237.00, 46.02, 72.91, -43.03, -6.93, 110.68, -9.69, 3.64, 
-236.00, 46.05, 73.23, -42.72, -6.93, 110.43, -9.70, 3.64, 
-235.00, 45.88, 72.41, -43.18, -6.92, 110.19, -9.72, 3.65, 
-234.00, 46.23, 72.46, -43.52, -6.91, 109.94, -9.73, 3.65, 
-233.00, 46.18, 71.97, -43.17, -6.90, 109.70, -9.75, 3.65, 
-232.00, 46.26, 71.73, -43.65, -6.90, 109.45, -9.77, 3.60, 
-231.00, 45.98, 71.87, -43.49, -6.89, 109.21, -9.78, 3.64, 
-230.00, 46.29, 71.80, -43.86, -6.88, 108.96, -9.80, 3.65, 
-229.00, 45.98, 71.72, -42.95, -6.87, 108.72, -9.82, 3.65, 
-228.00, 45.64, 71.65, -43.22, -6.87, 108.47, -9.83, 3.62, 
-227.00, 45.77, 71.22, -43.26, -6.86, 108.22, -9.85, 3.63, 
-226.00, 45.84, 71.12, -43.15, -6.85, 107.98, -9.86, 3.64, 
-225.00, 46.09, 70.37, -43.22, -6.84, 107.73, -9.88, 3.65, 
-224.00, 46.12, 70.59, -42.74, -6.84, 107.49, -9.90, 3.65, 
-223.00, 45.95, 70.51, -43.06, -6.83, 107.24, -9.91, 3.65, 
-222.00, 45.91, 70.37, -43.16, -6.82, 106.99, -9.93, 3.65, 
-221.00, 46.09, 70.07, -43.01, -6.81, 106.75, -9.95, 3.65, 
-220.00, 46.20, 69.74, -43.02, -6.81, 106.50, -9.96, 3.60, 
-219.00, 45.95, 70.01, -43.08, -6.80, 106.25, -9.98, 3.64, 
-218.00, 45.97, 69.78, -43.08, -6.79, 106.00, -9.99, 3.65, 
-217.00, 45.74, 69.19, -42.49, -6.78, 105.76, -10.01, 3.65, 
-216.00, 46.03, 69.57, -42.67, -6.77, 105.51, -10.03, 3.65, 
-215.00, 45.74, 68.38, -42.64, -6.77, 105.26, -10.04, 3.65, 
-214.00, 45.58, 68.62, -42.58, -6.76, 105.01, -10.06, 3.61, 
-213.00, 45.80, 68.51, -42.69, -6.75, 104.77, -10.08, 3.64, 
-212.00, 45.86, 67.98, -43.17, -6.74, 104.52, -10.09, 3.65, 
-211.00, 45.63, 68.52, -43.09, -6.74, 104.27, -10.11, 3.65, 
-210.00, 45.83, 67.54, -43.28, -6.73, 104.02, -10.13, 3.66, 
-209.00, 45.78, 67.92, -43.48, -6.72, 103.77, -10.14, 3.61, 
-208.00, 46.27, 66.87, -43.40, -6.71, 103.53, -10.16, 3.64, 
-207.00, 46.05, 66.17, -42.85, -6.71, 103.28, -10.17, 3.65, 
-206.00, 46.17, 66.58, -43.10, -6.70, 103.03, -10.19, 3.65, 
-205.00, 45.96, 65.66, -42.95, -6.69, 102.78, -10.21, 3.66, 
-204.00, 46.22, 66.37, -43.01, -6.68, 102.53, -10.22, 3.66, 
-203.00, 45.93, 66.22, -42.58, -6.67, 102.28, -10.24, 3.61, 
-202.00, 45.92, 66.50, -42.54, -6.67, 102.03, -10.26, 3.65, 
-201.00, 45.85, 65.88, -42.52, -6.66, 101.78, -10.27, 3.65, 
-200.00, 45.93, 64.55, -42.84, -6.65, 101.53, -10.29, 3.66, 
-199.00, 45.89, 64.76, -42.80, -6.64, 101.28, -10.31, 3.61, 
-198.00, 46.03, 64.58, -42.89, -6.63, 101.03, -10.32, 3.64, 
-197.00, 45.93, 63.76, -42.62, -6.63, 100.78, -10.34, 3.65, 
-196.00, 46.09, 64.52, -42.53, -6.62, 100.53, -10.36, 3.65, 
-195.00, 46.25, 63.96, -42.95, -6.61, 100.28, -10.37, 3.66, 
-194.00, 46.10, 64.74, -42.67, -6.60, 100.03, -10.39, 3.62, 
-193.00, 46.34, 63.01, -42.90, -6.60, 99.78, -10.41, 3.61, 
-192.00, 46.32, 62.79, -43.41, -6.59, 99.53, -10.42, 3.65, 
-191.00, 46.01, 63.08, -43.01, -6.58, 99.28, -10.44, 3.66, 
-190.00, 46.17, 62.00, -42.86, -6.57, 99.03, -10.46, 3.66, 
-189.00, 45.93, 63.67, -43.13, -6.56, 98.78, -10.47, 3.61, 
-188.00, 46.25, 62.95, -43.16, -6.56, 98.53, -10.49, 3.64, 
-187.00, 46.20, 62.34, -43.38, -6.55, 98.28, -10.51, 3.65, 
-186.00, 45.78, 62.84, -43.36, -6.54, 98.02, -10.52, 3.66, 
-185.00, 46.21, 61.07, -43.66, -6.53, 97.77, -10.54, 3.62, 
-184.00, 46.13, 63.11, -43.48, -6.52, 97.52, -10.56, 3.64, 
-183.00, 45.96, 61.75, -42.89, -6.52, 97.27, -10.57, 3.66, 
-182.00, 46.09, 60.66, -43.00, -6.51, 97.02, -10.59, 3.66, 
-181.00, 46.11, 61.39, -42.97, -6.50, 96.77, -10.61, 3.62, 
-180.00, 46.03, 60.29, -42.89, -6.49, 96.51, -10.62, 3.62, 
-179.00, 46.28, 60.11, -43.12, -6.48, 96.26, -10.64, 3.65, 
-178.00, 46.23, 61.34, -43.09, -6.48, 96.01, -10.66, 3.66, 
-177.00, 46.04, 60.15, -42.94, -6.47, 95.76, -10.67, 3.66, 
-176.00, 45.99, 60.47, -43.09, -6.46, 95.50, -10.69, 3.66, 
-175.00, 45.74, 59.44, -42.68, -6.45, 95.25, -10.71, 3.62, 
-174.00, 45.95, 58.37, -42.81, -6.44, 95.00, -10.73, 3.64, 
-173.00, 46.10, 60.67, -43.09, -6.44, 94.75, -10.74, 3.65, 
-172.00, 46.27, 59.23, -43.39, -6.43, 94.49, -10.76, 3.66, 
-171.00, 46.14, 59.36, -43.76, -6.42, 94.24, -10.78, 3.66, 
-170.00, 46.36, 59.61, -43.52, -6.41, 93.99, -10.79, 3.62, 
-169.00, 46.44, 57.59, -43.46, -6.40, 93.73, -10.81, 3.62, 
-168.00, 46.50, 58.01, -43.32, -6.39, 93.48, -10.83, 3.65, 
-167.00, 46.47, 58.25, -43.83, -6.39, 93.23, -10.84, 3.66, 
-166.00, 46.13, 57.71, -43.53, -6.38, 92.97, -10.86, 3.66, 
-165.00, 46.02, 58.43, -43.82, -6.37, 92.72, -10.88, 3.62, 
-164.00, 46.18, 56.55, -43.99, -6.36, 92.47, -10.90, 3.62, 
-163.00, 46.27, 55.87, -43.88, -6.35, 92.21, -10.91, 3.65, 
-162.00, 46.43, 57.27, -43.76, -6.35, 91.96, -10.93, 3.66, 
-161.00, 46.28, 56.42, -43.68, -6.34, 91.70, -10.95, 3.67, 
-160.00, 46.42, 57.26, -43.52, -6.33, 91.45, -10.96, 3.62, 
-159.00, 46.47, 56.06, -43.59, -6.32, 91.19, -10.98, 3.64, 
-158.00, 46.47, 55.03, -43.39, -6.31, 90.94, -11.00, 3.66, 
-157.00, 46.59, 56.09, -43.34, -6.30, 90.69, -11.01, 3.67, 
-156.00, 46.62, 55.24, -43.55, -6.30, 90.43, -11.03, 3.62, 
-155.00, 46.67, 55.47, -43.72, -6.29, 90.18, -11.05, 3.62, 
-154.00, 46.80, 55.50, -44.11, -6.28, 89.92, -11.07, 3.65, 
-153.00, 46.90, 54.63, -44.14, -6.27, 89.67, -11.08, 3.66, 
-152.00, 46.57, 55.42, -43.77, -6.26, 89.41, -11.10, 3.67, 
-151.00, 46.84, 53.25, -43.91, -6.26, 89.16, -11.12, 3.62, 
-150.00, 46.58, 53.63, -44.20, -6.25, 88.90, -11.13, 3.65, 
-149.00, 46.81, 54.50, -44.45, -6.24, 88.64, -11.15, 3.66, 
-148.00, 46.67, 54.11, -44.44, -6.23, 88.39, -11.17, 3.63, 
-147.00, 46.61, 54.33, -44.09, -6.22, 88.13, -11.19, 3.63, 
-146.00, 46.86, 52.69, -44.40, -6.21, 87.88, -11.20, 3.64, 
-145.00, 46.61, 51.82, -43.91, -6.21, 87.62, -11.22, 3.66, 
-144.00, 46.21, 53.98, -44.46, -6.20, 87.37, -11.24, 3.63, 
-143.00, 46.50, 52.10, -44.05, -6.19, 87.11, -11.26, 3.63, 
-142.00, 46.39, 52.09, -44.25, -6.18, 86.85, -11.27, 3.65, 
-141.00, 46.34, 51.87, -44.08, -6.17, 86.60, -11.29, 3.67, 
-140.00, 46.53, 51.48, -44.55, -6.16, 86.34, -11.31, 3.63, 
-139.00, 46.59, 52.80, -44.39, -6.16, 86.08, -11.32, 3.64, 
-138.00, 46.39, 51.50, -44.17, -6.15, 85.83, -11.34, 3.66, 
-137.00, 46.50, 50.33, -44.07, -6.14, 85.57, -11.36, 3.63, 
-136.00, 46.70, 52.53, -44.21, -6.13, 85.31, -11.38, 3.63, 
-135.00, 46.42, 50.73, -43.94, -6.12, 85.06, -11.39, 3.66, 
-134.00, 46.26, 50.83, -43.92, -6.11, 84.80, -11.41, 3.67, 
-133.00, 46.47, 50.22, -43.92, -6.11, 84.54, -11.43, 3.63, 
-132.00, 46.58, 49.30, -44.29, -6.10, 84.29, -11.45, 3.65, 
-131.00, 46.55, 50.94, -44.29, -6.09, 84.03, -11.46, 3.67, 
-130.00, 46.78, 49.09, -44.25, -6.08, 83.77, -11.48, 3.63, 
-129.00, 46.64, 49.09, -44.13, -6.07, 83.51, -11.50, 3.63, 
-128.00, 46.52, 49.32, -43.79, -6.06, 83.26, -11.52, 3.66, 
-127.00, 46.51, 48.56, -43.66, -6.06, 83.00, -11.53, 3.64, 
-126.00, 46.08, 49.73, -43.41, -6.05, 82.74, -11.55, 3.63, 
-125.00, 45.94, 48.70, -43.63, -6.04, 82.48, -11.57, 3.66, 
-124.00, 46.07, 47.54, -43.57, -6.03, 82.23, -11.59, 3.66, 
-123.00, 46.13, 49.73, -43.91, -6.02, 81.97, -11.60, 3.63, 
-122.00, 46.38, 48.29, -43.93, -6.01, 81.71, -11.62, 3.65, 
-121.00, 46.14, 47.97, -43.54, -6.01, 81.45, -11.64, 3.67, 
-120.00, 45.97, 47.29, -44.04, -6.00, 81.19, -11.66, 3.63, 
-119.00, 46.02, 46.05, -44.07, -5.99, 80.94, -11.67, 3.66, 
-118.00, 45.85, 48.06, -44.00, -5.98, 80.68, -11.69, 3.63, 
-117.00, 46.01, 46.20, -43.95, -5.97, 80.42, -11.71, 3.63, 
-116.00, 46.24, 45.73, -43.89, -5.96, 80.16, -11.73, 3.66, 
-115.00, 46.27, 47.74, -43.90, -5.95, 79.90, -11.74, 3.63, 
-114.00, 46.10, 45.61, -43.95, -5.95, 79.64, -11.76, 3.63, 
-113.00, 46.18, 45.81, -44.44, -5.94, 79.38, -11.78, 3.67, 
-112.00, 46.31, 45.90, -44.48, -5.93, 79.13, -11.80, 3.63, 
-111.00, 46.09, 45.22, -44.08, -5.92, 78.87, -11.82, 3.63, 
-110.00, 46.44, 45.99, -44.00, -5.91, 78.61, -11.83, 3.67, 
-109.00, 46.16, 44.04, -44.07, -5.90, 78.35, -11.85, 3.63, 
-108.00, 46.14, 45.15, -44.44, -5.90, 78.09, -11.87, 3.66, 
-107.00, 46.04, 45.73, -44.77, -5.89, 77.83, -11.89, 3.63, 
-106.00, 46.30, 43.51, -44.43, -5.88, 77.57, -11.90, 3.63, 
-105.00, 46.48, 44.78, -44.28, -5.87, 77.31, -11.92, 3.67, 
-104.00, 46.42, 44.40, -43.90, -5.86, 77.05, -11.94, 3.63, 
-103.00, 45.97, 44.96, -43.85, -5.85, 76.79, -11.96, 3.65, 
-102.00, 46.16, 44.51, -44.57, -5.84, 76.53, -11.98, 3.64, 
-101.00, 46.03, 42.42, -44.37, -5.84, 76.27, -11.99, 3.64, 
-100.00, 46.26, 44.31, -44.79, -5.83, 76.01, -12.01, 3.67, 
-99.00, 46.45, 42.88, -44.69, -5.82, 75.75, -12.03, 3.64, 
-98.00, 46.24, 42.46, -44.71, -5.81, 75.49, -12.05, 3.66, 
-97.00, 46.78, 42.03, -44.33, -5.80, 75.23, -12.06, 3.64, 
-96.00, 46.26, 41.37, -44.73, -5.79, 74.97, -12.08, 3.64, 
-95.00, 46.26, 43.29, -44.67, -5.78, 74.71, -12.10, 3.64, 
-94.00, 46.40, 40.69, -44.84, -5.78, 74.45, -12.12, 3.64, 
-93.00, 46.54, 42.51, -44.66, -5.77, 74.19, -12.14, 3.67, 
-92.00, 46.47, 40.56, -44.85, -5.76, 73.93, -12.15, 3.64, 
-91.00, 46.78, 41.72, -44.55, -5.75, 73.67, -12.17, 3.66, 
-90.00, 46.80, 40.66, -44.84, -5.74, 73.41, -12.19, 3.64, 
-89.00, 46.64, 39.42, -44.75, -5.73, 73.15, -12.21, 3.65, 
-88.00, 46.63, 41.48, -44.82, -5.72, 72.89, -12.23, 3.64, 
-87.00, 46.72, 38.89, -44.74, -5.72, 72.63, -12.24, 3.64, 
-86.00, 46.55, 39.43, -44.63, -5.71, 72.37, -12.26, 3.64, 
-85.00, 46.77, 39.94, -44.60, -5.70, 72.11, -12.28, 3.64, 
-84.00, 46.88, 39.49, -45.19, -5.69, 71.85, -12.30, 3.65, 
-83.00, 46.73, 39.44, -44.58, -5.68, 71.59, -12.32, 3.64, 
-82.00, 46.59, 39.02, -44.37, -5.67, 71.33, -12.33, 3.67, 
-81.00, 46.62, 38.96, -44.87, -5.66, 71.06, -12.35, 3.64, 
-80.00, 46.61, 37.95, -44.53, -5.66, 70.80, -12.37, 3.67, 
-79.00, 46.50, 37.53, -44.59, -5.65, 70.54, -12.39, 3.64, 
-78.00, 46.68, 38.94, -44.56, -5.64, 70.28, -12.41, 3.67, 
-77.00, 46.52, 36.73, -44.94, -5.63, 70.02, -12.42, 3.64, 
-76.00, 46.50, 38.03, -45.23, -5.62, 69.76, -12.44, 3.67, 
-75.00, 46.43, 38.21, -44.85, -5.61, 69.50, -12.46, 3.64, 
-74.00, 46.43, 37.27, -44.98, -5.60, 69.23, -12.48, 3.67, 
-73.00, 46.24, 37.61, -44.98, -5.59, 68.97, -12.50, 3.64, 
-72.00, 46.07, 36.76, -45.00, -5.59, 68.71, -12.51, 3.67, 
-71.00, 46.22, 37.21, -44.79, -5.58, 68.45, -12.53, 3.64, 
-70.00, 46.43, 36.34, -44.98, -5.57, 68.19, -12.55, 3.66, 
-69.00, 46.63, 36.28, -45.64, -5.56, 67.93, -12.57, 3.64, 
-68.00, 46.63, 36.46, -45.38, -5.55, 67.66, -12.59, 3.67, 
-67.00, 46.60, 35.07, -45.45, -5.54, 67.40, -12.61, 3.64, 
-66.00, 46.88, 36.31, -45.31, -5.53, 67.14, -12.62, 3.67, 
-65.00, 46.68, 35.22, -45.07, -5.53, 66.88, -12.64, 3.64, 
-64.00, 46.48, 34.95, -45.34, -5.52, 66.62, -12.66, 3.64, 
-63.00, 46.38, 35.94, -45.38, -5.51, 66.35, -12.68, 3.64, 
-62.00, 46.56, 34.55, -44.75, -5.50, 66.09, -12.70, 3.64, 
-61.00, 46.59, 34.16, -44.89, -5.49, 65.83, -12.72, 3.64, 
-60.00, 46.66, 34.71, -45.02, -5.48, 65.57, -12.73, 3.64, 
-59.00, 46.73, 32.90, -45.67, -5.47, 65.30, -12.75, 3.64, 
-58.00, 46.87, 33.60, -45.70, -5.46, 65.04, -12.77, 3.64, 
-57.00, 46.79, 33.57, -45.37, -5.46, 64.78, -12.79, 3.64, 
-56.00, 46.91, 32.60, -45.72, -5.45, 64.52, -12.81, 3.64, 
-55.00, 47.15, 33.64, -45.57, -5.44, 64.25, -12.83, 3.64, 
-54.00, 47.09, 32.39, -45.60, -5.43, 63.99, -12.84, 3.65, 
-53.00, 47.03, 32.33, -45.58, -5.42, 63.73, -12.86, 3.66, 
-52.00, 46.87, 31.91, -45.54, -5.41, 63.47, -12.88, 3.64, 
-51.00, 46.78, 31.40, -45.27, -5.40, 63.20, -12.90, 3.64, 
-50.00, 46.98, 31.95, -45.17, -5.39, 62.94, -12.92, 3.64, 
-49.00, 46.95, 30.90, -45.69, -5.39, 62.68, -12.94, 3.64, 
-48.00, 47.02, 30.76, -45.55, -5.38, 62.42, -12.95, 3.64, 
-47.00, 47.07, 31.21, -45.58, -5.37, 62.15, -12.97, 3.65, 
-46.00, 47.06, 30.68, -45.78, -5.36, 61.89, -12.99, 3.66, 
-45.00, 46.89, 31.06, -45.50, -5.35, 61.63, -13.01, 3.67, 
-44.00, 46.99, 30.77, -45.75, -5.34, 61.36, -13.03, 3.66, 
-43.00, 46.75, 29.76, -45.37, -5.33, 61.10, -13.05, 3.65, 
-42.00, 46.81, 29.92, -45.75, -5.32, 60.84, -13.07, 3.64, 
-41.00, 46.97, 29.31, -45.96, -5.32, 60.57, -13.08, 3.64, 
-40.00, 46.76, 28.83, -45.75, -5.31, 60.31, -13.10, 3.64, 
-39.00, 46.82, 28.95, -45.55, -5.30, 60.05, -13.12, 3.64, 
-38.00, 46.84, 28.59, -45.79, -5.29, 59.78, -13.14, 3.64, 
-37.00, 46.92, 28.48, -46.09, -5.28, 59.52, -13.16, 3.64, 
-36.00, 46.61, 28.30, -45.78, -5.27, 59.26, -13.18, 3.64, 
-35.00, 46.73, 27.57, -45.58, -5.26, 58.99, -13.20, 3.64, 
-34.00, 46.85, 27.65, -45.93, -5.25, 58.73, -13.21, 3.65, 
-33.00, 47.26, 27.40, -45.71, -5.25, 58.47, -13.23, 3.66, 
-32.00, 46.97, 27.32, -45.66, -5.24, 58.20, -13.25, 3.65, 
-31.00, 46.85, 27.69, -45.93, -5.23, 57.94, -13.27, 3.65, 
-30.00, 46.67, 26.60, -46.03, -5.22, 57.68, -13.29, 3.64, 
-29.00, 46.85, 26.96, -45.68, -5.21, 57.41, -13.31, 3.64, 
-28.00, 46.74, 26.58, -45.83, -5.20, 57.15, -13.33, 3.64, 
-27.00, 46.74, 26.19, -45.75, -5.19, 56.88, -13.35, 3.65, 
-26.00, 46.74, 26.25, -45.74, -5.18, 56.62, -13.36, 3.65, 
-25.00, 47.00, 25.69, -46.16, -5.18, 56.36, -13.38, 3.65, 
-24.00, 47.08, 26.19, -45.88, -5.17, 56.09, -13.40, 3.65, 
-23.00, 46.71, 26.02, -45.81, -5.16, 55.83, -13.42, 3.65, 
-22.00, 46.93, 25.25, -45.58, -5.15, 55.57, -13.44, 3.65, 
-21.00, 46.87, 25.35, -45.65, -5.14, 55.30, -13.46, 3.64, 
-20.00, 46.69, 25.01, -45.72, -5.13, 55.04, -13.48, 3.65, 
-19.00, 47.29, 24.59, -45.87, -5.12, 54.77, -13.50, 3.65, 
-18.00, 46.90, 24.65, -45.84, -5.11, 54.51, -13.51, 3.65, 
-17.00, 46.60, 24.09, -45.80, -5.10, 54.25, -13.53, 3.65, 
-16.00, 46.57, 24.34, -45.74, -5.10, 53.98, -13.55, 3.65, 
-15.00, 46.65, 24.09, -45.60, -5.09, 53.72, -13.57, 3.65, 
-14.00, 46.69, 23.26, -46.21, -5.08, 53.45, -13.59, 3.65, 
-13.00, 46.82, 23.58, -46.37, -5.07, 53.19, -13.61, 3.65, 
-12.00, 46.85, 22.85, -46.09, -5.06, 52.92, -13.63, 3.65, 
-11.00, 47.33, 22.80, -46.51, -5.05, 52.66, -13.65, 3.65, 
-10.00, 47.27, 22.91, -45.89, -5.04, 52.40, -13.67, 3.65, 
-9.00, 47.20, 22.43, -46.09, -5.03, 52.13, -13.68, 3.65, 
-8.00, 47.05, 22.41, -46.13, -5.03, 51.87, -13.70, 3.65, 
-7.00, 47.03, 22.25, -45.76, -5.02, 51.60, -13.72, 3.65, 
-6.00, 47.01, 21.53, -46.11, -5.01, 51.34, -13.74, 3.65, 
-5.00, 46.81, 21.85, -45.85, -5.00, 51.07, -13.76, 3.65, 
-4.00, 46.75, 21.14, -45.70, -4.99, 50.81, -13.78, 3.65, 
-3.00, 46.79, 21.10, -45.83, -4.98, 50.55, -13.80, 3.65, 
-2.00, 46.96, 20.98, -46.04, -4.97, 50.28, -13.82, 3.65, 
-1.00, 47.00, 20.71, -46.20, -4.96, 50.02, -13.84, 3.65, 
0.00, 46.84, 20.57, -46.05, -4.95, 49.75, -13.86, 3.65, 
1.00, 46.89, 20.18, -45.88, -4.95, 49.49, -13.87, 3.65, 
2.00, 46.90, 19.71, -46.05, -4.94, 49.22, -13.89, 3.65, 
3.00, 46.89, 19.37, -46.31, -4.93, 48.96, -13.91, 3.65, 
4.00, 47.10, 19.38, -46.45, -4.92, 48.69, -13.93, 3.65, 
5.00, 46.90, 18.87, -45.93, -4.91, 48.43, -13.95, 3.65, 
6.00, 46.71, 18.66, -46.00, -4.90, 48.16, -13.97, 3.65, 
7.00, 46.51, 18.57, -45.94, -4.89, 47.90, -13.99, 3.65, 
8.00, 46.80, 18.06, -46.30, -4.88, 47.63, -14.01, 3.65, 
9.00, 46.74, 17.92, -46.08, -4.88, 47.37, -14.03, 3.65, 
10.00, 46.72, 17.71, -46.16, -4.87, 47.11, -14.05, 3.65, 
11.00, 46.93, 17.45, -46.43, -4.86, 46.84, -14.07, 3.65, 
12.00, 47.09, 17.67, -46.70, -4.85, 46.58, -14.09, 3.65, 
13.00, 46.84, 17.23, -46.70, -4.84, 46.31, -14.10, 3.65, 
14.00, 46.90, 17.29, -46.62, -4.83, 46.05, -14.12, 3.65, 
15.00, 46.86, 16.54, -46.41, -4.82, 45.78, -14.14, 3.65, 
16.00, 47.01, 16.40, -46.28, -4.81, 45.52, -14.16, 3.65, 
17.00, 46.85, 16.42, -46.06, -4.80, 45.25, -14.18, 3.65, 
18.00, 46.49, 16.07, -45.88, -4.80, 44.99, -14.20, 3.65, 
19.00, 46.90, 16.47, -46.68, -4.79, 44.72, -14.22, 3.65, 
20.00, 46.93, 15.87, -46.52, -4.78, 44.46, -14.24, 3.65, 
21.00, 47.05, 15.78, -46.69, -4.77, 44.19, -14.26, 3.65, 
22.00, 46.88, 15.76, -46.34, -4.76, 43.93, -14.28, 3.65, 
23.00, 47.15, 15.08, -46.62, -4.75, 43.66, -14.30, 3.65, 
24.00, 46.84, 15.26, -46.46, -4.74, 43.40, -14.32, 3.65, 
25.00, 47.09, 14.71, -46.58, -4.73, 43.13, -14.34, 3.65, 
26.00, 47.29, 14.64, -46.69, -4.72, 42.87, -14.36, 3.65, 
27.00, 47.21, 15.00, -46.53, -4.72, 42.60, -14.37, 3.65, 
28.00, 47.47, 14.13, -46.07, -4.71, 42.34, -14.39, 3.64, 
29.00, 47.25, 14.46, -46.31, -4.70, 42.07, -14.41, 3.65, 
30.00, 47.27, 13.91, -46.16, -4.69, 41.81, -14.43, 3.64, 
31.00, 47.11, 13.83, -46.59, -4.68, 41.54, -14.45, 3.66, 
32.00, 47.43, 13.00, -47.01, -4.67, 41.28, -14.47, 3.65, 
33.00, 47.59, 12.84, -47.09, -4.66, 41.02, -14.49, 3.64, 
34.00, 47.37, 11.95, -46.71, -4.65, 40.75, -14.51, 3.64, 
35.00, 47.39, 11.66, -47.05, -4.65, 40.49, -14.53, 3.64, 
36.00, 47.68, 12.37, -46.31, -4.64, 40.22, -14.55, 3.65, 
37.00, 47.80, 11.75, -46.43, -4.63, 39.96, -14.57, 3.64, 
38.00, 47.71, 12.19, -46.71, -4.62, 39.69, -14.59, 3.64, 
39.00, 47.64, 11.81, -47.00, -4.61, 39.43, -14.61, 3.64, 
40.00, 47.55, 11.04, -46.70, -4.60, 39.16, -14.63, 3.65, 
41.00, 47.35, 11.58, -46.54, -4.59, 38.90, -14.65, 3.65, 
42.00, 47.31, 10.30, -46.88, -4.58, 38.63, -14.67, 3.64, 
43.00, 47.18, 11.04, -46.90, -4.57, 38.37, -14.69, 3.64, 
44.00, 47.47, 10.23, -46.96, -4.57, 38.10, -14.71, 3.64, 
45.00, 47.48, 10.63, -46.90, -4.56, 37.84, -14.73, 3.64, 
46.00, 47.42, 10.11, -46.72, -4.55, 37.57, -14.74, 3.64, 
47.00, 47.62, 9.54, -47.16, -4.54, 37.31, -14.76, 3.64, 
48.00, 47.47, 10.00, -47.40, -4.53, 37.04, -14.78, 3.65, 
49.00, 47.52, 8.75, -46.96, -4.52, 36.78, -14.80, 3.64, 
50.00, 47.53, 8.90, -47.04, -4.51, 36.51, -14.82, 3.64, 
51.00, 47.50, 8.22, -46.72, -4.50, 36.25, -14.84, 3.64, 
52.00, 47.48, 8.54, -46.22, -4.50, 35.98, -14.86, 3.64, 
53.00, 46.99, 8.75, -46.82, -4.49, 35.72, -14.88, 3.66, 
54.00, 47.22, 8.13, -46.79, -4.48, 35.45, -14.90, 3.64, 
55.00, 47.09, 8.71, -47.23, -4.47, 35.19, -14.92, 3.64, 
56.00, 47.05, 7.00, -46.82, -4.46, 34.92, -14.94, 3.64, 
57.00, 47.16, 7.25, -46.48, -4.45, 34.66, -14.96, 3.67, 
58.00, 47.23, 6.77, -46.40, -4.44, 34.39, -14.98, 3.64, 
59.00, 47.28, 6.63, -46.98, -4.43, 34.13, -15.00, 3.64, 
60.00, 47.16, 6.51, -46.91, -4.42, 33.87, -15.02, 3.64, 
61.00, 47.30, 5.75, -47.04, -4.42, 33.60, -15.04, 3.66, 
62.00, 47.22, 6.97, -47.10, -4.41, 33.34, -15.06, 3.64, 
63.00, 47.19, 5.70, -47.43, -4.40, 33.07, -15.08, 3.64, 
64.00, 47.60, 5.87, -47.30, -4.39, 32.81, -15.10, 3.64, 
65.00, 47.47, 4.87, -47.75, -4.38, 32.54, -15.12, 3.67, 
66.00, 47.27, 4.55, -47.38, -4.37, 32.28, -15.14, 3.64, 
67.00, 47.63, 6.04, -47.38, -4.36, 32.01, -15.16, 3.64, 
68.00, 47.44, 4.63, -47.42, -4.35, 31.75, -15.18, 3.66, 
69.00, 47.49, 4.71, -47.51, -4.35, 31.48, -15.20, 3.64, 
70.00, 47.52, 2.90, -47.57, -4.34, 31.22, -15.22, 3.64, 
71.00, 47.81, 3.26, -47.80, -4.33, 30.95, -15.24, 3.65, 
72.00, 47.94, 4.88, -47.56, -4.32, 30.69, -15.26, 3.64, 
73.00, 47.72, 4.04, -47.50, -4.31, 30.43, -15.28, 3.64, 
74.00, 47.66, 4.46, -47.65, -4.30, 30.16, -15.30, 3.66, 
75.00, 47.65, 3.02, -47.57, -4.29, 29.90, -15.32, 3.64, 
76.00, 47.54, 3.32, -47.21, -4.28, 29.63, -15.34, 3.64, 
77.00, 47.52, 3.62, -47.14, -4.28, 29.37, -15.36, 3.66, 
78.00, 47.42, 2.02, -47.51, -4.27, 29.10, -15.38, 3.64, 
79.00, 47.56, 3.18, -47.63, -4.26, 28.84, -15.40, 3.64, 
80.00, 47.71, 0.81, -47.79, -4.25, 28.57, -15.42, 3.66, 
81.00, 47.43, 1.39, -47.86, -4.24, 28.31, -15.44, 3.64, 
82.00, 47.44, 2.23, -47.61, -4.23, 28.05, -15.46, 3.64, 
83.00, 47.41, 1.58, -47.43, -4.22, 27.78, -15.48, 3.67, 
84.00, 47.58, 2.19, -47.52, -4.21, 27.52, -15.50, 3.64, 
85.00, 47.88, 0.07, -47.45, -4.21, 27.25, -15.52, 3.65, 
86.00, 47.96, 1.07, -47.76, -4.20, 26.99, -15.54, 3.66, 
87.00, 47.80, 1.20, -47.54, -4.19, 26.72, -15.56, 3.64, 
88.00, 47.72, 0.40, -48.22, -4.18, 26.46, -15.58, 3.66, 
89.00, 47.91, 0.33, -47.76, -4.17, 26.20, -15.60, 3.64, 
90.00, 47.97, -0.46, -47.52, -4.16, 25.93, -15.62, 3.64, 
91.00, 47.80, 0.76, -47.92, -4.15, 25.67, -15.64, 3.64, 
92.00, 47.87, -0.23, -48.01, -4.14, 25.40, -15.66, 3.64, 
93.00, 47.91, -1.27, -47.61, -4.14, 25.14, -15.68, 3.67, 
94.00, 47.84, -0.42, -48.04, -4.13, 24.88, -15.70, 3.64, 
95.00, 48.00, -1.06, -47.86, -4.12, 24.61, -15.72, 3.64, 
96.00, 47.77, -0.17, -48.06, -4.11, 24.35, -15.74, 3.67, 
97.00, 47.92, -2.43, -47.71, -4.10, 24.08, -15.76, 3.64, 
98.00, 47.93, -1.59, -48.10, -4.09, 23.82, -15.78, 3.67, 
99.00, 47.98, -1.94, -47.84, -4.08, 23.56, -15.80, 3.64, 
100.00, 47.78, -1.84, -48.03, -4.07, 23.29, -15.82, 3.66, 
101.00, 47.93, -2.13, -47.80, -4.07, 23.03, -15.84, 3.64, 
102.00, 48.04, -2.54, -47.42, -4.06, 22.77, -15.86, 3.65, 
103.00, 47.77, -1.34, -47.62, -4.05, 22.50, -15.88, 3.63, 
104.00, 47.88, -2.90, -47.70, -4.04, 22.24, -15.90, 3.64, 
105.00, 47.85, -2.39, -47.72, -4.03, 21.97, -15.92, 3.63, 
106.00, 48.08, -4.54, -47.58, -4.02, 21.71, -15.94, 3.63, 
107.00, 47.91, -2.59, -47.94, -4.01, 21.45, -15.96, 3.66, 
108.00, 47.68, -3.75, -48.12, -4.00, 21.18, -15.98, 3.63, 
109.00, 47.94, -3.88, -47.86, -4.00, 20.92, -16.00, 3.67, 
110.00, 47.90, -4.76, -48.08, -3.99, 20.66, -16.02, 3.63, 
111.00, 48.17, -5.49, -48.44, -3.98, 20.39, -16.04, 3.67, 
112.00, 48.08, -4.07, -48.11, -3.97, 20.13, -16.06, 3.63, 
113.00, 47.99, -5.73, -47.96, -3.96, 19.87, -16.08, 3.67, 
114.00, 47.83, -4.86, -48.44, -3.95, 19.60, -16.10, 3.63, 
115.00, 47.90, -5.83, -47.92, -3.94, 19.34, -16.13, 3.67, 
116.00, 47.98, -4.44, -48.20, -3.94, 19.08, -16.15, 3.63, 
117.00, 47.94, -6.50, -47.81, -3.93, 18.81, -16.17, 3.67, 
118.00, 48.17, -7.40, -48.19, -3.92, 18.55, -16.19, 3.63, 
119.00, 47.97, -5.59, -48.42, -3.91, 18.29, -16.21, 3.67, 
120.00, 47.70, -8.37, -48.30, -3.90, 18.03, -16.23, 3.63, 
121.00, 47.90, -6.83, -48.15, -3.89, 17.76, -16.25, 3.67, 
122.00, 47.95, -7.40, -48.19, -3.88, 17.50, -16.27, 3.63, 
123.00, 47.63, -7.21, -48.59, -3.87, 17.24, -16.29, 3.64, 
124.00, 47.85, -7.65, -48.61, -3.87, 16.97, -16.31, 3.64, 
125.00, 47.80, -7.78, -48.88, -3.86, 16.71, -16.33, 3.63, 
126.00, 47.89, -6.66, -48.91, -3.85, 16.45, -16.35, 3.65, 
127.00, 47.99, -8.99, -48.22, -3.84, 16.19, -16.37, 3.63, 
128.00, 48.13, -7.70, -48.67, -3.83, 15.92, -16.39, 3.66, 
129.00, 47.95, -8.12, -48.19, -3.82, 15.66, -16.41, 3.63, 
130.00, 48.05, -9.51, -48.31, -3.81, 15.40, -16.43, 3.66, 
131.00, 47.73, -8.05, -48.04, -3.81, 15.14, -16.45, 3.63, 
132.00, 47.62, -10.13, -48.55, -3.80, 14.87, -16.47, 3.67, 
133.00, 47.86, -8.92, -48.44, -3.79, 14.61, -16.49, 3.64, 
134.00, 48.06, -9.47, -48.38, -3.78, 14.35, -16.52, 3.63, 
135.00, 47.78, -10.60, -48.62, -3.77, 14.09, -16.54, 3.66, 
136.00, 48.17, -9.16, -48.22, -3.76, 13.83, -16.56, 3.63, 
137.00, 48.04, -11.41, -48.15, -3.75, 13.56, -16.58, 3.67, 
138.00, 47.89, -10.00, -48.39, -3.75, 13.30, -16.60, 3.64, 
139.00, 48.20, -11.58, -48.42, -3.74, 13.04, -16.62, 3.63, 
140.00, 47.86, -10.53, -48.32, -3.73, 12.78, -16.64, 3.66, 
141.00, 47.72, -11.13, -48.45, -3.72, 12.52, -16.66, 3.63, 
142.00, 47.66, -10.58, -48.01, -3.71, 12.25, -16.68, 3.67, 
143.00, 47.86, -11.30, -48.29, -3.70, 11.99, -16.70, 3.65, 
144.00, 47.98, -12.94, -48.06, -3.69, 11.73, -16.72, 3.63, 
145.00, 48.16, -10.82, -48.12, -3.69, 11.47, -16.74, 3.67, 
146.00, 48.12, -13.43, -47.76, -3.68, 11.21, -16.76, 3.63, 
147.00, 48.15, -11.68, -47.89, -3.67, 10.95, -16.78, 3.65, 
148.00, 48.06, -13.11, -48.31, -3.66, 10.68, -16.80, 3.66, 
149.00, 48.20, -12.98, -48.27, -3.65, 10.42, -16.83, 3.62, 
150.00, 48.47, -11.98, -48.54, -3.64, 10.16, -16.85, 3.67, 
151.00, 48.58, -14.64, -48.03, -3.63, 9.90, -16.87, 3.65, 
152.00, 48.40, -12.38, -48.42, -3.63, 9.64, -16.89, 3.62, 
153.00, 48.18, -14.71, -48.51, -3.62, 9.38, -16.91, 3.67, 
154.00, 48.08, -14.73, -48.56, -3.61, 9.12, -16.93, 3.65, 
155.00, 48.26, -13.66, -48.15, -3.60, 8.86, -16.95, 3.62, 
156.00, 48.25, -15.55, -48.57, -3.59, 8.59, -16.97, 3.67, 
157.00, 48.37, -13.55, -48.40, -3.58, 8.33, -16.99, 3.65, 
158.00, 48.21, -16.50, -48.30, -3.58, 8.07, -17.01, 3.62, 
159.00, 48.47, -15.18, -48.91, -3.57, 7.81, -17.03, 3.67, 
160.00, 47.99, -15.59, -48.86, -3.56, 7.55, -17.06, 3.66, 
161.00, 47.91, -15.89, -48.67, -3.55, 7.29, -17.08, 3.63, 
162.00, 48.00, -15.94, -48.41, -3.54, 7.03, -17.10, 3.62, 
163.00, 48.22, -16.59, -48.68, -3.53, 6.77, -17.12, 3.66, 
164.00, 48.15, -16.36, -48.64, -3.52, 6.51, -17.14, 3.64, 
165.00, 47.99, -17.34, -48.39, -3.52, 6.25, -17.16, 3.62, 
166.00, 48.12, -16.73, -48.67, -3.51, 5.99, -17.18, 3.66, 
167.00, 48.18, -17.71, -48.22, -3.50, 5.73, -17.20, 3.66, 
168.00, 47.93, -17.88, -48.61, -3.49, 5.47, -17.22, 3.63, 
169.00, 48.02, -17.35, -48.90, -3.48, 5.21, -17.24, 3.62, 
170.00, 47.99, -18.60, -49.09, -3.47, 4.95, -17.26, 3.66, 
171.00, 48.26, -16.82, -48.87, -3.47, 4.69, -17.29, 3.65, 
172.00, 48.02, -19.28, -49.26, -3.46, 4.43, -17.31, 3.62, 
173.00, 47.96, -17.59, -48.90, -3.45, 4.17, -17.33, 3.62, 
174.00, 48.07, -19.52, -48.67, -3.44, 3.91, -17.35, 3.66, 
175.00, 48.06, -18.87, -48.49, -3.43, 3.65, -17.37, 3.66, 
176.00, 48.12, -19.34, -48.81, -3.42, 3.39, -17.39, 3.64, 
177.00, 48.18, -19.93, -48.81, -3.42, 3.13, -17.41, 3.62, 
178.00, 48.33, -19.57, -48.34, -3.41, 2.87, -17.43, 3.66, 
179.00, 48.28, -20.71, -49.06, -3.40, 2.61, -17.45, 3.66, 
180.00, 48.23, -19.58, -48.89, -3.39, 2.35, -17.48, 3.64, 
181.00, 48.59, -20.85, -48.90, -3.38, 2.09, -17.50, 3.62, 
182.00, 48.25, -20.11, -48.76, -3.37, 1.83, -17.52, 3.66, 
183.00, 48.35, -21.66, -48.61, -3.37, 1.57, -17.54, 3.66, 
184.00, 48.11, -20.80, -48.52, -3.36, 1.32, -17.56, 3.65, 
185.00, 47.91, -21.50, -48.32, -3.35, 1.06, -17.58, 3.64, 
186.00, 48.26, -21.18, -48.80, -3.34, 0.80, -17.60, 3.62, 
187.00, 48.13, -21.71, -49.13, -3.33, 0.54, -17.62, 3.66, 
188.00, 48.08, -21.82, -48.92, -3.32, 0.28, -17.65, 3.66, 
189.00, 48.00, -22.35, -49.11, -3.32, 0.02, -17.67, 3.65, 
190.00, 48.06, -22.68, -48.78, -3.31, -0.24, -17.69, 3.65, 
191.00, 47.84, -22.39, -48.83, -3.30, -0.49, -17.71, 3.61, 
192.00, 47.76, -22.62, -49.38, -3.29, -0.75, -17.73, 3.61, 
193.00, 47.89, -22.96, -49.41, -3.28, -1.01, -17.75, 3.66, 
194.00, 47.82, -23.64, -48.97, -3.27, -1.27, -17.77, 3.66, 
195.00, 47.68, -23.43, -48.99, -3.27, -1.53, -17.79, 3.65, 
196.00, 48.06, -23.67, -49.13, -3.26, -1.78, -17.82, 3.65, 
197.00, 48.12, -23.28, -48.96, -3.25, -2.04, -17.84, 3.61, 
198.00, 47.90, -24.11, -49.25, -3.24, -2.30, -17.86, 3.62, 
199.00, 47.92, -23.49, -49.21, -3.23, -2.56, -17.88, 3.61, 
200.00, 48.15, -23.98, -49.35, -3.22, -2.82, -17.90, 3.61, 
201.00, 48.26, -24.30, -49.33, -3.22, -3.07, -17.92, 3.63, 
202.00, 47.99, -23.96, -49.35, -3.21, -3.33, -17.94, 3.64, 
203.00, 47.91, -25.33, -49.26, -3.20, -3.59, -17.96, 3.64, 
204.00, 48.21, -24.84, -49.07, -3.19, -3.84, -17.99, 3.66, 
205.00, 48.23, -26.35, -49.22, -3.18, -4.10, -18.01, 3.66, 
206.00, 48.25, -25.33, -49.46, -3.18, -4.36, -18.03, 3.66, 
207.00, 48.12, -26.30, -48.95, -3.17, -4.62, -18.05, 3.66, 
208.00, 48.02, -26.04, -49.40, -3.16, -4.87, -18.07, 3.61, 
209.00, 48.14, -26.08, -49.69, -3.15, -5.13, -18.09, 3.61, 
210.00, 48.19, -27.60, -49.27, -3.14, -5.39, -18.11, 3.61, 
211.00, 48.36, -26.52, -49.40, -3.14, -5.64, -18.14, 3.63, 
212.00, 48.49, -27.83, -49.52, -3.13, -5.90, -18.16, 3.64, 
213.00, 48.42, -27.23, -49.77, -3.12, -6.16, -18.18, 3.64, 
214.00, 48.44, -27.48, -49.72, -3.11, -6.41, -18.20, 3.64, 
215.00, 48.61, -27.64, -49.42, -3.10, -6.67, -18.22, 3.64, 
216.00, 48.66, -27.67, -49.61, -3.09, -6.92, -18.24, 3.65, 
217.00, 48.71, -28.73, -50.26, -3.09, -7.18, -18.27, 3.65, 
218.00, 48.26, -27.97, -49.66, -3.08, -7.44, -18.29, 3.65, 
219.00, 48.52, -28.04, -49.59, -3.07, -7.69, -18.31, 3.65, 
220.00, 48.51, -28.43, -49.30, -3.06, -7.95, -18.33, 3.65, 
221.00, 48.44, -28.64, -49.04, -3.05, -8.20, -18.35, 3.65, 
222.00, 48.54, -29.81, -49.32, -3.05, -8.46, -18.37, 3.65, 
223.00, 48.41, -28.99, -48.87, -3.04, -8.71, -18.39, 3.65, 
224.00, 48.59, -30.09, -49.24, -3.03, -8.97, -18.42, 3.65, 
225.00, 48.60, -29.54, -49.24, -3.02, -9.22, -18.44, 3.65, 
226.00, 48.66, -29.80, -49.11, -3.01, -9.48, -18.46, 3.60, 
227.00, 48.67, -30.45, -49.46, -3.01, -9.73, -18.48, 3.64, 
228.00, 48.61, -30.46, -49.50, -3.00, -9.99, -18.50, 3.64, 
229.00, 48.80, -30.25, -49.18, -2.99, -10.24, -18.52, 3.65, 
230.00, 48.75, -31.06, -48.98, -2.98, -10.50, -18.55, 3.64, 
231.00, 48.76, -30.80, -49.11, -2.97, -10.75, -18.57, 3.65, 
232.00, 48.72, -31.48, -49.45, -2.97, -11.01, -18.59, 3.65, 
233.00, 48.51, -31.58, -49.46, -2.96, -11.26, -18.61, 3.65, 
234.00, 48.62, -31.49, -48.95, -2.95, -11.52, -18.63, 3.65, 
235.00, 48.52, -32.05, -48.99, -2.94, -11.77, -18.66, 3.61, 
236.00, 48.60, -32.02, -49.24, -2.93, -12.02, -18.68, 3.64, 
237.00, 48.50, -31.84, -49.14, -2.93, -12.28, -18.70, 3.64, 
238.00, 48.72, -32.89, -49.35, -2.92, -12.53, -18.72, 3.64, 
239.00, 48.75, -32.51, -49.16, -2.91, -12.78, -18.74, 3.64, 
240.00, 48.73, -32.27, -49.16, -2.90, -13.04, -18.76, 3.65, 
241.00, 48.53, -33.11, -49.33, -2.90, -13.29, -18.79, 3.65, 
242.00, 48.74, -32.87, -48.84, -2.89, -13.54, -18.81, 3.65, 
243.00, 48.67, -33.61, -49.11, -2.88, -13.80, -18.83, 3.65, 
244.00, 48.95, -33.65, -49.32, -2.87, -14.05, -18.85, 3.64, 
245.00, 48.83, -33.83, -49.51, -2.86, -14.30, -18.87, 3.64, 
246.00, 48.57, -34.41, -49.25, -2.86, -14.56, -18.89, 3.64, 
247.00, 48.66, -34.54, -49.01, -2.85, -14.81, -18.92, 3.64, 
248.00, 48.71, -34.35, -49.01, -2.84, -15.06, -18.94, 3.64, 
249.00, 48.83, -35.01, -48.79, -2.83, -15.31, -18.96, 3.64, 
250.00, 48.65, -34.66, -48.80, -2.82, -15.57, -18.98, 3.64, 
251.00, 48.64, -35.27, -49.20, -2.82, -15.82, -19.00, 3.64, 
252.00, 48.59, -35.40, -48.97, -2.81, -16.07, -19.03, 3.64, 
253.00, 48.70, -35.68, -49.04, -2.80, -16.32, -19.05, 3.64, 
254.00, 48.84, -35.84, -48.96, -2.79, -16.58, -19.07, 3.64, 
255.00, 48.67, -36.22, -49.28, -2.79, -16.83, -19.09, 3.64, 
