---START---
-255.00, 54.96, 69.04, -52.68, -7.07, 115.05, -9.40, 3.69, 
-254.00, 45.32, 76.63, -43.08, -7.06, 114.81, -9.42, 3.68, 
-253.00, 45.24, 76.35, -43.18, -7.05, 114.57, -9.43, 3.67, 
-252.00, 45.30, 76.12, -43.49, -7.05, 114.33, -9.45, 3.67, 
-251.00, 45.36, 75.82, -43.31, -7.04, 114.08, -9.46, 3.67, 
-250.00, 45.23, 75.69, -42.62, -7.03, 113.84, -9.48, 3.67, 
-249.00, 45.37, 75.71, -43.23, -7.02, 113.60, -9.49, 3.67, 
-248.00, 45.41, 75.14, -42.96, -7.02, 113.36, -9.51, 3.67, 
-247.00, 45.37, 75.17, -42.94, -7.01, 113.11, -9.53, 3.67, 
-246.00, 45.34, 74.36, -43.13, -7.00, 112.87, -9.54, 3.67, 
-245.00, 45.43, 74.36, -42.97, -6.99, 112.63, -9.56, 3.67, 
-244.00, 45.38, 74.09, -42.66, -6.99, 112.38, -9.57, 3.67, 
-243.00, 45.36, 73.89, -42.92, -6.98, 112.14, -9.59, 3.68, 
-242.00, 45.57, 73.84, -42.41, -6.97, 111.90, -9.61, 3.68, 
-241.00, 45.58, 73.15, -42.93, -6.96, 111.65, -9.62, 3.68, 
-240.00, 45.84, 73.15, -42.88, -6.96, 111.41, -9.64, 3.67, 
-239.00, 45.93, 73.35, -42.93, -6.95, 111.17, -9.65, 3.66, 
-238.00, 45.81, 73.10, -42.74, -6.94, 110.92, -9.67, 3.67, 
-237.00, 45.96, 72.89, -43.45, -6.93, 110.68, -9.69, 3.67, 
-236.00, 45.97, 72.36, -42.95, -6.93, 110.43, -9.70, 3.67, 
-235.00, 46.07, 72.16, -43.37, -6.92, 110.19, -9.72, 3.68, 
-234.00, 45.59, 72.38, -43.37, -6.91, 109.94, -9.73, 3.68, 
-233.00, 45.76, 71.96, -43.25, -6.90, 109.70, -9.75, 3.68, 
-232.00, 45.71, 71.34, -42.98, -6.90, 109.45, -9.77, 3.68, 
-231.00, 45.97, 71.70, -42.89, -6.89, 109.21, -9.78, 3.68, 
-230.00, 45.95, 71.04, -43.37, -6.88, 108.96, -9.80, 3.68, 
-229.00, 45.78, 71.26, -43.37, -6.87, 108.72, -9.82, 3.68, 
-228.00, 45.45, 70.86, -43.46, -6.87, 108.47, -9.83, 3.68, 
-227.00, 45.96, 70.67, -43.57, -6.86, 108.22, -9.85, 3.65, 
-226.00, 45.53, 70.91, -43.03, -6.85, 107.98, -9.86, 3.68, 
-225.00, 45.62, 70.25, -43.38, -6.84, 107.73, -9.88, 3.68, 
-224.00, 45.50, 70.03, -43.24, -6.84, 107.49, -9.90, 3.68, 
-223.00, 45.77, 69.97, -43.48, -6.83, 107.24, -9.91, 3.68, 
-222.00, 45.82, 69.10, -43.74, -6.82, 106.99, -9.93, 3.68, 
-221.00, 45.68, 69.49, -43.86, -6.81, 106.75, -9.95, 3.68, 
-220.00, 45.63, 68.98, -43.37, -6.81, 106.50, -9.96, 3.68, 
-219.00, 45.45, 68.11, -43.43, -6.80, 106.25, -9.98, 3.67, 
-218.00, 45.38, 68.22, -43.66, -6.79, 106.00, -9.99, 3.68, 
-217.00, 45.97, 67.95, -43.60, -6.78, 105.76, -10.01, 3.68, 
-216.00, 45.79, 68.20, -43.56, -6.77, 105.51, -10.03, 3.68, 
-215.00, 45.55, 68.34, -43.53, -6.77, 105.26, -10.04, 3.67, 
-214.00, 45.91, 67.46, -43.31, -6.76, 105.01, -10.06, 3.65, 
-213.00, 45.92, 67.33, -43.62, -6.75, 104.77, -10.08, 3.68, 
-212.00, 46.01, 66.89, -43.32, -6.74, 104.52, -10.09, 3.68, 
-211.00, 45.74, 66.81, -43.46, -6.74, 104.27, -10.11, 3.69, 
-210.00, 45.73, 67.16, -43.48, -6.73, 104.02, -10.13, 3.69, 
-209.00, 45.86, 66.12, -43.72, -6.72, 103.77, -10.14, 3.66, 
-208.00, 45.95, 65.59, -43.65, -6.71, 103.53, -10.16, 3.68, 
-207.00, 46.09, 65.70, -43.86, -6.71, 103.28, -10.17, 3.69, 
-206.00, 45.97, 65.02, -43.64, -6.70, 103.03, -10.19, 3.69, 
-205.00, 46.24, 66.43, -43.69, -6.69, 102.78, -10.21, 3.66, 
-204.00, 46.22, 65.44, -43.38, -6.68, 102.53, -10.22, 3.68, 
-203.00, 45.95, 65.19, -43.12, -6.67, 102.28, -10.24, 3.69, 
-202.00, 45.98, 64.14, -42.89, -6.67, 102.03, -10.26, 3.69, 
-201.00, 46.01, 64.68, -43.50, -6.66, 101.78, -10.27, 3.66, 
-200.00, 45.72, 65.43, -43.12, -6.65, 101.53, -10.29, 3.68, 
-199.00, 45.68, 64.58, -43.16, -6.64, 101.28, -10.31, 3.69, 
-198.00, 46.04, 62.81, -43.74, -6.63, 101.03, -10.32, 3.68, 
-197.00, 45.79, 63.76, -43.31, -6.63, 100.78, -10.34, 3.68, 
-196.00, 45.87, 63.28, -43.65, -6.62, 100.53, -10.36, 3.69, 
-195.00, 45.78, 63.35, -43.16, -6.61, 100.28, -10.37, 3.69, 
-194.00, 46.06, 63.86, -43.24, -6.60, 100.03, -10.39, 3.67, 
-193.00, 46.11, 62.53, -43.40, -6.60, 99.78, -10.41, 3.67, 
-192.00, 46.19, 62.98, -43.77, -6.59, 99.53, -10.42, 3.68, 
-191.00, 46.29, 62.41, -43.17, -6.58, 99.28, -10.44, 3.69, 
-190.00, 46.07, 62.75, -43.26, -6.57, 99.03, -10.46, 3.69, 
-189.00, 45.85, 63.84, -43.07, -6.56, 98.78, -10.47, 3.69, 
-188.00, 45.80, 61.21, -43.46, -6.56, 98.53, -10.49, 3.67, 
-187.00, 45.93, 61.81, -43.64, -6.55, 98.28, -10.51, 3.69, 
-186.00, 46.19, 61.55, -43.46, -6.54, 98.02, -10.52, 3.69, 
-185.00, 46.37, 60.34, -43.39, -6.53, 97.77, -10.54, 3.69, 
-184.00, 46.42, 62.08, -43.96, -6.52, 97.52, -10.56, 3.67, 
-183.00, 45.84, 61.46, -43.57, -6.52, 97.27, -10.57, 3.68, 
-182.00, 45.61, 60.96, -44.04, -6.51, 97.02, -10.59, 3.69, 
-181.00, 45.80, 61.48, -44.32, -6.50, 96.77, -10.61, 3.69, 
-180.00, 45.90, 59.51, -44.24, -6.49, 96.51, -10.62, 3.69, 
-179.00, 46.23, 59.88, -44.09, -6.48, 96.26, -10.64, 3.70, 
-178.00, 46.29, 59.64, -44.12, -6.48, 96.01, -10.66, 3.67, 
-177.00, 45.89, 59.06, -43.99, -6.47, 95.76, -10.67, 3.67, 
-176.00, 45.81, 60.44, -44.25, -6.46, 95.50, -10.69, 3.69, 
-175.00, 45.82, 58.85, -44.24, -6.45, 95.25, -10.71, 3.69, 
-174.00, 46.09, 58.42, -44.27, -6.44, 95.00, -10.73, 3.70, 
-173.00, 45.89, 58.70, -44.49, -6.44, 94.75, -10.74, 3.70, 
-172.00, 46.33, 57.54, -43.94, -6.43, 94.49, -10.76, 3.67, 
-171.00, 46.07, 58.56, -43.74, -6.42, 94.24, -10.78, 3.67, 
-170.00, 45.96, 58.40, -44.07, -6.41, 93.99, -10.79, 3.69, 
-169.00, 46.08, 57.61, -43.88, -6.40, 93.73, -10.81, 3.69, 
-168.00, 46.01, 58.61, -44.07, -6.39, 93.48, -10.83, 3.70, 
-167.00, 45.80, 56.48, -44.29, -6.39, 93.23, -10.84, 3.70, 
-166.00, 46.02, 55.67, -44.23, -6.38, 92.97, -10.86, 3.67, 
-165.00, 46.15, 56.83, -44.15, -6.37, 92.72, -10.88, 3.67, 
-164.00, 46.05, 55.99, -44.21, -6.36, 92.47, -10.90, 3.68, 
-163.00, 46.05, 57.34, -44.03, -6.35, 92.21, -10.91, 3.69, 
-162.00, 46.02, 56.27, -44.15, -6.35, 91.96, -10.93, 3.70, 
-161.00, 45.98, 55.48, -44.39, -6.34, 91.70, -10.95, 3.70, 
-160.00, 46.15, 56.03, -44.26, -6.33, 91.45, -10.96, 3.67, 
-159.00, 46.31, 54.45, -44.58, -6.32, 91.19, -10.98, 3.67, 
-158.00, 46.19, 55.12, -44.56, -6.31, 90.94, -11.00, 3.69, 
-157.00, 46.01, 55.41, -44.42, -6.30, 90.69, -11.01, 3.70, 
-156.00, 46.09, 55.01, -44.01, -6.30, 90.43, -11.03, 3.70, 
-155.00, 46.05, 56.10, -44.34, -6.29, 90.18, -11.05, 3.67, 
-154.00, 46.27, 53.69, -44.60, -6.28, 89.92, -11.07, 3.67, 
-153.00, 46.09, 53.85, -44.74, -6.27, 89.67, -11.08, 3.69, 
-152.00, 46.26, 54.20, -44.83, -6.26, 89.41, -11.10, 3.70, 
-151.00, 46.18, 52.76, -44.57, -6.26, 89.16, -11.12, 3.70, 
-150.00, 46.27, 53.86, -44.48, -6.25, 88.90, -11.13, 3.68, 
-149.00, 46.32, 52.43, -44.57, -6.24, 88.64, -11.15, 3.69, 
-148.00, 46.45, 54.11, -44.62, -6.23, 88.39, -11.17, 3.70, 
-147.00, 46.33, 52.92, -44.82, -6.22, 88.13, -11.19, 3.70, 
-146.00, 46.61, 52.84, -45.16, -6.21, 87.88, -11.20, 3.67, 
-145.00, 46.35, 52.41, -44.88, -6.21, 87.62, -11.22, 3.70, 
-144.00, 46.24, 50.97, -44.86, -6.20, 87.37, -11.24, 3.70, 
-143.00, 46.06, 52.50, -44.60, -6.19, 87.11, -11.26, 3.70, 
-142.00, 46.24, 50.16, -45.25, -6.18, 86.85, -11.27, 3.70, 
-141.00, 46.02, 50.93, -45.33, -6.17, 86.60, -11.29, 3.70, 
-140.00, 46.27, 50.37, -45.08, -6.16, 86.34, -11.31, 3.70, 
-139.00, 46.27, 50.30, -44.95, -6.16, 86.08, -11.32, 3.70, 
-138.00, 46.09, 51.96, -44.57, -6.15, 85.83, -11.34, 3.70, 
-137.00, 46.38, 49.39, -45.01, -6.14, 85.57, -11.36, 3.67, 
-136.00, 46.48, 51.07, -44.64, -6.13, 85.31, -11.38, 3.68, 
-135.00, 46.46, 48.58, -44.96, -6.12, 85.06, -11.39, 3.68, 
-134.00, 46.40, 50.04, -44.47, -6.11, 84.80, -11.41, 3.68, 
-133.00, 46.78, 48.94, -44.89, -6.11, 84.54, -11.43, 3.68, 
-132.00, 46.57, 48.86, -45.21, -6.10, 84.29, -11.45, 3.68, 
-131.00, 46.61, 49.02, -45.20, -6.09, 84.03, -11.46, 3.68, 
-130.00, 46.41, 47.54, -44.71, -6.08, 83.77, -11.48, 3.68, 
-129.00, 46.63, 49.09, -44.34, -6.07, 83.51, -11.50, 3.68, 
-128.00, 46.23, 47.71, -44.53, -6.06, 83.26, -11.52, 3.68, 
-127.00, 46.32, 48.94, -44.90, -6.06, 83.00, -11.53, 3.68, 
-126.00, 46.44, 47.88, -44.66, -6.05, 82.74, -11.55, 3.68, 
-125.00, 46.44, 47.82, -44.26, -6.04, 82.48, -11.57, 3.68, 
-124.00, 46.69, 47.29, -44.36, -6.03, 82.23, -11.59, 3.68, 
-123.00, 46.61, 46.32, -44.50, -6.02, 81.97, -11.60, 3.68, 
-122.00, 46.48, 47.35, -44.45, -6.01, 81.71, -11.62, 3.68, 
-121.00, 46.62, 46.07, -44.46, -6.01, 81.45, -11.64, 3.68, 
-120.00, 46.31, 46.33, -44.93, -6.00, 81.19, -11.66, 3.68, 
-119.00, 46.59, 46.64, -44.82, -5.99, 80.94, -11.67, 3.68, 
-118.00, 46.24, 45.20, -44.50, -5.98, 80.68, -11.69, 3.68, 
-117.00, 46.14, 46.96, -44.25, -5.97, 80.42, -11.71, 3.68, 
-116.00, 46.67, 45.34, -44.82, -5.96, 80.16, -11.73, 3.69, 
-115.00, 46.13, 46.31, -44.15, -5.95, 79.90, -11.74, 3.70, 
-114.00, 46.14, 45.48, -44.31, -5.95, 79.64, -11.76, 3.70, 
-113.00, 46.27, 44.65, -45.01, -5.94, 79.38, -11.78, 3.70, 
-112.00, 46.31, 45.77, -44.65, -5.93, 79.13, -11.80, 3.71, 
-111.00, 46.36, 44.27, -44.90, -5.92, 78.87, -11.82, 3.71, 
-110.00, 46.38, 45.11, -44.96, -5.91, 78.61, -11.83, 3.68, 
-109.00, 46.48, 44.61, -44.86, -5.90, 78.35, -11.85, 3.69, 
-108.00, 46.59, 43.19, -44.91, -5.90, 78.09, -11.87, 3.68, 
-107.00, 46.55, 43.71, -45.09, -5.89, 77.83, -11.89, 3.69, 
-106.00, 46.60, 42.09, -44.73, -5.88, 77.57, -11.90, 3.69, 
-105.00, 46.46, 42.70, -45.34, -5.87, 77.31, -11.92, 3.69, 
-104.00, 46.67, 41.58, -45.27, -5.86, 77.05, -11.94, 3.69, 
-103.00, 46.44, 41.45, -45.10, -5.85, 76.79, -11.96, 3.70, 
-102.00, 46.36, 42.74, -45.29, -5.84, 76.53, -11.98, 3.70, 
-101.00, 46.54, 40.87, -44.98, -5.84, 76.27, -11.99, 3.71, 
-100.00, 46.74, 42.29, -45.14, -5.83, 76.01, -12.01, 3.68, 
-99.00, 46.42, 42.21, -45.37, -5.82, 75.75, -12.03, 3.69, 
-98.00, 46.32, 41.28, -45.02, -5.81, 75.49, -12.05, 3.69, 
-97.00, 46.26, 42.27, -44.95, -5.80, 75.23, -12.06, 3.69, 
-96.00, 46.12, 41.05, -44.99, -5.79, 74.97, -12.08, 3.69, 
-95.00, 46.19, 41.83, -45.12, -5.78, 74.71, -12.10, 3.69, 
-94.00, 46.35, 40.41, -45.30, -5.78, 74.45, -12.12, 3.70, 
-93.00, 46.65, 39.48, -45.31, -5.77, 74.19, -12.14, 3.70, 
-92.00, 46.49, 40.79, -45.44, -5.76, 73.93, -12.15, 3.71, 
-91.00, 46.70, 38.25, -45.58, -5.75, 73.67, -12.17, 3.69, 
-90.00, 46.55, 39.75, -45.02, -5.74, 73.41, -12.19, 3.69, 
-89.00, 46.75, 38.82, -45.12, -5.73, 73.15, -12.21, 3.69, 
-88.00, 46.77, 38.35, -45.58, -5.72, 72.89, -12.23, 3.69, 
-87.00, 47.02, 40.04, -44.68, -5.72, 72.63, -12.24, 3.69, 
-86.00, 46.63, 38.49, -44.84, -5.71, 72.37, -12.26, 3.70, 
-85.00, 46.62, 38.59, -45.55, -5.70, 72.11, -12.28, 3.71, 
-84.00, 46.74, 38.42, -45.40, -5.69, 71.85, -12.30, 3.69, 
-83.00, 46.58, 36.30, -45.64, -5.68, 71.59, -12.32, 3.69, 
-82.00, 46.68, 37.37, -45.42, -5.67, 71.33, -12.33, 3.69, 
-81.00, 46.88, 37.27, -44.88, -5.66, 71.06, -12.35, 3.69, 
-80.00, 46.91, 37.06, -45.38, -5.66, 70.80, -12.37, 3.69, 
-79.00, 46.71, 37.89, -44.96, -5.65, 70.54, -12.39, 3.71, 
-78.00, 46.86, 36.60, -44.62, -5.64, 70.28, -12.41, 3.69, 
-77.00, 46.84, 36.12, -44.67, -5.63, 70.02, -12.42, 3.69, 
-76.00, 47.03, 36.44, -44.83, -5.62, 69.76, -12.44, 3.69, 
-75.00, 46.94, 34.98, -45.49, -5.61, 69.50, -12.46, 3.69, 
-74.00, 47.00, 36.59, -45.30, -5.60, 69.23, -12.48, 3.70, 
-73.00, 46.78, 36.30, -45.39, -5.59, 68.97, -12.50, 3.71, 
-72.00, 46.82, 35.20, -45.47, -5.59, 68.71, -12.51, 3.69, 
-71.00, 46.51, 35.97, -45.29, -5.58, 68.45, -12.53, 3.69, 
-70.00, 46.52, 34.25, -45.42, -5.57, 68.19, -12.55, 3.69, 
-69.00, 46.38, 34.36, -45.49, -5.56, 67.93, -12.57, 3.69, 
-68.00, 46.59, 35.02, -45.31, -5.55, 67.66, -12.59, 3.71, 
-67.00, 46.58, 33.93, -45.16, -5.54, 67.40, -12.61, 3.69, 
-66.00, 46.86, 34.46, -45.57, -5.53, 67.14, -12.62, 3.69, 
-65.00, 46.71, 33.02, -45.70, -5.53, 66.88, -12.64, 3.69, 
-64.00, 46.51, 32.80, -45.96, -5.52, 66.62, -12.66, 3.69, 
-63.00, 46.74, 33.24, -45.34, -5.51, 66.35, -12.68, 3.70, 
-62.00, 46.76, 31.89, -45.43, -5.50, 66.09, -12.70, 3.69, 
-61.00, 46.40, 33.39, -46.14, -5.49, 65.83, -12.72, 3.69, 
-60.00, 46.65, 32.55, -45.35, -5.48, 65.57, -12.73, 3.69, 
-59.00, 46.43, 31.66, -45.47, -5.47, 65.30, -12.75, 3.69, 
-58.00, 46.62, 31.94, -45.48, -5.46, 65.04, -12.77, 3.71, 
-57.00, 46.38, 31.50, -45.40, -5.46, 64.78, -12.79, 3.70, 
-56.00, 46.46, 31.69, -45.47, -5.45, 64.52, -12.81, 3.69, 
-55.00, 46.49, 32.25, -45.38, -5.44, 64.25, -12.83, 3.69, 
-54.00, 46.64, 30.54, -45.49, -5.43, 63.99, -12.84, 3.70, 
-53.00, 46.74, 30.87, -45.25, -5.42, 63.73, -12.86, 3.71, 
-52.00, 46.59, 30.56, -44.98, -5.41, 63.47, -12.88, 3.70, 
-51.00, 46.38, 30.21, -45.75, -5.40, 63.20, -12.90, 3.70, 
-50.00, 46.58, 30.53, -44.91, -5.39, 62.94, -12.92, 3.70, 
-49.00, 46.89, 29.98, -45.30, -5.39, 62.68, -12.94, 3.70, 
-48.00, 46.95, 30.20, -45.57, -5.38, 62.42, -12.95, 3.70, 
-47.00, 46.99, 30.04, -45.65, -5.37, 62.15, -12.97, 3.71, 
-46.00, 46.89, 28.99, -46.03, -5.36, 61.89, -12.99, 3.69, 
-45.00, 46.96, 29.18, -45.71, -5.35, 61.63, -13.01, 3.70, 
-44.00, 46.73, 28.38, -46.16, -5.34, 61.36, -13.03, 3.70, 
-43.00, 46.80, 28.04, -46.15, -5.33, 61.10, -13.05, 3.70, 
-42.00, 46.93, 28.50, -45.98, -5.32, 60.84, -13.07, 3.70, 
-41.00, 46.84, 28.23, -46.09, -5.32, 60.57, -13.08, 3.70, 
-40.00, 46.61, 28.12, -46.07, -5.31, 60.31, -13.10, 3.70, 
-39.00, 46.61, 27.65, -46.33, -5.30, 60.05, -13.12, 3.70, 
-38.00, 46.56, 26.81, -46.38, -5.29, 59.78, -13.14, 3.70, 
-37.00, 46.94, 27.58, -46.45, -5.28, 59.52, -13.16, 3.70, 
-36.00, 46.84, 26.99, -46.51, -5.27, 59.26, -13.18, 3.71, 
-35.00, 46.69, 26.75, -46.23, -5.26, 58.99, -13.20, 3.70, 
-34.00, 46.97, 26.93, -46.19, -5.25, 58.73, -13.21, 3.70, 
-33.00, 47.18, 25.54, -45.92, -5.25, 58.47, -13.23, 3.70, 
-32.00, 47.23, 26.26, -45.95, -5.24, 58.20, -13.25, 3.70, 
-31.00, 47.09, 26.22, -46.35, -5.23, 57.94, -13.27, 3.70, 
-30.00, 47.02, 25.50, -46.44, -5.22, 57.68, -13.29, 3.70, 
-29.00, 47.00, 26.00, -46.70, -5.21, 57.41, -13.31, 3.70, 
-28.00, 46.96, 24.60, -46.75, -5.20, 57.15, -13.33, 3.70, 
-27.00, 46.87, 24.70, -46.81, -5.19, 56.88, -13.35, 3.70, 
-26.00, 46.97, 24.70, -46.90, -5.18, 56.62, -13.36, 3.70, 
-25.00, 47.11, 24.26, -47.09, -5.18, 56.36, -13.38, 3.70, 
-24.00, 47.00, 24.22, -46.92, -5.17, 56.09, -13.40, 3.70, 
-23.00, 47.21, 23.52, -46.35, -5.16, 55.83, -13.42, 3.70, 
-22.00, 47.00, 23.13, -46.45, -5.15, 55.57, -13.44, 3.70, 
-21.00, 47.12, 23.54, -46.46, -5.14, 55.30, -13.46, 3.70, 
-20.00, 46.85, 23.11, -46.66, -5.13, 55.04, -13.48, 3.70, 
-19.00, 46.72, 23.03, -46.40, -5.12, 54.77, -13.50, 3.70, 
-18.00, 47.02, 22.37, -46.30, -5.11, 54.51, -13.51, 3.70, 
-17.00, 47.09, 22.13, -46.52, -5.10, 54.25, -13.53, 3.70, 
-16.00, 46.91, 22.64, -46.28, -5.10, 53.98, -13.55, 3.70, 
-15.00, 47.09, 21.79, -46.26, -5.09, 53.72, -13.57, 3.70, 
-14.00, 47.07, 21.69, -46.21, -5.08, 53.45, -13.59, 3.70, 
-13.00, 47.11, 21.27, -46.29, -5.07, 53.19, -13.61, 3.70, 
-12.00, 46.97, 20.93, -46.26, -5.06, 52.92, -13.63, 3.70, 
-11.00, 46.84, 21.09, -46.18, -5.05, 52.66, -13.65, 3.70, 
-10.00, 46.76, 20.94, -46.63, -5.04, 52.40, -13.67, 3.70, 
-9.00, 46.91, 20.77, -46.42, -5.03, 52.13, -13.68, 3.70, 
-8.00, 47.06, 20.75, -46.45, -5.03, 51.87, -13.70, 3.70, 
-7.00, 47.00, 20.60, -46.89, -5.02, 51.60, -13.72, 3.70, 
-6.00, 46.84, 20.30, -46.77, -5.01, 51.34, -13.74, 3.70, 
-5.00, 47.11, 19.93, -46.87, -5.00, 51.07, -13.76, 3.70, 
-4.00, 46.91, 19.55, -46.71, -4.99, 50.81, -13.78, 3.70, 
-3.00, 46.71, 19.75, -46.91, -4.98, 50.55, -13.80, 3.70, 
-2.00, 47.11, 19.36, -46.50, -4.97, 50.28, -13.82, 3.70, 
-1.00, 46.86, 19.12, -46.80, -4.96, 50.02, -13.84, 3.70, 
0.00, 46.90, 18.76, -46.91, -4.95, 49.75, -13.86, 3.70, 
1.00, 47.14, 18.56, -47.16, -4.95, 49.49, -13.87, 3.70, 
2.00, 46.87, 18.49, -46.85, -4.94, 49.22, -13.89, 3.70, 
3.00, 46.76, 18.29, -47.00, -4.93, 48.96, -13.91, 3.70, 
4.00, 47.02, 17.99, -47.18, -4.92, 48.69, -13.93, 3.70, 
5.00, 46.81, 17.44, -47.09, -4.91, 48.43, -13.95, 3.70, 
6.00, 46.96, 17.64, -47.02, -4.90, 48.16, -13.97, 3.70, 
7.00, 46.87, 16.96, -46.66, -4.89, 47.90, -13.99, 3.70, 
8.00, 46.66, 17.16, -46.98, -4.88, 47.63, -14.01, 3.70, 
9.00, 46.58, 17.13, -47.68, -4.88, 47.37, -14.03, 3.70, 
10.00, 47.14, 16.59, -47.31, -4.87, 47.11, -14.05, 3.70, 
11.00, 47.18, 16.34, -47.37, -4.86, 46.84, -14.07, 3.70, 
12.00, 47.26, 16.33, -47.17, -4.85, 46.58, -14.09, 3.70, 
13.00, 47.14, 15.91, -47.14, -4.84, 46.31, -14.10, 3.70, 
14.00, 47.07, 15.35, -46.97, -4.83, 46.05, -14.12, 3.70, 
15.00, 47.21, 15.38, -46.90, -4.82, 45.78, -14.14, 3.70, 
16.00, 47.00, 15.55, -46.87, -4.81, 45.52, -14.16, 3.70, 
17.00, 46.91, 14.51, -46.74, -4.80, 45.25, -14.18, 3.70, 
18.00, 46.93, 14.53, -47.34, -4.80, 44.99, -14.20, 3.70, 
19.00, 47.14, 13.93, -47.18, -4.79, 44.72, -14.22, 3.70, 
20.00, 47.12, 14.04, -46.82, -4.78, 44.46, -14.24, 3.70, 
21.00, 47.14, 14.09, -47.06, -4.77, 44.19, -14.26, 3.70, 
22.00, 47.55, 13.53, -47.33, -4.76, 43.93, -14.28, 3.70, 
23.00, 47.35, 13.98, -47.35, -4.75, 43.66, -14.30, 3.70, 
24.00, 47.05, 13.27, -47.20, -4.74, 43.40, -14.32, 3.70, 
25.00, 47.00, 13.04, -47.16, -4.73, 43.13, -14.34, 3.70, 
26.00, 46.88, 13.68, -46.76, -4.72, 42.87, -14.36, 3.70, 
27.00, 47.09, 12.87, -47.14, -4.72, 42.60, -14.37, 3.70, 
28.00, 47.32, 12.89, -47.01, -4.71, 42.34, -14.39, 3.70, 
29.00, 47.14, 12.29, -47.36, -4.70, 42.07, -14.41, 3.70, 
30.00, 47.08, 12.32, -47.11, -4.69, 41.81, -14.43, 3.70, 
31.00, 47.24, 11.72, -47.47, -4.68, 41.54, -14.45, 3.70, 
32.00, 47.24, 11.44, -47.28, -4.67, 41.28, -14.47, 3.70, 
33.00, 47.25, 11.70, -47.46, -4.66, 41.02, -14.49, 3.70, 
34.00, 47.52, 11.04, -47.38, -4.65, 40.75, -14.51, 3.71, 
35.00, 47.46, 11.14, -47.64, -4.65, 40.49, -14.53, 3.70, 
36.00, 47.42, 10.13, -47.43, -4.64, 40.22, -14.55, 3.70, 
37.00, 47.38, 10.34, -47.56, -4.63, 39.96, -14.57, 3.70, 
38.00, 47.25, 10.67, -47.19, -4.62, 39.69, -14.59, 3.70, 
39.00, 47.52, 10.03, -47.20, -4.61, 39.43, -14.61, 3.70, 
40.00, 47.34, 9.81, -47.30, -4.60, 39.16, -14.63, 3.70, 
41.00, 47.61, 9.17, -47.14, -4.59, 38.90, -14.65, 3.70, 
42.00, 47.58, 8.68, -47.56, -4.58, 38.63, -14.67, 3.70, 
43.00, 47.41, 8.65, -47.40, -4.57, 38.37, -14.69, 3.70, 
44.00, 47.19, 8.38, -47.50, -4.57, 38.10, -14.71, 3.70, 
45.00, 47.00, 7.95, -47.45, -4.56, 37.84, -14.73, 3.70, 
46.00, 46.67, 8.21, -46.95, -4.55, 37.57, -14.74, 3.70, 
47.00, 46.97, 7.47, -47.53, -4.54, 37.31, -14.76, 3.70, 
48.00, 47.35, 8.40, -47.45, -4.53, 37.04, -14.78, 3.70, 
49.00, 47.01, 6.58, -47.78, -4.52, 36.78, -14.80, 3.71, 
50.00, 46.92, 7.63, -47.69, -4.51, 36.51, -14.82, 3.70, 
51.00, 47.19, 6.26, -47.38, -4.50, 36.25, -14.84, 3.70, 
52.00, 47.24, 6.63, -47.58, -4.50, 35.98, -14.86, 3.70, 
53.00, 46.95, 6.69, -47.32, -4.49, 35.72, -14.88, 3.69, 
54.00, 46.91, 5.47, -47.45, -4.48, 35.45, -14.90, 3.70, 
55.00, 47.01, 6.55, -47.53, -4.47, 35.19, -14.92, 3.69, 
56.00, 47.03, 4.12, -47.60, -4.46, 34.92, -14.94, 3.69, 
57.00, 47.04, 6.07, -47.33, -4.45, 34.66, -14.96, 3.69, 
58.00, 47.35, 4.89, -47.17, -4.44, 34.39, -14.98, 3.71, 
59.00, 47.26, 5.12, -47.42, -4.43, 34.13, -15.00, 3.71, 
60.00, 47.44, 4.98, -47.19, -4.42, 33.87, -15.02, 3.71, 
61.00, 47.57, 4.08, -47.58, -4.42, 33.60, -15.04, 3.71, 
62.00, 47.41, 5.22, -47.42, -4.41, 33.34, -15.06, 3.71, 
63.00, 47.57, 3.29, -47.76, -4.40, 33.07, -15.08, 3.71, 
64.00, 47.76, 4.08, -47.37, -4.39, 32.81, -15.10, 3.69, 
65.00, 47.48, 2.97, -47.38, -4.38, 32.54, -15.12, 3.69, 
66.00, 47.35, 2.83, -47.59, -4.37, 32.28, -15.14, 3.69, 
67.00, 47.59, 2.77, -47.88, -4.36, 32.01, -15.16, 3.69, 
68.00, 47.31, 2.23, -47.90, -4.35, 31.75, -15.18, 3.69, 
69.00, 47.86, 2.55, -47.83, -4.35, 31.48, -15.20, 3.71, 
70.00, 48.05, 2.49, -47.77, -4.34, 31.22, -15.22, 3.70, 
71.00, 47.62, 2.18, -48.23, -4.33, 30.95, -15.24, 3.69, 
72.00, 47.55, 2.11, -48.22, -4.32, 30.69, -15.26, 3.69, 
73.00, 47.60, 0.70, -48.12, -4.31, 30.43, -15.28, 3.69, 
74.00, 47.70, 2.31, -48.00, -4.30, 30.16, -15.30, 3.69, 
75.00, 47.71, 0.84, -47.50, -4.29, 29.90, -15.32, 3.69, 
76.00, 47.59, 1.79, -48.00, -4.28, 29.63, -15.34, 3.69, 
77.00, 47.34, 0.91, -48.01, -4.28, 29.37, -15.36, 3.69, 
78.00, 47.68, 0.25, -47.76, -4.27, 29.10, -15.38, 3.69, 
79.00, 47.86, 0.97, -47.65, -4.26, 28.84, -15.40, 3.71, 
80.00, 47.29, -0.57, -47.85, -4.25, 28.57, -15.42, 3.69, 
81.00, 47.51, 0.93, -47.97, -4.24, 28.31, -15.44, 3.69, 
82.00, 47.64, -1.27, -47.80, -4.23, 28.05, -15.46, 3.69, 
83.00, 47.66, 0.13, -47.90, -4.22, 27.78, -15.48, 3.69, 
84.00, 47.53, -1.55, -48.32, -4.21, 27.52, -15.50, 3.69, 
85.00, 47.52, -0.37, -48.27, -4.21, 27.25, -15.52, 3.71, 
86.00, 47.74, -1.63, -48.30, -4.20, 26.99, -15.54, 3.70, 
87.00, 47.71, -1.41, -47.93, -4.19, 26.72, -15.56, 3.69, 
88.00, 47.87, -1.06, -47.94, -4.18, 26.46, -15.58, 3.69, 
89.00, 47.92, -2.51, -48.21, -4.17, 26.20, -15.60, 3.69, 
90.00, 47.91, -1.02, -47.73, -4.16, 25.93, -15.62, 3.69, 
91.00, 47.87, -2.98, -47.54, -4.15, 25.67, -15.64, 3.69, 
92.00, 47.92, -1.85, -47.64, -4.14, 25.40, -15.66, 3.69, 
93.00, 47.77, -2.91, -47.45, -4.14, 25.14, -15.68, 3.71, 
94.00, 47.82, -2.65, -47.50, -4.13, 24.88, -15.70, 3.71, 
95.00, 47.61, -3.38, -47.02, -4.12, 24.61, -15.72, 3.70, 
96.00, 47.87, -3.04, -47.47, -4.11, 24.35, -15.74, 3.69, 
97.00, 47.81, -3.17, -47.87, -4.10, 24.08, -15.76, 3.69, 
98.00, 47.72, -3.76, -48.17, -4.09, 23.82, -15.78, 3.69, 
99.00, 47.71, -2.68, -48.37, -4.08, 23.56, -15.80, 3.69, 
100.00, 47.67, -4.61, -48.24, -4.07, 23.29, -15.82, 3.69, 
101.00, 48.10, -4.78, -48.18, -4.07, 23.03, -15.84, 3.69, 
102.00, 47.80, -5.21, -48.06, -4.06, 22.77, -15.86, 3.69, 
103.00, 47.58, -5.09, -48.36, -4.05, 22.50, -15.88, 3.68, 
104.00, 47.98, -4.95, -47.90, -4.04, 22.24, -15.90, 3.70, 
105.00, 48.19, -6.27, -48.73, -4.03, 21.97, -15.92, 3.71, 
106.00, 47.82, -5.33, -48.78, -4.02, 21.71, -15.94, 3.71, 
107.00, 47.88, -6.16, -48.82, -4.01, 21.45, -15.96, 3.71, 
108.00, 47.77, -6.13, -48.28, -4.00, 21.18, -15.98, 3.71, 
109.00, 48.04, -6.87, -48.49, -4.00, 20.92, -16.00, 3.70, 
110.00, 48.02, -6.31, -48.75, -3.99, 20.66, -16.02, 3.70, 
111.00, 47.96, -6.60, -48.31, -3.98, 20.39, -16.04, 3.69, 
112.00, 47.91, -6.47, -48.25, -3.97, 20.13, -16.06, 3.69, 
113.00, 48.07, -6.42, -48.03, -3.96, 19.87, -16.08, 3.69, 
114.00, 47.91, -7.60, -48.28, -3.95, 19.60, -16.10, 3.68, 
115.00, 48.09, -6.61, -47.97, -3.94, 19.34, -16.13, 3.68, 
116.00, 48.00, -8.38, -48.02, -3.94, 19.08, -16.15, 3.68, 
117.00, 47.95, -7.46, -48.37, -3.93, 18.81, -16.17, 3.68, 
118.00, 48.05, -8.15, -48.24, -3.92, 18.55, -16.19, 3.68, 
119.00, 47.85, -8.23, -48.23, -3.91, 18.29, -16.21, 3.68, 
120.00, 48.37, -7.50, -48.23, -3.90, 18.03, -16.23, 3.68, 
121.00, 48.28, -9.83, -48.56, -3.89, 17.76, -16.25, 3.68, 
122.00, 47.82, -8.03, -48.37, -3.88, 17.50, -16.27, 3.69, 
123.00, 48.18, -8.72, -48.20, -3.87, 17.24, -16.29, 3.69, 
124.00, 48.00, -10.41, -48.35, -3.87, 16.97, -16.31, 3.69, 
125.00, 48.14, -10.09, -48.37, -3.86, 16.71, -16.33, 3.70, 
126.00, 48.04, -9.86, -48.73, -3.85, 16.45, -16.35, 3.68, 
127.00, 48.15, -8.90, -48.72, -3.84, 16.19, -16.37, 3.68, 
128.00, 48.23, -9.81, -48.94, -3.83, 15.92, -16.39, 3.68, 
129.00, 48.23, -11.19, -49.55, -3.82, 15.66, -16.41, 3.68, 
130.00, 47.89, -9.97, -49.20, -3.81, 15.40, -16.43, 3.68, 
131.00, 47.84, -10.84, -48.14, -3.81, 15.14, -16.45, 3.68, 
132.00, 47.80, -12.31, -48.48, -3.80, 14.87, -16.47, 3.68, 
133.00, 48.03, -11.45, -48.62, -3.79, 14.61, -16.49, 3.68, 
134.00, 48.12, -12.73, -49.05, -3.78, 14.35, -16.52, 3.68, 
135.00, 48.25, -13.16, -48.64, -3.77, 14.09, -16.54, 3.68, 
136.00, 48.08, -11.79, -48.75, -3.76, 13.83, -16.56, 3.68, 
137.00, 48.02, -12.71, -48.72, -3.75, 13.56, -16.58, 3.68, 
138.00, 47.69, -12.35, -48.69, -3.75, 13.30, -16.60, 3.69, 
139.00, 47.92, -11.81, -48.74, -3.74, 13.04, -16.62, 3.69, 
140.00, 48.09, -13.35, -49.07, -3.73, 12.78, -16.64, 3.70, 
141.00, 48.02, -12.95, -49.20, -3.72, 12.52, -16.66, 3.70, 
142.00, 48.02, -14.41, -48.68, -3.71, 12.25, -16.68, 3.70, 
143.00, 48.29, -15.05, -49.16, -3.70, 11.99, -16.70, 3.70, 
144.00, 48.44, -14.12, -49.11, -3.69, 11.73, -16.72, 3.70, 
145.00, 47.97, -15.43, -49.08, -3.69, 11.47, -16.74, 3.70, 
146.00, 48.45, -15.36, -49.04, -3.68, 11.21, -16.76, 3.67, 
147.00, 48.22, -14.09, -48.83, -3.67, 10.95, -16.78, 3.67, 
148.00, 47.94, -15.64, -48.99, -3.66, 10.68, -16.80, 3.68, 
149.00, 48.14, -14.75, -48.88, -3.65, 10.42, -16.83, 3.68, 
150.00, 48.02, -14.75, -48.87, -3.64, 10.16, -16.85, 3.67, 
151.00, 48.00, -16.80, -49.20, -3.63, 9.90, -16.87, 3.69, 
152.00, 48.05, -15.58, -49.26, -3.63, 9.64, -16.89, 3.69, 
153.00, 48.41, -16.69, -49.43, -3.62, 9.38, -16.91, 3.69, 
154.00, 48.21, -16.90, -49.16, -3.61, 9.12, -16.93, 3.69, 
155.00, 48.17, -16.06, -49.05, -3.60, 8.86, -16.95, 3.70, 
156.00, 48.21, -17.45, -49.19, -3.59, 8.59, -16.97, 3.70, 
157.00, 48.42, -16.49, -49.41, -3.58, 8.33, -16.99, 3.70, 
158.00, 48.11, -16.63, -49.30, -3.58, 8.07, -17.01, 3.67, 
159.00, 48.00, -17.99, -49.28, -3.57, 7.81, -17.03, 3.67, 
160.00, 48.11, -17.43, -49.63, -3.56, 7.55, -17.06, 3.67, 
161.00, 48.03, -18.58, -49.55, -3.55, 7.29, -17.08, 3.69, 
162.00, 47.99, -18.62, -49.24, -3.54, 7.03, -17.10, 3.69, 
163.00, 47.92, -17.88, -49.60, -3.53, 6.77, -17.12, 3.70, 
164.00, 48.12, -19.38, -49.42, -3.52, 6.51, -17.14, 3.70, 
165.00, 48.31, -18.13, -49.95, -3.52, 6.25, -17.16, 3.70, 
166.00, 48.30, -18.77, -49.29, -3.51, 5.99, -17.18, 3.67, 
167.00, 48.34, -19.88, -49.56, -3.50, 5.73, -17.20, 3.67, 
168.00, 47.97, -19.75, -49.63, -3.49, 5.47, -17.22, 3.68, 
169.00, 48.45, -20.89, -49.11, -3.48, 5.21, -17.24, 3.69, 
170.00, 48.19, -20.85, -49.42, -3.47, 4.95, -17.26, 3.69, 
171.00, 48.26, -19.59, -49.22, -3.47, 4.69, -17.29, 3.70, 
172.00, 48.45, -20.80, -48.61, -3.46, 4.43, -17.31, 3.70, 
173.00, 48.53, -19.82, -49.02, -3.45, 4.17, -17.33, 3.67, 
174.00, 48.33, -20.01, -49.50, -3.44, 3.91, -17.35, 3.67, 
175.00, 48.32, -21.99, -49.21, -3.43, 3.65, -17.37, 3.69, 
176.00, 48.22, -20.82, -49.42, -3.42, 3.39, -17.39, 3.69, 
177.00, 48.46, -21.44, -49.49, -3.42, 3.13, -17.41, 3.69, 
178.00, 48.56, -20.47, -49.80, -3.41, 2.87, -17.43, 3.70, 
179.00, 48.33, -20.74, -49.46, -3.40, 2.61, -17.45, 3.67, 
180.00, 48.61, -21.63, -49.31, -3.39, 2.35, -17.48, 3.68, 
181.00, 48.32, -22.08, -49.42, -3.38, 2.09, -17.50, 3.69, 
182.00, 48.44, -22.82, -49.19, -3.37, 1.83, -17.52, 3.69, 
183.00, 48.53, -23.49, -49.26, -3.37, 1.57, -17.54, 3.69, 
184.00, 48.40, -22.19, -49.58, -3.36, 1.32, -17.56, 3.67, 
185.00, 48.18, -23.10, -49.48, -3.35, 1.06, -17.58, 3.67, 
186.00, 48.29, -23.06, -49.69, -3.34, 0.80, -17.60, 3.68, 
187.00, 48.27, -23.38, -49.84, -3.33, 0.54, -17.62, 3.69, 
188.00, 48.42, -25.07, -50.22, -3.32, 0.28, -17.65, 3.69, 
189.00, 48.46, -24.10, -49.71, -3.32, 0.02, -17.67, 3.69, 
190.00, 48.10, -23.97, -49.54, -3.31, -0.24, -17.69, 3.67, 
191.00, 47.80, -24.25, -49.65, -3.30, -0.49, -17.71, 3.68, 
192.00, 48.07, -23.97, -49.81, -3.29, -0.75, -17.73, 3.69, 
193.00, 48.10, -26.22, -49.85, -3.28, -1.01, -17.75, 3.69, 
194.00, 48.17, -25.74, -49.80, -3.27, -1.27, -17.77, 3.69, 
195.00, 48.17, -25.70, -49.44, -3.27, -1.53, -17.79, 3.67, 
196.00, 48.05, -26.63, -49.42, -3.26, -1.78, -17.82, 3.68, 
197.00, 48.06, -25.61, -49.42, -3.25, -2.04, -17.84, 3.69, 
198.00, 48.02, -26.55, -49.30, -3.24, -2.30, -17.86, 3.69, 
199.00, 47.85, -26.16, -48.98, -3.23, -2.56, -17.88, 3.66, 
200.00, 47.68, -26.07, -49.61, -3.22, -2.82, -17.90, 3.68, 
201.00, 48.07, -27.52, -49.38, -3.22, -3.07, -17.92, 3.69, 
202.00, 48.16, -27.06, -49.13, -3.21, -3.33, -17.94, 3.69, 
203.00, 48.09, -27.01, -49.63, -3.20, -3.59, -17.96, 3.69, 
204.00, 47.91, -27.41, -49.36, -3.19, -3.84, -17.99, 3.69, 
205.00, 48.30, -27.20, -49.67, -3.18, -4.10, -18.01, 3.66, 
206.00, 48.40, -28.31, -49.90, -3.18, -4.36, -18.03, 3.68, 
207.00, 48.11, -28.10, -49.91, -3.17, -4.62, -18.05, 3.68, 
208.00, 48.27, -28.10, -49.47, -3.16, -4.87, -18.07, 3.69, 
209.00, 48.12, -29.23, -49.82, -3.15, -5.13, -18.09, 3.69, 
210.00, 48.30, -28.79, -49.52, -3.14, -5.39, -18.11, 3.66, 
211.00, 48.28, -28.83, -49.65, -3.14, -5.64, -18.14, 3.68, 
212.00, 48.52, -29.03, -49.75, -3.13, -5.90, -18.16, 3.68, 
213.00, 48.43, -29.02, -50.11, -3.12, -6.16, -18.18, 3.68, 
214.00, 48.59, -30.43, -49.71, -3.11, -6.41, -18.20, 3.68, 
215.00, 48.54, -29.94, -49.85, -3.10, -6.67, -18.22, 3.69, 
216.00, 48.57, -29.70, -49.67, -3.09, -6.92, -18.24, 3.66, 
217.00, 48.62, -30.37, -49.79, -3.09, -7.18, -18.27, 3.68, 
218.00, 48.63, -30.03, -49.72, -3.08, -7.44, -18.29, 3.68, 
219.00, 48.78, -30.97, -49.44, -3.07, -7.69, -18.31, 3.68, 
220.00, 48.57, -31.23, -49.68, -3.06, -7.95, -18.33, 3.68, 
221.00, 48.33, -30.30, -49.28, -3.05, -8.20, -18.35, 3.65, 
222.00, 48.36, -32.03, -49.35, -3.05, -8.46, -18.37, 3.68, 
223.00, 48.24, -31.45, -49.88, -3.04, -8.71, -18.39, 3.68, 
224.00, 48.35, -31.48, -50.35, -3.03, -8.97, -18.42, 3.68, 
225.00, 48.39, -32.14, -50.08, -3.02, -9.22, -18.44, 3.66, 
226.00, 48.34, -32.59, -50.04, -3.01, -9.48, -18.46, 3.68, 
227.00, 48.50, -33.27, -50.06, -3.01, -9.73, -18.48, 3.68, 
228.00, 48.51, -32.70, -50.52, -3.00, -9.99, -18.50, 3.68, 
229.00, 48.80, -32.95, -50.21, -2.99, -10.24, -18.52, 3.68, 
230.00, 48.45, -33.38, -50.14, -2.98, -10.50, -18.55, 3.67, 
231.00, 48.58, -33.46, -49.92, -2.97, -10.75, -18.57, 3.68, 
232.00, 48.74, -34.05, -49.63, -2.97, -11.01, -18.59, 3.68, 
233.00, 48.59, -33.76, -49.96, -2.96, -11.26, -18.61, 3.67, 
234.00, 48.94, -33.16, -50.13, -2.95, -11.52, -18.63, 3.68, 
235.00, 48.97, -33.87, -49.80, -2.94, -11.77, -18.66, 3.68, 
236.00, 48.75, -34.00, -50.23, -2.93, -12.02, -18.68, 3.67, 
237.00, 49.09, -34.59, -50.37, -2.93, -12.28, -18.70, 3.68, 
238.00, 49.14, -34.82, -50.24, -2.92, -12.53, -18.72, 3.68, 
239.00, 48.97, -34.65, -50.22, -2.91, -12.78, -18.74, 3.65, 
240.00, 49.13, -35.23, -50.78, -2.90, -13.04, -18.76, 3.68, 
241.00, 49.32, -35.38, -50.45, -2.90, -13.29, -18.79, 3.67, 
242.00, 49.13, -36.12, -50.29, -2.89, -13.54, -18.81, 3.67, 
243.00, 49.08, -35.99, -50.06, -2.88, -13.80, -18.83, 3.67, 
244.00, 49.02, -36.09, -50.24, -2.87, -14.05, -18.85, 3.67, 
245.00, 49.08, -36.54, -50.54, -2.86, -14.30, -18.87, 3.67, 
246.00, 49.22, -36.70, -50.60, -2.86, -14.56, -18.89, 3.67, 
247.00, 48.94, -36.95, -50.59, -2.85, -14.81, -18.92, 3.67, 
248.00, 48.94, -37.05, -50.50, -2.84, -15.06, -18.94, 3.67, 
249.00, 49.16, -37.21, -49.98, -2.83, -15.31, -18.96, 3.67, 
250.00, 48.92, -37.48, -50.02, -2.82, -15.57, -18.98, 3.67, 
251.00, 48.97, -38.05, -51.01, -2.82, -15.82, -19.00, 3.67, 
252.00, 48.81, -38.02, -50.32, -2.81, -16.07, -19.03, 3.67, 
253.00, 49.06, -37.98, -50.40, -2.80, -16.32, -19.05, 3.67, 
254.00, 49.29, -38.31, -50.79, -2.79, -16.58, -19.07, 3.67, 
255.00, 49.27, -38.47, -50.47, -2.79, -16.83, -19.09, 3.67, 
