---START---
-255.00, 64.88, 100.32, -30.47, -7.07, 115.05, -9.40, 4.15, 
-254.00, 53.13, 102.39, -23.95, -7.06, 114.81, -9.42, 4.14, 
-253.00, 53.18, 101.91, -24.32, -7.05, 114.57, -9.43, 4.14, 
-252.00, 53.31, 101.82, -23.60, -7.05, 114.33, -9.45, 4.14, 
-251.00, 53.43, 101.77, -24.33, -7.04, 114.08, -9.46, 4.14, 
-250.00, 53.55, 101.33, -24.43, -7.03, 113.84, -9.48, 4.14, 
-249.00, 53.51, 101.28, -24.53, -7.02, 113.60, -9.49, 4.14, 
-248.00, 53.49, 101.22, -24.70, -7.02, 113.36, -9.51, 4.14, 
-247.00, 53.69, 100.70, -24.37, -7.01, 113.11, -9.53, 4.14, 
-246.00, 53.92, 100.76, -24.39, -7.00, 112.87, -9.54, 4.14, 
-245.00, 53.69, 100.35, -24.51, -6.99, 112.63, -9.56, 4.14, 
-244.00, 53.85, 99.91, -24.16, -6.99, 112.38, -9.57, 4.14, 
-243.00, 53.66, 99.95, -24.34, -6.98, 112.14, -9.59, 4.14, 
-242.00, 53.47, 99.35, -23.89, -6.97, 111.90, -9.61, 4.14, 
-241.00, 53.54, 99.01, -23.92, -6.96, 111.65, -9.62, 4.14, 
-240.00, 53.34, 99.12, -23.83, -6.96, 111.41, -9.64, 4.14, 
-239.00, 53.55, 98.67, -24.11, -6.95, 111.17, -9.65, 4.14, 
-238.00, 53.40, 98.38, -23.68, -6.94, 110.92, -9.67, 4.15, 
-237.00, 53.31, 98.16, -24.10, -6.93, 110.68, -9.69, 4.15, 
-236.00, 53.64, 97.65, -24.01, -6.93, 110.43, -9.70, 4.15, 
-235.00, 53.27, 97.85, -24.27, -6.92, 110.19, -9.72, 4.15, 
-234.00, 53.59, 97.17, -24.34, -6.91, 109.94, -9.73, 4.15, 
-233.00, 53.50, 97.10, -24.45, -6.90, 109.70, -9.75, 4.15, 
-232.00, 53.42, 97.05, -24.17, -6.90, 109.45, -9.77, 4.15, 
-231.00, 53.52, 96.68, -24.80, -6.89, 109.21, -9.78, 4.15, 
-230.00, 53.52, 96.91, -24.83, -6.88, 108.96, -9.80, 4.15, 
-229.00, 53.56, 95.93, -24.48, -6.87, 108.72, -9.82, 4.15, 
-228.00, 53.66, 96.32, -24.22, -6.87, 108.47, -9.83, 4.15, 
-227.00, 53.65, 95.76, -24.77, -6.86, 108.22, -9.85, 4.15, 
-226.00, 53.41, 95.59, -24.35, -6.85, 107.98, -9.86, 4.15, 
-225.00, 53.74, 95.62, -24.74, -6.84, 107.73, -9.88, 4.15, 
-224.00, 53.28, 94.77, -24.65, -6.84, 107.49, -9.90, 4.15, 
-223.00, 53.62, 94.49, -24.43, -6.83, 107.24, -9.91, 4.14, 
-222.00, 53.80, 94.26, -24.25, -6.82, 106.99, -9.93, 4.15, 
-221.00, 53.84, 94.29, -24.26, -6.81, 106.75, -9.95, 4.15, 
-220.00, 53.98, 93.67, -24.46, -6.81, 106.50, -9.96, 4.15, 
-219.00, 53.89, 93.29, -24.46, -6.80, 106.25, -9.98, 4.15, 
-218.00, 54.10, 93.40, -24.41, -6.79, 106.00, -9.99, 4.15, 
-217.00, 54.24, 92.81, -24.41, -6.78, 105.76, -10.01, 4.15, 
-216.00, 54.18, 93.41, -24.48, -6.77, 105.51, -10.03, 4.15, 
-215.00, 54.05, 92.53, -24.31, -6.77, 105.26, -10.04, 4.15, 
-214.00, 53.59, 92.66, -24.48, -6.76, 105.01, -10.06, 4.15, 
-213.00, 53.88, 92.51, -24.22, -6.75, 104.77, -10.08, 4.15, 
-212.00, 53.76, 91.36, -24.38, -6.74, 104.52, -10.09, 4.15, 
-211.00, 54.00, 92.03, -24.71, -6.74, 104.27, -10.11, 4.15, 
-210.00, 54.18, 90.65, -24.51, -6.73, 104.02, -10.13, 4.15, 
-209.00, 54.15, 90.65, -24.91, -6.72, 103.77, -10.14, 4.15, 
-208.00, 54.00, 89.89, -24.74, -6.71, 103.53, -10.16, 4.15, 
-207.00, 53.93, 89.57, -24.66, -6.71, 103.28, -10.17, 4.15, 
-206.00, 53.71, 89.71, -24.60, -6.70, 103.03, -10.19, 4.15, 
-205.00, 53.86, 89.89, -24.05, -6.69, 102.78, -10.21, 4.15, 
-204.00, 54.03, 88.74, -24.70, -6.68, 102.53, -10.22, 4.16, 
-203.00, 54.11, 90.18, -24.61, -6.67, 102.28, -10.24, 4.16, 
-202.00, 54.31, 88.75, -24.16, -6.67, 102.03, -10.26, 4.16, 
-201.00, 54.43, 89.20, -24.31, -6.66, 101.78, -10.27, 4.16, 
-200.00, 54.04, 88.20, -24.38, -6.65, 101.53, -10.29, 4.16, 
-199.00, 54.35, 88.25, -24.55, -6.64, 101.28, -10.31, 4.16, 
-198.00, 54.35, 88.73, -24.99, -6.63, 101.03, -10.32, 4.16, 
-197.00, 54.34, 86.97, -25.02, -6.63, 100.78, -10.34, 4.16, 
-196.00, 53.93, 88.97, -25.08, -6.62, 100.53, -10.36, 4.16, 
-195.00, 54.22, 87.39, -25.13, -6.61, 100.28, -10.37, 4.16, 
-194.00, 54.38, 87.73, -25.29, -6.60, 100.03, -10.39, 4.16, 
-193.00, 54.36, 87.80, -25.02, -6.60, 99.78, -10.41, 4.16, 
-192.00, 54.19, 86.73, -25.11, -6.59, 99.53, -10.42, 4.16, 
-191.00, 54.30, 87.29, -24.87, -6.58, 99.28, -10.44, 4.16, 
-190.00, 54.30, 85.91, -24.95, -6.57, 99.03, -10.46, 4.16, 
-189.00, 54.25, 86.17, -25.28, -6.56, 98.78, -10.47, 4.16, 
-188.00, 54.07, 86.44, -24.91, -6.56, 98.53, -10.49, 4.16, 
-187.00, 54.14, 84.90, -25.11, -6.55, 98.28, -10.51, 4.16, 
-186.00, 54.11, 86.30, -25.05, -6.54, 98.02, -10.52, 4.16, 
-185.00, 54.21, 84.35, -24.70, -6.53, 97.77, -10.54, 4.16, 
-184.00, 53.95, 83.56, -24.91, -6.52, 97.52, -10.56, 4.16, 
-183.00, 54.03, 84.27, -24.81, -6.52, 97.27, -10.57, 4.16, 
-182.00, 54.52, 82.73, -24.92, -6.51, 97.02, -10.59, 4.16, 
-181.00, 54.09, 85.08, -24.93, -6.50, 96.77, -10.61, 4.16, 
-180.00, 54.10, 84.37, -25.02, -6.49, 96.51, -10.62, 4.16, 
-179.00, 53.95, 83.42, -24.97, -6.48, 96.26, -10.64, 4.16, 
-178.00, 54.11, 84.10, -25.14, -6.48, 96.01, -10.66, 4.16, 
-177.00, 54.35, 82.40, -24.90, -6.47, 95.76, -10.67, 4.16, 
-176.00, 53.89, 82.07, -25.08, -6.46, 95.50, -10.69, 4.16, 
-175.00, 53.71, 82.50, -25.00, -6.45, 95.25, -10.71, 4.16, 
-174.00, 53.79, 80.86, -24.79, -6.44, 95.00, -10.73, 4.17, 
-173.00, 54.05, 82.98, -24.91, -6.44, 94.75, -10.74, 4.17, 
-172.00, 54.02, 82.41, -24.82, -6.43, 94.49, -10.76, 4.16, 
-171.00, 54.05, 81.51, -25.41, -6.42, 94.24, -10.78, 4.16, 
-170.00, 53.98, 82.18, -25.56, -6.41, 93.99, -10.79, 4.16, 
-169.00, 54.04, 80.10, -25.62, -6.40, 93.73, -10.81, 4.17, 
-168.00, 53.84, 81.28, -25.19, -6.39, 93.48, -10.83, 4.17, 
-167.00, 54.12, 80.65, -25.17, -6.39, 93.23, -10.84, 4.17, 
-166.00, 54.03, 79.80, -24.79, -6.38, 92.97, -10.86, 4.17, 
-165.00, 53.97, 79.62, -24.86, -6.37, 92.72, -10.88, 4.16, 
-164.00, 54.06, 78.58, -24.90, -6.36, 92.47, -10.90, 4.16, 
-163.00, 54.24, 79.12, -25.05, -6.35, 92.21, -10.91, 4.17, 
-162.00, 54.14, 78.57, -24.88, -6.35, 91.96, -10.93, 4.17, 
-161.00, 54.40, 79.24, -24.78, -6.34, 91.70, -10.95, 4.17, 
-160.00, 54.14, 79.51, -24.43, -6.33, 91.45, -10.96, 4.17, 
-159.00, 53.97, 77.47, -25.08, -6.32, 91.19, -10.98, 4.16, 
-158.00, 54.22, 79.13, -25.07, -6.31, 90.94, -11.00, 4.17, 
-157.00, 54.32, 76.79, -24.97, -6.30, 90.69, -11.01, 4.17, 
-156.00, 54.24, 77.57, -25.07, -6.30, 90.43, -11.03, 4.17, 
-155.00, 54.06, 77.30, -25.12, -6.29, 90.18, -11.05, 4.17, 
-154.00, 53.93, 76.53, -25.49, -6.28, 89.92, -11.07, 4.17, 
-153.00, 53.94, 76.45, -25.78, -6.27, 89.67, -11.08, 4.17, 
-152.00, 54.10, 75.14, -25.74, -6.26, 89.41, -11.10, 4.17, 
-151.00, 54.29, 76.07, -25.31, -6.26, 89.16, -11.12, 4.17, 
-150.00, 54.39, 74.67, -25.04, -6.25, 88.90, -11.13, 4.17, 
-149.00, 53.77, 76.76, -25.33, -6.24, 88.64, -11.15, 4.17, 
-148.00, 54.33, 76.10, -25.19, -6.23, 88.39, -11.17, 4.17, 
-147.00, 54.06, 75.86, -25.50, -6.22, 88.13, -11.19, 4.17, 
-146.00, 54.31, 76.09, -25.36, -6.21, 87.88, -11.20, 4.17, 
-145.00, 54.09, 73.96, -25.57, -6.21, 87.62, -11.22, 4.17, 
-144.00, 54.09, 74.61, -26.08, -6.20, 87.37, -11.24, 4.17, 
-143.00, 54.20, 73.19, -25.91, -6.19, 87.11, -11.26, 4.17, 
-142.00, 54.34, 73.05, -25.83, -6.18, 86.85, -11.27, 4.17, 
-141.00, 54.40, 74.93, -25.86, -6.17, 86.60, -11.29, 4.17, 
-140.00, 54.31, 73.31, -25.98, -6.16, 86.34, -11.31, 4.17, 
-139.00, 54.32, 73.96, -25.90, -6.16, 86.08, -11.32, 4.17, 
-138.00, 54.44, 72.25, -25.65, -6.15, 85.83, -11.34, 4.17, 
-137.00, 54.44, 71.45, -25.83, -6.14, 85.57, -11.36, 4.17, 
-136.00, 54.29, 73.17, -26.01, -6.13, 85.31, -11.38, 4.18, 
-135.00, 54.20, 71.70, -25.64, -6.12, 85.06, -11.39, 4.17, 
-134.00, 54.33, 73.57, -25.81, -6.11, 84.80, -11.41, 4.17, 
-133.00, 54.39, 71.18, -25.50, -6.11, 84.54, -11.43, 4.17, 
-132.00, 54.78, 71.69, -26.24, -6.10, 84.29, -11.45, 4.18, 
-131.00, 54.68, 70.96, -26.28, -6.09, 84.03, -11.46, 4.17, 
-130.00, 54.58, 69.94, -25.97, -6.08, 83.77, -11.48, 4.17, 
-129.00, 55.07, 70.45, -25.78, -6.07, 83.51, -11.50, 4.17, 
-128.00, 54.69, 68.84, -25.77, -6.06, 83.26, -11.52, 4.18, 
-127.00, 54.62, 70.82, -25.95, -6.06, 83.00, -11.53, 4.18, 
-126.00, 54.58, 70.61, -25.81, -6.05, 82.74, -11.55, 4.17, 
-125.00, 54.79, 69.58, -25.97, -6.04, 82.48, -11.57, 4.17, 
-124.00, 54.79, 70.33, -26.45, -6.03, 82.23, -11.59, 4.18, 
-123.00, 54.74, 67.97, -26.03, -6.02, 81.97, -11.60, 4.18, 
-122.00, 54.86, 68.28, -25.49, -6.01, 81.71, -11.62, 4.18, 
-121.00, 54.81, 68.14, -25.73, -6.01, 81.45, -11.64, 4.17, 
-120.00, 54.41, 67.34, -25.99, -6.00, 81.19, -11.66, 4.17, 
-119.00, 54.20, 69.59, -26.19, -5.99, 80.94, -11.67, 4.17, 
-118.00, 54.64, 67.70, -26.18, -5.98, 80.68, -11.69, 4.18, 
-117.00, 54.58, 67.90, -26.62, -5.97, 80.42, -11.71, 4.18, 
-116.00, 54.93, 66.97, -26.46, -5.96, 80.16, -11.73, 4.18, 
-115.00, 54.78, 65.39, -26.25, -5.95, 79.90, -11.74, 4.18, 
-114.00, 54.43, 66.77, -26.01, -5.95, 79.64, -11.76, 4.18, 
-113.00, 54.21, 65.75, -25.94, -5.94, 79.38, -11.78, 4.18, 
-112.00, 54.49, 66.59, -26.01, -5.93, 79.13, -11.80, 4.17, 
-111.00, 54.85, 67.26, -26.06, -5.92, 78.87, -11.82, 4.18, 
-110.00, 54.59, 65.27, -25.78, -5.91, 78.61, -11.83, 4.18, 
-109.00, 54.65, 66.42, -25.85, -5.90, 78.35, -11.85, 4.18, 
-108.00, 54.86, 63.96, -25.81, -5.90, 78.09, -11.87, 4.18, 
-107.00, 54.70, 65.31, -26.21, -5.89, 77.83, -11.89, 4.18, 
-106.00, 54.91, 65.08, -26.01, -5.88, 77.57, -11.90, 4.18, 
-105.00, 54.45, 64.96, -26.14, -5.87, 77.31, -11.92, 4.18, 
-104.00, 54.59, 65.37, -25.97, -5.86, 77.05, -11.94, 4.18, 
-103.00, 54.65, 62.84, -26.08, -5.85, 76.79, -11.96, 4.18, 
-102.00, 54.80, 63.80, -26.48, -5.84, 76.53, -11.98, 4.18, 
-101.00, 54.62, 62.21, -26.34, -5.84, 76.27, -11.99, 4.18, 
-100.00, 54.45, 63.01, -26.27, -5.83, 76.01, -12.01, 4.18, 
-99.00, 54.63, 63.09, -26.53, -5.82, 75.75, -12.03, 4.18, 
-98.00, 54.43, 62.49, -26.30, -5.81, 75.49, -12.05, 4.18, 
-97.00, 54.61, 63.02, -26.44, -5.80, 75.23, -12.06, 4.18, 
-96.00, 54.54, 60.55, -26.57, -5.79, 74.97, -12.08, 4.18, 
-95.00, 54.56, 61.75, -26.48, -5.78, 74.71, -12.10, 4.18, 
-94.00, 54.52, 60.93, -26.03, -5.78, 74.45, -12.12, 4.18, 
-93.00, 54.75, 61.22, -26.60, -5.77, 74.19, -12.14, 4.18, 
-92.00, 54.63, 61.75, -26.61, -5.76, 73.93, -12.15, 4.18, 
-91.00, 54.71, 59.61, -26.75, -5.75, 73.67, -12.17, 4.18, 
-90.00, 54.75, 60.49, -26.99, -5.74, 73.41, -12.19, 4.18, 
-89.00, 54.75, 58.97, -26.25, -5.73, 73.15, -12.21, 4.18, 
-88.00, 54.71, 60.66, -26.67, -5.72, 72.89, -12.23, 4.18, 
-87.00, 54.94, 60.07, -26.42, -5.72, 72.63, -12.24, 4.18, 
-86.00, 54.77, 58.73, -26.41, -5.71, 72.37, -12.26, 4.18, 
-85.00, 54.87, 59.78, -26.72, -5.70, 72.11, -12.28, 4.18, 
-84.00, 54.66, 58.63, -26.48, -5.69, 71.85, -12.30, 4.18, 
-83.00, 54.78, 58.88, -26.73, -5.68, 71.59, -12.32, 4.18, 
-82.00, 54.78, 57.66, -26.31, -5.67, 71.33, -12.33, 4.18, 
-81.00, 54.65, 57.84, -26.55, -5.66, 71.06, -12.35, 4.19, 
-80.00, 54.55, 58.79, -26.24, -5.66, 70.80, -12.37, 4.18, 
-79.00, 54.30, 56.25, -26.73, -5.65, 70.54, -12.39, 4.18, 
-78.00, 55.06, 57.38, -26.32, -5.64, 70.28, -12.41, 4.18, 
-77.00, 55.13, 56.85, -26.59, -5.63, 70.02, -12.42, 4.18, 
-76.00, 54.62, 55.90, -26.79, -5.62, 69.76, -12.44, 4.18, 
-75.00, 54.81, 56.75, -26.59, -5.61, 69.50, -12.46, 4.18, 
-74.00, 54.74, 55.13, -26.50, -5.60, 69.23, -12.48, 4.19, 
-73.00, 54.71, 56.72, -26.80, -5.59, 68.97, -12.50, 4.18, 
-72.00, 54.49, 55.67, -26.61, -5.59, 68.71, -12.51, 4.19, 
-71.00, 54.57, 55.22, -26.62, -5.58, 68.45, -12.53, 4.18, 
-70.00, 54.81, 55.76, -26.29, -5.57, 68.19, -12.55, 4.18, 
-69.00, 54.38, 54.93, -26.77, -5.56, 67.93, -12.57, 4.18, 
-68.00, 54.27, 54.96, -26.80, -5.55, 67.66, -12.59, 4.18, 
-67.00, 54.65, 53.49, -26.87, -5.54, 67.40, -12.61, 4.18, 
-66.00, 54.45, 55.01, -26.65, -5.53, 67.14, -12.62, 4.18, 
-65.00, 54.68, 53.86, -26.54, -5.53, 66.88, -12.64, 4.18, 
-64.00, 54.82, 52.80, -27.13, -5.52, 66.62, -12.66, 4.18, 
-63.00, 54.62, 54.15, -27.28, -5.51, 66.35, -12.68, 4.18, 
-62.00, 54.55, 52.64, -27.04, -5.50, 66.09, -12.70, 4.19, 
-61.00, 54.60, 52.98, -26.58, -5.49, 65.83, -12.72, 4.18, 
-60.00, 54.54, 52.31, -26.80, -5.48, 65.57, -12.73, 4.18, 
-59.00, 54.65, 52.56, -26.84, -5.47, 65.30, -12.75, 4.19, 
-58.00, 54.38, 52.45, -26.48, -5.46, 65.04, -12.77, 4.19, 
-57.00, 54.50, 51.22, -26.42, -5.46, 64.78, -12.79, 4.18, 
-56.00, 54.47, 51.86, -26.92, -5.45, 64.52, -12.81, 4.19, 
-55.00, 54.77, 50.15, -26.78, -5.44, 64.25, -12.83, 4.19, 
-54.00, 55.08, 51.21, -26.87, -5.43, 63.99, -12.84, 4.19, 
-53.00, 54.95, 50.39, -27.00, -5.42, 63.73, -12.86, 4.19, 
-52.00, 54.78, 50.58, -27.15, -5.41, 63.47, -12.88, 4.19, 
-51.00, 55.20, 50.77, -27.18, -5.40, 63.20, -12.90, 4.19, 
-50.00, 55.02, 48.66, -26.70, -5.39, 62.94, -12.92, 4.19, 
-49.00, 55.13, 49.75, -26.98, -5.39, 62.68, -12.94, 4.19, 
-48.00, 55.26, 50.05, -27.11, -5.38, 62.42, -12.95, 4.19, 
-47.00, 55.01, 48.42, -26.65, -5.37, 62.15, -12.97, 4.19, 
-46.00, 55.31, 49.08, -26.92, -5.36, 61.89, -12.99, 4.19, 
-45.00, 55.08, 47.63, -27.21, -5.35, 61.63, -13.01, 4.19, 
-44.00, 54.95, 48.53, -26.99, -5.34, 61.36, -13.03, 4.19, 
-43.00, 54.96, 47.82, -27.26, -5.33, 61.10, -13.05, 4.19, 
-42.00, 54.71, 47.47, -27.42, -5.32, 60.84, -13.07, 4.19, 
-41.00, 55.19, 47.82, -27.02, -5.32, 60.57, -13.08, 4.19, 
-40.00, 55.02, 47.05, -27.57, -5.31, 60.31, -13.10, 4.19, 
-39.00, 54.85, 47.34, -27.80, -5.30, 60.05, -13.12, 4.19, 
-38.00, 55.12, 46.71, -27.74, -5.29, 59.78, -13.14, 4.19, 
-37.00, 55.19, 46.54, -27.92, -5.28, 59.52, -13.16, 4.19, 
-36.00, 55.10, 47.00, -27.68, -5.27, 59.26, -13.18, 4.19, 
-35.00, 54.69, 45.55, -28.10, -5.26, 58.99, -13.20, 4.19, 
-34.00, 54.69, 45.98, -27.72, -5.25, 58.73, -13.21, 4.19, 
-33.00, 54.82, 44.78, -27.82, -5.25, 58.47, -13.23, 4.19, 
-32.00, 54.81, 45.13, -27.79, -5.24, 58.20, -13.25, 4.19, 
-31.00, 54.81, 44.49, -27.95, -5.23, 57.94, -13.27, 4.19, 
-30.00, 54.64, 44.39, -28.24, -5.22, 57.68, -13.29, 4.19, 
-29.00, 54.91, 44.12, -28.06, -5.21, 57.41, -13.31, 4.19, 
-28.00, 54.67, 44.28, -28.02, -5.20, 57.15, -13.33, 4.19, 
-27.00, 54.93, 43.20, -27.29, -5.19, 56.88, -13.35, 4.19, 
-26.00, 55.11, 43.16, -27.57, -5.18, 56.62, -13.36, 4.19, 
-25.00, 55.13, 43.54, -27.76, -5.18, 56.36, -13.38, 4.19, 
-24.00, 55.51, 42.81, -27.64, -5.17, 56.09, -13.40, 4.19, 
-23.00, 55.43, 42.97, -27.63, -5.16, 55.83, -13.42, 4.19, 
-22.00, 55.10, 42.51, -27.84, -5.15, 55.57, -13.44, 4.19, 
-21.00, 54.90, 42.71, -28.16, -5.14, 55.30, -13.46, 4.19, 
-20.00, 55.06, 41.85, -27.96, -5.13, 55.04, -13.48, 4.19, 
-19.00, 55.42, 41.65, -27.86, -5.12, 54.77, -13.50, 4.19, 
-18.00, 55.41, 41.87, -27.71, -5.11, 54.51, -13.51, 4.19, 
-17.00, 54.92, 40.96, -27.75, -5.10, 54.25, -13.53, 4.19, 
-16.00, 55.50, 40.87, -27.94, -5.10, 53.98, -13.55, 4.19, 
-15.00, 55.21, 40.54, -27.98, -5.09, 53.72, -13.57, 4.19, 
-14.00, 55.54, 40.62, -27.76, -5.08, 53.45, -13.59, 4.19, 
-13.00, 55.25, 40.48, -28.12, -5.07, 53.19, -13.61, 4.19, 
-12.00, 55.39, 40.23, -28.28, -5.06, 52.92, -13.63, 4.19, 
-11.00, 55.68, 39.67, -28.30, -5.05, 52.66, -13.65, 4.19, 
-10.00, 55.68, 39.69, -27.88, -5.04, 52.40, -13.67, 4.19, 
-9.00, 55.39, 39.65, -28.02, -5.03, 52.13, -13.68, 4.19, 
-8.00, 55.25, 38.87, -28.07, -5.03, 51.87, -13.70, 4.19, 
-7.00, 55.43, 38.85, -28.11, -5.02, 51.60, -13.72, 4.19, 
-6.00, 55.48, 38.38, -27.71, -5.01, 51.34, -13.74, 4.19, 
-5.00, 55.63, 38.36, -27.97, -5.00, 51.07, -13.76, 4.19, 
-4.00, 55.31, 37.96, -28.13, -4.99, 50.81, -13.78, 4.19, 
-3.00, 55.21, 37.73, -27.60, -4.98, 50.55, -13.80, 4.19, 
-2.00, 55.34, 37.16, -27.55, -4.97, 50.28, -13.82, 4.19, 
-1.00, 55.49, 37.29, -27.63, -4.96, 50.02, -13.84, 4.19, 
0.00, 55.51, 37.10, -27.82, -4.95, 49.75, -13.86, 4.19, 
1.00, 55.10, 36.77, -27.42, -4.95, 49.49, -13.87, 4.19, 
2.00, 55.11, 36.46, -27.28, -4.94, 49.22, -13.89, 4.19, 
3.00, 55.16, 36.21, -27.87, -4.93, 48.96, -13.91, 4.19, 
4.00, 55.02, 36.01, -28.22, -4.92, 48.69, -13.93, 4.19, 
5.00, 55.69, 35.89, -28.26, -4.91, 48.43, -13.95, 4.19, 
6.00, 55.70, 35.65, -28.18, -4.90, 48.16, -13.97, 4.19, 
7.00, 55.96, 35.43, -27.75, -4.89, 47.90, -13.99, 4.19, 
8.00, 55.74, 34.96, -28.04, -4.88, 47.63, -14.01, 4.19, 
9.00, 55.45, 34.99, -28.18, -4.88, 47.37, -14.03, 4.19, 
10.00, 55.54, 34.37, -28.13, -4.87, 47.11, -14.05, 4.19, 
11.00, 55.55, 34.43, -27.86, -4.86, 46.84, -14.07, 4.19, 
12.00, 55.51, 33.96, -28.25, -4.85, 46.58, -14.09, 4.19, 
13.00, 55.56, 33.89, -28.36, -4.84, 46.31, -14.10, 4.19, 
14.00, 55.62, 33.24, -28.43, -4.83, 46.05, -14.12, 4.19, 
15.00, 55.67, 33.03, -28.43, -4.82, 45.78, -14.14, 4.19, 
16.00, 55.62, 33.06, -28.47, -4.81, 45.52, -14.16, 4.19, 
17.00, 55.63, 32.91, -28.89, -4.80, 45.25, -14.18, 4.19, 
18.00, 55.33, 32.40, -28.43, -4.80, 44.99, -14.20, 4.19, 
19.00, 55.42, 32.00, -28.98, -4.79, 44.72, -14.22, 4.19, 
20.00, 55.24, 32.10, -28.79, -4.78, 44.46, -14.24, 4.19, 
21.00, 55.39, 31.96, -29.06, -4.77, 44.19, -14.26, 4.19, 
22.00, 55.43, 31.67, -28.82, -4.76, 43.93, -14.28, 4.19, 
23.00, 55.37, 31.01, -28.59, -4.75, 43.66, -14.30, 4.19, 
24.00, 55.28, 31.01, -28.98, -4.74, 43.40, -14.32, 4.19, 
25.00, 55.45, 29.57, -29.04, -4.73, 43.13, -14.34, 4.19, 
26.00, 55.73, 30.52, -28.65, -4.72, 42.87, -14.36, 4.19, 
27.00, 55.45, 29.32, -29.02, -4.72, 42.60, -14.37, 4.19, 
28.00, 55.42, 29.76, -28.76, -4.71, 42.34, -14.39, 4.19, 
29.00, 55.68, 28.77, -28.71, -4.70, 42.07, -14.41, 4.19, 
30.00, 55.59, 28.50, -28.48, -4.69, 41.81, -14.43, 4.19, 
31.00, 55.60, 29.03, -28.05, -4.68, 41.54, -14.45, 4.19, 
32.00, 55.35, 27.45, -28.44, -4.67, 41.28, -14.47, 4.19, 
33.00, 55.63, 28.49, -29.18, -4.66, 41.02, -14.49, 4.19, 
34.00, 55.47, 27.66, -28.92, -4.65, 40.75, -14.51, 4.19, 
35.00, 55.54, 28.06, -28.58, -4.65, 40.49, -14.53, 4.19, 
36.00, 55.69, 27.40, -28.56, -4.64, 40.22, -14.55, 4.19, 
37.00, 55.36, 28.02, -28.79, -4.63, 39.96, -14.57, 4.19, 
38.00, 55.44, 26.80, -28.54, -4.62, 39.69, -14.59, 4.19, 
39.00, 55.62, 27.20, -28.42, -4.61, 39.43, -14.61, 4.19, 
40.00, 55.52, 26.09, -28.34, -4.60, 39.16, -14.63, 4.19, 
41.00, 55.43, 26.21, -28.82, -4.59, 38.90, -14.65, 4.19, 
42.00, 55.63, 26.64, -28.31, -4.58, 38.63, -14.67, 4.19, 
43.00, 55.71, 26.08, -28.51, -4.57, 38.37, -14.69, 4.19, 
44.00, 56.07, 26.17, -28.55, -4.57, 38.10, -14.71, 4.19, 
45.00, 55.78, 25.36, -28.52, -4.56, 37.84, -14.73, 4.19, 
46.00, 55.64, 25.08, -28.38, -4.55, 37.57, -14.74, 4.19, 
47.00, 55.49, 24.05, -29.03, -4.54, 37.31, -14.76, 4.19, 
48.00, 55.61, 25.06, -29.38, -4.53, 37.04, -14.78, 4.19, 
49.00, 55.99, 23.78, -29.27, -4.52, 36.78, -14.80, 4.19, 
50.00, 55.83, 24.49, -29.23, -4.51, 36.51, -14.82, 4.19, 
51.00, 55.73, 23.74, -29.03, -4.50, 36.25, -14.84, 4.19, 
52.00, 55.79, 23.39, -29.41, -4.50, 35.98, -14.86, 4.19, 
53.00, 55.76, 23.66, -29.17, -4.49, 35.72, -14.88, 4.19, 
54.00, 55.89, 22.00, -29.66, -4.48, 35.45, -14.90, 4.19, 
55.00, 55.85, 22.70, -29.37, -4.47, 35.19, -14.92, 4.19, 
56.00, 55.81, 21.39, -29.28, -4.46, 34.92, -14.94, 4.19, 
57.00, 55.50, 22.08, -28.98, -4.45, 34.66, -14.96, 4.19, 
58.00, 55.50, 21.37, -29.06, -4.44, 34.39, -14.98, 4.19, 
59.00, 55.85, 21.10, -28.91, -4.43, 34.13, -15.00, 4.19, 
60.00, 55.57, 21.26, -28.84, -4.42, 33.87, -15.02, 4.19, 
61.00, 55.84, 20.39, -29.32, -4.42, 33.60, -15.04, 4.19, 
62.00, 55.98, 20.49, -29.07, -4.41, 33.34, -15.06, 4.19, 
63.00, 56.37, 20.30, -29.09, -4.40, 33.07, -15.08, 4.18, 
64.00, 56.24, 19.73, -29.63, -4.39, 32.81, -15.10, 4.18, 
65.00, 56.14, 21.26, -29.36, -4.38, 32.54, -15.12, 4.18, 
66.00, 56.28, 19.41, -29.31, -4.37, 32.28, -15.14, 4.18, 
67.00, 56.08, 20.15, -29.75, -4.36, 32.01, -15.16, 4.18, 
68.00, 56.31, 19.44, -29.86, -4.35, 31.75, -15.18, 4.18, 
69.00, 55.96, 18.52, -29.96, -4.35, 31.48, -15.20, 4.18, 
70.00, 56.05, 20.07, -29.93, -4.34, 31.22, -15.22, 4.18, 
71.00, 56.18, 18.22, -29.85, -4.33, 30.95, -15.24, 4.18, 
72.00, 56.26, 18.12, -29.87, -4.32, 30.69, -15.26, 4.18, 
73.00, 56.70, 19.14, -28.96, -4.31, 30.43, -15.28, 4.18, 
74.00, 56.35, 16.63, -29.71, -4.30, 30.16, -15.30, 4.18, 
75.00, 56.53, 17.68, -29.81, -4.29, 29.90, -15.32, 4.18, 
76.00, 56.30, 17.67, -29.90, -4.28, 29.63, -15.34, 4.18, 
77.00, 56.12, 16.27, -30.00, -4.28, 29.37, -15.36, 4.18, 
78.00, 56.15, 17.70, -30.29, -4.27, 29.10, -15.38, 4.19, 
79.00, 56.21, 16.80, -30.35, -4.26, 28.84, -15.40, 4.18, 
80.00, 55.92, 16.37, -29.99, -4.25, 28.57, -15.42, 4.18, 
81.00, 56.00, 16.92, -30.15, -4.24, 28.31, -15.44, 4.18, 
82.00, 55.84, 14.76, -30.45, -4.23, 28.05, -15.46, 4.18, 
83.00, 56.06, 14.99, -30.38, -4.22, 27.78, -15.48, 4.18, 
84.00, 56.16, 14.05, -29.56, -4.21, 27.52, -15.50, 4.18, 
85.00, 56.50, 13.89, -29.28, -4.21, 27.25, -15.52, 4.18, 
86.00, 56.45, 14.73, -29.67, -4.20, 26.99, -15.54, 4.18, 
87.00, 56.45, 13.60, -29.94, -4.19, 26.72, -15.56, 4.18, 
88.00, 56.04, 14.68, -30.11, -4.18, 26.46, -15.58, 4.18, 
89.00, 56.41, 14.26, -29.98, -4.17, 26.20, -15.60, 4.18, 
90.00, 56.45, 12.83, -29.82, -4.16, 25.93, -15.62, 4.18, 
91.00, 56.28, 14.01, -29.90, -4.15, 25.67, -15.64, 4.18, 
92.00, 56.31, 12.51, -30.95, -4.14, 25.40, -15.66, 4.18, 
93.00, 56.17, 13.50, -30.23, -4.14, 25.14, -15.68, 4.18, 
94.00, 56.04, 11.39, -30.39, -4.13, 24.88, -15.70, 4.18, 
95.00, 56.01, 11.65, -30.57, -4.12, 24.61, -15.72, 4.18, 
96.00, 55.76, 11.79, -30.40, -4.11, 24.35, -15.74, 4.18, 
97.00, 55.93, 10.05, -30.73, -4.10, 24.08, -15.76, 4.18, 
98.00, 55.85, 12.06, -29.78, -4.09, 23.82, -15.78, 4.18, 
99.00, 55.97, 10.27, -30.07, -4.08, 23.56, -15.80, 4.18, 
100.00, 56.11, 10.78, -30.01, -4.07, 23.29, -15.82, 4.18, 
101.00, 56.30, 11.08, -30.52, -4.07, 23.03, -15.84, 4.18, 
102.00, 56.49, 9.46, -29.54, -4.06, 22.77, -15.86, 4.18, 
103.00, 56.45, 11.69, -30.22, -4.05, 22.50, -15.88, 4.18, 
104.00, 56.23, 9.70, -30.07, -4.04, 22.24, -15.90, 4.18, 
105.00, 56.12, 10.05, -30.01, -4.03, 21.97, -15.92, 4.18, 
106.00, 56.15, 8.07, -30.13, -4.02, 21.71, -15.94, 4.18, 
107.00, 56.36, 8.20, -29.94, -4.01, 21.45, -15.96, 4.18, 
108.00, 56.23, 8.74, -30.08, -4.00, 21.18, -15.98, 4.18, 
109.00, 56.16, 6.89, -29.96, -4.00, 20.92, -16.00, 4.18, 
110.00, 56.10, 9.27, -30.24, -3.99, 20.66, -16.02, 4.18, 
111.00, 56.29, 6.73, -29.44, -3.98, 20.39, -16.04, 4.18, 
112.00, 56.16, 7.60, -29.90, -3.97, 20.13, -16.06, 4.18, 
113.00, 56.22, 7.81, -29.86, -3.96, 19.87, -16.08, 4.18, 
114.00, 56.23, 7.14, -30.12, -3.95, 19.60, -16.10, 4.18, 
115.00, 56.49, 8.51, -30.03, -3.94, 19.34, -16.13, 4.17, 
116.00, 56.31, 6.73, -31.30, -3.94, 19.08, -16.15, 4.18, 
117.00, 56.37, 7.70, -30.37, -3.93, 18.81, -16.17, 4.18, 
118.00, 56.33, 5.52, -30.55, -3.92, 18.55, -16.19, 4.18, 
119.00, 56.12, 5.17, -30.30, -3.91, 18.29, -16.21, 4.17, 
120.00, 56.13, 5.83, -30.47, -3.90, 18.03, -16.23, 4.17, 
121.00, 56.34, 4.16, -30.43, -3.89, 17.76, -16.25, 4.17, 
122.00, 56.43, 5.93, -29.98, -3.88, 17.50, -16.27, 4.18, 
123.00, 56.57, 4.07, -30.24, -3.87, 17.24, -16.29, 4.18, 
124.00, 56.29, 5.55, -30.58, -3.87, 16.97, -16.31, 4.17, 
125.00, 56.08, 4.40, -30.92, -3.86, 16.71, -16.33, 4.17, 
126.00, 55.99, 3.66, -30.33, -3.85, 16.45, -16.35, 4.18, 
127.00, 55.98, 3.74, -30.81, -3.84, 16.19, -16.37, 4.18, 
128.00, 56.14, 2.63, -30.71, -3.83, 15.92, -16.39, 4.17, 
129.00, 56.03, 3.64, -30.18, -3.82, 15.66, -16.41, 4.17, 
130.00, 56.02, 2.03, -30.39, -3.81, 15.40, -16.43, 4.17, 
131.00, 56.16, 3.02, -30.38, -3.81, 15.14, -16.45, 4.18, 
132.00, 56.47, 2.91, -30.46, -3.80, 14.87, -16.47, 4.18, 
133.00, 56.41, 1.23, -30.79, -3.79, 14.61, -16.49, 4.17, 
134.00, 56.32, 3.38, -30.57, -3.78, 14.35, -16.52, 4.17, 
135.00, 56.09, 1.57, -30.59, -3.77, 14.09, -16.54, 4.17, 
136.00, 56.32, 2.35, -30.63, -3.76, 13.83, -16.56, 4.17, 
137.00, 56.30, 1.78, -30.81, -3.75, 13.56, -16.58, 4.17, 
138.00, 56.31, 0.51, -30.69, -3.75, 13.30, -16.60, 4.17, 
139.00, 56.47, 1.03, -30.76, -3.74, 13.04, -16.62, 4.17, 
140.00, 56.06, -0.38, -30.61, -3.73, 12.78, -16.64, 4.17, 
141.00, 56.26, 1.18, -30.48, -3.72, 12.52, -16.66, 4.17, 
142.00, 56.34, -0.84, -30.19, -3.71, 12.25, -16.68, 4.17, 
143.00, 56.38, -0.14, -30.50, -3.70, 11.99, -16.70, 4.17, 
144.00, 56.78, 0.63, -30.27, -3.69, 11.73, -16.72, 4.17, 
145.00, 56.29, -1.05, -30.65, -3.69, 11.47, -16.74, 4.17, 
146.00, 56.24, -0.74, -30.74, -3.68, 11.21, -16.76, 4.17, 
147.00, 56.52, -1.74, -30.74, -3.67, 10.95, -16.78, 4.17, 
148.00, 56.58, -2.21, -30.62, -3.66, 10.68, -16.80, 4.17, 
149.00, 56.56, -0.55, -31.08, -3.65, 10.42, -16.83, 4.17, 
150.00, 56.59, -1.61, -31.21, -3.64, 10.16, -16.85, 4.17, 
151.00, 56.55, -2.29, -30.80, -3.63, 9.90, -16.87, 4.17, 
152.00, 56.01, -2.39, -31.12, -3.63, 9.64, -16.89, 4.17, 
153.00, 56.51, -3.50, -31.33, -3.62, 9.38, -16.91, 4.17, 
154.00, 56.68, -2.20, -31.50, -3.61, 9.12, -16.93, 4.17, 
155.00, 56.44, -2.50, -31.37, -3.60, 8.86, -16.95, 4.17, 
156.00, 56.59, -4.53, -31.48, -3.59, 8.59, -16.97, 4.17, 
157.00, 56.84, -3.67, -31.05, -3.58, 8.33, -16.99, 4.17, 
158.00, 56.62, -5.24, -31.12, -3.58, 8.07, -17.01, 4.16, 
159.00, 56.56, -3.65, -31.83, -3.57, 7.81, -17.03, 4.17, 
160.00, 56.81, -4.16, -31.48, -3.56, 7.55, -17.06, 4.17, 
161.00, 56.57, -5.09, -31.19, -3.55, 7.29, -17.08, 4.16, 
162.00, 56.49, -4.85, -31.35, -3.54, 7.03, -17.10, 4.17, 
163.00, 56.52, -7.20, -31.29, -3.53, 6.77, -17.12, 4.17, 
164.00, 56.70, -5.08, -31.20, -3.52, 6.51, -17.14, 4.17, 
165.00, 56.53, -5.34, -30.91, -3.52, 6.25, -17.16, 4.16, 
166.00, 56.47, -7.04, -31.01, -3.51, 5.99, -17.18, 4.17, 
167.00, 56.77, -6.07, -31.29, -3.50, 5.73, -17.20, 4.17, 
168.00, 56.87, -7.14, -30.94, -3.49, 5.47, -17.22, 4.16, 
169.00, 56.79, -5.80, -31.43, -3.48, 5.21, -17.24, 4.17, 
170.00, 56.99, -6.94, -31.39, -3.47, 4.95, -17.26, 4.16, 
171.00, 56.85, -7.76, -30.88, -3.47, 4.69, -17.29, 4.17, 
172.00, 56.93, -7.11, -31.15, -3.46, 4.43, -17.31, 4.17, 
173.00, 56.86, -8.70, -31.18, -3.45, 4.17, -17.33, 4.16, 
174.00, 56.62, -7.25, -31.11, -3.44, 3.91, -17.35, 4.16, 
175.00, 56.68, -8.66, -31.22, -3.43, 3.65, -17.37, 4.17, 
176.00, 57.01, -9.36, -31.02, -3.42, 3.39, -17.39, 4.16, 
177.00, 57.06, -7.59, -31.01, -3.42, 3.13, -17.41, 4.17, 
178.00, 57.07, -9.83, -30.76, -3.41, 2.87, -17.43, 4.16, 
179.00, 57.15, -9.00, -31.11, -3.40, 2.61, -17.45, 4.16, 
180.00, 57.00, -8.97, -31.12, -3.39, 2.35, -17.48, 4.16, 
181.00, 56.99, -9.81, -30.94, -3.38, 2.09, -17.50, 4.16, 
182.00, 56.88, -9.57, -30.74, -3.37, 1.83, -17.52, 4.16, 
183.00, 56.84, -10.87, -30.85, -3.37, 1.57, -17.54, 4.16, 
184.00, 56.87, -10.32, -31.12, -3.36, 1.32, -17.56, 4.16, 
185.00, 56.90, -11.11, -31.36, -3.35, 1.06, -17.58, 4.16, 
186.00, 57.23, -11.83, -31.44, -3.34, 0.80, -17.60, 4.16, 
187.00, 56.69, -10.41, -31.68, -3.33, 0.54, -17.62, 4.16, 
188.00, 56.87, -12.50, -30.96, -3.32, 0.28, -17.65, 4.16, 
189.00, 57.02, -12.13, -31.32, -3.32, 0.02, -17.67, 4.16, 
190.00, 56.96, -10.68, -31.52, -3.31, -0.24, -17.69, 4.16, 
191.00, 56.95, -13.51, -31.91, -3.30, -0.49, -17.71, 4.16, 
192.00, 56.90, -12.35, -31.14, -3.29, -0.75, -17.73, 4.16, 
193.00, 56.95, -12.82, -31.13, -3.28, -1.01, -17.75, 4.16, 
194.00, 56.85, -13.38, -31.50, -3.27, -1.27, -17.77, 4.15, 
195.00, 57.08, -13.04, -31.47, -3.27, -1.53, -17.79, 4.16, 
196.00, 57.03, -13.67, -30.99, -3.26, -1.78, -17.82, 4.15, 
197.00, 57.16, -13.12, -31.09, -3.25, -2.04, -17.84, 4.16, 
198.00, 56.94, -15.19, -31.07, -3.24, -2.30, -17.86, 4.16, 
199.00, 57.00, -12.90, -31.55, -3.23, -2.56, -17.88, 4.16, 
200.00, 57.05, -13.70, -31.44, -3.22, -2.82, -17.90, 4.16, 
201.00, 57.04, -15.67, -31.45, -3.22, -3.07, -17.92, 4.16, 
202.00, 57.05, -14.22, -31.60, -3.21, -3.33, -17.94, 4.16, 
203.00, 57.24, -16.26, -31.96, -3.20, -3.59, -17.96, 4.16, 
204.00, 57.25, -16.00, -31.63, -3.19, -3.84, -17.99, 4.16, 
205.00, 57.19, -15.43, -31.63, -3.18, -4.10, -18.01, 4.15, 
206.00, 57.38, -16.48, -31.45, -3.18, -4.36, -18.03, 4.16, 
207.00, 57.34, -15.83, -31.53, -3.17, -4.62, -18.05, 4.15, 
208.00, 57.13, -16.61, -31.93, -3.16, -4.87, -18.07, 4.16, 
209.00, 57.54, -16.57, -31.70, -3.15, -5.13, -18.09, 4.15, 
210.00, 57.38, -16.90, -31.85, -3.14, -5.39, -18.11, 4.15, 
211.00, 57.48, -17.46, -32.03, -3.14, -5.64, -18.14, 4.15, 
212.00, 57.39, -17.38, -31.75, -3.13, -5.90, -18.16, 4.15, 
213.00, 57.73, -18.48, -31.44, -3.12, -6.16, -18.18, 4.15, 
214.00, 57.60, -17.88, -31.38, -3.11, -6.41, -18.20, 4.15, 
215.00, 57.60, -18.74, -31.48, -3.10, -6.67, -18.22, 4.15, 
216.00, 57.51, -18.81, -32.10, -3.09, -6.92, -18.24, 4.15, 
217.00, 58.05, -18.95, -31.61, -3.09, -7.18, -18.27, 4.15, 
218.00, 57.50, -19.32, -31.83, -3.08, -7.44, -18.29, 4.15, 
219.00, 57.03, -18.46, -31.78, -3.07, -7.69, -18.31, 4.15, 
220.00, 57.28, -19.64, -31.96, -3.06, -7.95, -18.33, 4.15, 
221.00, 57.47, -19.01, -31.81, -3.05, -8.20, -18.35, 4.15, 
222.00, 57.81, -20.48, -32.48, -3.05, -8.46, -18.37, 4.15, 
223.00, 57.85, -20.23, -32.48, -3.04, -8.71, -18.39, 4.15, 
224.00, 57.62, -19.88, -32.61, -3.03, -8.97, -18.42, 4.15, 
225.00, 57.75, -20.91, -32.36, -3.02, -9.22, -18.44, 4.15, 
226.00, 57.65, -20.58, -31.77, -3.01, -9.48, -18.46, 4.15, 
227.00, 57.74, -21.31, -31.68, -3.01, -9.73, -18.48, 4.15, 
228.00, 58.02, -20.90, -32.10, -3.00, -9.99, -18.50, 4.15, 
229.00, 57.71, -21.49, -31.64, -2.99, -10.24, -18.52, 4.14, 
230.00, 57.57, -21.60, -31.89, -2.98, -10.50, -18.55, 4.15, 
231.00, 57.39, -22.26, -32.20, -2.97, -10.75, -18.57, 4.15, 
232.00, 57.25, -22.86, -32.17, -2.97, -11.01, -18.59, 4.15, 
233.00, 57.39, -22.71, -32.04, -2.96, -11.26, -18.61, 4.15, 
234.00, 57.31, -22.92, -32.27, -2.95, -11.52, -18.63, 4.15, 
235.00, 57.29, -23.17, -31.85, -2.94, -11.77, -18.66, 4.15, 
236.00, 57.24, -23.76, -32.10, -2.93, -12.02, -18.68, 4.15, 
237.00, 57.43, -23.92, -31.74, -2.93, -12.28, -18.70, 4.15, 
238.00, 57.34, -24.38, -32.09, -2.92, -12.53, -18.72, 4.15, 
239.00, 57.40, -24.18, -32.12, -2.91, -12.78, -18.74, 4.15, 
240.00, 57.57, -24.48, -32.16, -2.90, -13.04, -18.76, 4.14, 
241.00, 57.42, -24.57, -32.29, -2.90, -13.29, -18.79, 4.14, 
242.00, 57.62, -24.69, -31.88, -2.89, -13.54, -18.81, 4.14, 
243.00, 57.49, -25.27, -32.29, -2.88, -13.80, -18.83, 4.14, 
244.00, 57.69, -25.33, -32.43, -2.87, -14.05, -18.85, 4.14, 
245.00, 57.76, -25.58, -32.56, -2.86, -14.30, -18.87, 4.14, 
246.00, 57.73, -25.84, -32.46, -2.86, -14.56, -18.89, 4.14, 
247.00, 57.84, -26.30, -32.24, -2.85, -14.81, -18.92, 4.14, 
248.00, 57.66, -26.26, -32.50, -2.84, -15.06, -18.94, 4.14, 
249.00, 57.84, -26.82, -32.48, -2.83, -15.31, -18.96, 4.14, 
250.00, 57.78, -27.09, -32.75, -2.82, -15.57, -18.98, 4.14, 
251.00, 57.81, -27.52, -32.41, -2.82, -15.82, -19.00, 4.14, 
252.00, 57.67, -27.69, -32.54, -2.81, -16.07, -19.03, 4.14, 
253.00, 57.71, -28.18, -32.56, -2.80, -16.32, -19.05, 4.14, 
254.00, 57.80, -28.09, -32.76, -2.79, -16.58, -19.07, 4.14, 
255.00, 57.97, -28.13, -32.47, -2.79, -16.83, -19.09, 4.14, 
