---START---
-255.00, 58.68, 73.54, -43.41, -7.07, 115.05, -9.40, 4.00, 
-254.00, 48.02, 80.79, -35.12, -7.06, 114.81, -9.42, 3.99, 
-253.00, 48.16, 80.65, -35.18, -7.05, 114.57, -9.43, 3.98, 
-252.00, 48.23, 80.49, -35.10, -7.05, 114.33, -9.45, 3.98, 
-251.00, 48.20, 80.21, -35.33, -7.04, 114.08, -9.46, 3.98, 
-250.00, 47.94, 80.32, -35.12, -7.03, 113.84, -9.48, 3.98, 
-249.00, 47.99, 80.16, -34.93, -7.02, 113.60, -9.49, 3.98, 
-248.00, 47.95, 79.32, -34.88, -7.02, 113.36, -9.51, 3.98, 
-247.00, 48.30, 79.39, -34.86, -7.01, 113.11, -9.53, 3.98, 
-246.00, 48.22, 78.79, -34.62, -7.00, 112.87, -9.54, 3.99, 
-245.00, 48.26, 78.95, -34.63, -6.99, 112.63, -9.56, 3.99, 
-244.00, 48.05, 78.81, -34.63, -6.99, 112.38, -9.57, 3.99, 
-243.00, 48.22, 78.27, -34.47, -6.98, 112.14, -9.59, 3.99, 
-242.00, 48.10, 78.29, -34.59, -6.97, 111.90, -9.61, 3.98, 
-241.00, 48.11, 77.97, -34.39, -6.96, 111.65, -9.62, 3.99, 
-240.00, 48.08, 77.89, -34.05, -6.96, 111.41, -9.64, 3.99, 
-239.00, 47.87, 77.77, -34.25, -6.95, 111.17, -9.65, 3.99, 
-238.00, 47.99, 76.50, -34.17, -6.94, 110.92, -9.67, 3.99, 
-237.00, 47.81, 76.62, -34.26, -6.93, 110.68, -9.69, 3.99, 
-236.00, 48.02, 76.59, -34.80, -6.93, 110.43, -9.70, 3.99, 
-235.00, 47.82, 76.52, -34.55, -6.92, 110.19, -9.72, 3.99, 
-234.00, 47.92, 75.97, -34.35, -6.91, 109.94, -9.73, 3.99, 
-233.00, 47.90, 75.36, -35.04, -6.90, 109.70, -9.75, 3.99, 
-232.00, 47.75, 76.03, -34.50, -6.90, 109.45, -9.77, 3.99, 
-231.00, 47.90, 75.51, -34.43, -6.89, 109.21, -9.78, 3.99, 
-230.00, 48.05, 76.30, -34.52, -6.88, 108.96, -9.80, 3.99, 
-229.00, 48.28, 75.36, -34.27, -6.87, 108.72, -9.82, 3.99, 
-228.00, 48.09, 74.87, -34.29, -6.87, 108.47, -9.83, 3.99, 
-227.00, 47.93, 74.71, -34.72, -6.86, 108.22, -9.85, 3.99, 
-226.00, 48.12, 74.24, -34.71, -6.85, 107.98, -9.86, 3.99, 
-225.00, 47.77, 73.97, -34.80, -6.84, 107.73, -9.88, 3.99, 
-224.00, 47.80, 74.53, -34.86, -6.84, 107.49, -9.90, 3.99, 
-223.00, 47.97, 73.70, -35.15, -6.83, 107.24, -9.91, 3.99, 
-222.00, 48.02, 73.18, -35.17, -6.82, 106.99, -9.93, 3.99, 
-221.00, 48.11, 73.32, -35.24, -6.81, 106.75, -9.95, 3.99, 
-220.00, 47.92, 73.01, -35.01, -6.81, 106.50, -9.96, 3.99, 
-219.00, 48.16, 73.43, -34.37, -6.80, 106.25, -9.98, 3.99, 
-218.00, 48.11, 72.58, -34.19, -6.79, 106.00, -9.99, 3.99, 
-217.00, 48.41, 71.87, -34.43, -6.78, 105.76, -10.01, 3.98, 
-216.00, 48.15, 72.41, -34.64, -6.77, 105.51, -10.03, 3.99, 
-215.00, 48.33, 71.49, -34.85, -6.77, 105.26, -10.04, 3.99, 
-214.00, 48.15, 71.23, -34.49, -6.76, 105.01, -10.06, 3.99, 
-213.00, 48.32, 71.09, -34.61, -6.75, 104.77, -10.08, 3.99, 
-212.00, 48.12, 70.26, -34.35, -6.74, 104.52, -10.09, 4.00, 
-211.00, 47.92, 70.27, -34.70, -6.74, 104.27, -10.11, 4.00, 
-210.00, 47.83, 70.93, -34.61, -6.73, 104.02, -10.13, 4.00, 
-209.00, 48.07, 70.16, -34.92, -6.72, 103.77, -10.14, 4.00, 
-208.00, 48.15, 71.13, -34.95, -6.71, 103.53, -10.16, 4.00, 
-207.00, 48.30, 70.25, -34.67, -6.71, 103.28, -10.17, 4.00, 
-206.00, 48.13, 69.48, -34.80, -6.70, 103.03, -10.19, 4.00, 
-205.00, 48.25, 70.42, -34.37, -6.69, 102.78, -10.21, 3.99, 
-204.00, 48.09, 69.05, -34.48, -6.68, 102.53, -10.22, 3.99, 
-203.00, 48.30, 68.87, -34.34, -6.67, 102.28, -10.24, 4.00, 
-202.00, 48.23, 69.64, -34.67, -6.67, 102.03, -10.26, 4.00, 
-201.00, 48.06, 68.39, -34.52, -6.66, 101.78, -10.27, 4.00, 
-200.00, 47.98, 69.47, -34.79, -6.65, 101.53, -10.29, 4.00, 
-199.00, 47.81, 68.37, -35.12, -6.64, 101.28, -10.31, 4.00, 
-198.00, 48.43, 67.47, -35.07, -6.63, 101.03, -10.32, 4.00, 
-197.00, 48.45, 68.65, -34.91, -6.63, 100.78, -10.34, 3.99, 
-196.00, 48.44, 66.90, -35.03, -6.62, 100.53, -10.36, 3.99, 
-195.00, 48.54, 67.43, -35.00, -6.61, 100.28, -10.37, 3.99, 
-194.00, 48.64, 66.72, -34.90, -6.60, 100.03, -10.39, 4.00, 
-193.00, 48.16, 66.18, -35.00, -6.60, 99.78, -10.41, 4.00, 
-192.00, 48.20, 67.90, -34.92, -6.59, 99.53, -10.42, 4.00, 
-191.00, 48.54, 66.54, -35.45, -6.58, 99.28, -10.44, 4.00, 
-190.00, 48.36, 66.13, -35.19, -6.57, 99.03, -10.46, 4.00, 
-189.00, 48.47, 66.97, -35.40, -6.56, 98.78, -10.47, 4.00, 
-188.00, 48.27, 64.97, -34.98, -6.56, 98.53, -10.49, 3.99, 
-187.00, 48.48, 64.95, -35.36, -6.55, 98.28, -10.51, 3.99, 
-186.00, 48.62, 65.77, -34.94, -6.54, 98.02, -10.52, 4.00, 
-185.00, 48.78, 64.56, -35.30, -6.53, 97.77, -10.54, 4.00, 
-184.00, 48.55, 66.05, -35.19, -6.52, 97.52, -10.56, 4.00, 
-183.00, 48.59, 64.89, -35.05, -6.52, 97.27, -10.57, 4.00, 
-182.00, 48.41, 63.87, -35.21, -6.51, 97.02, -10.59, 4.00, 
-181.00, 48.16, 64.14, -34.83, -6.50, 96.77, -10.61, 4.00, 
-180.00, 48.41, 63.10, -34.83, -6.49, 96.51, -10.62, 4.00, 
-179.00, 48.60, 63.64, -34.97, -6.48, 96.26, -10.64, 4.00, 
-178.00, 48.31, 63.65, -34.44, -6.48, 96.01, -10.66, 4.01, 
-177.00, 48.19, 63.52, -34.82, -6.47, 95.76, -10.67, 4.00, 
-176.00, 48.36, 64.38, -34.88, -6.46, 95.50, -10.69, 4.00, 
-175.00, 48.22, 62.21, -34.86, -6.45, 95.25, -10.71, 4.00, 
-174.00, 48.30, 62.60, -34.92, -6.44, 95.00, -10.73, 4.01, 
-173.00, 48.40, 61.41, -35.06, -6.44, 94.75, -10.74, 4.01, 
-172.00, 48.78, 61.31, -34.85, -6.43, 94.49, -10.76, 4.00, 
-171.00, 48.49, 62.43, -35.02, -6.42, 94.24, -10.78, 4.00, 
-170.00, 48.55, 61.55, -34.78, -6.41, 93.99, -10.79, 4.00, 
-169.00, 48.29, 62.01, -35.02, -6.40, 93.73, -10.81, 4.01, 
-168.00, 48.24, 61.76, -35.07, -6.39, 93.48, -10.83, 4.01, 
-167.00, 48.46, 60.03, -34.76, -6.39, 93.23, -10.84, 4.00, 
-166.00, 48.43, 60.88, -34.68, -6.38, 92.97, -10.86, 4.00, 
-165.00, 48.59, 60.16, -35.07, -6.37, 92.72, -10.88, 4.01, 
-164.00, 48.53, 60.42, -35.12, -6.36, 92.47, -10.90, 4.01, 
-163.00, 48.51, 60.82, -34.83, -6.35, 92.21, -10.91, 4.01, 
-162.00, 48.65, 58.91, -35.36, -6.35, 91.96, -10.93, 4.00, 
-161.00, 48.37, 59.44, -35.19, -6.34, 91.70, -10.95, 4.00, 
-160.00, 48.30, 58.79, -35.21, -6.33, 91.45, -10.96, 4.01, 
-159.00, 48.23, 58.99, -35.63, -6.32, 91.19, -10.98, 4.01, 
-158.00, 48.42, 59.73, -35.12, -6.31, 90.94, -11.00, 4.00, 
-157.00, 48.58, 58.03, -35.47, -6.30, 90.69, -11.01, 4.00, 
-156.00, 47.91, 58.47, -35.25, -6.30, 90.43, -11.03, 4.01, 
-155.00, 48.49, 57.60, -34.87, -6.29, 90.18, -11.05, 4.01, 
-154.00, 48.25, 57.30, -35.05, -6.28, 89.92, -11.07, 4.01, 
-153.00, 48.25, 58.46, -34.74, -6.27, 89.67, -11.08, 4.00, 
-152.00, 48.44, 57.35, -35.09, -6.26, 89.41, -11.10, 4.01, 
-151.00, 48.49, 56.66, -35.39, -6.26, 89.16, -11.12, 4.01, 
-150.00, 48.62, 56.87, -35.04, -6.25, 88.90, -11.13, 4.00, 
-149.00, 48.77, 55.71, -34.83, -6.24, 88.64, -11.15, 4.00, 
-148.00, 48.31, 57.79, -34.90, -6.23, 88.39, -11.17, 4.01, 
-147.00, 48.55, 56.73, -35.06, -6.22, 88.13, -11.19, 4.01, 
-146.00, 48.50, 55.78, -35.46, -6.21, 87.88, -11.20, 4.00, 
-145.00, 48.64, 55.96, -35.43, -6.21, 87.62, -11.22, 4.01, 
-144.00, 48.64, 54.36, -35.45, -6.20, 87.37, -11.24, 4.01, 
-143.00, 48.38, 56.26, -35.35, -6.19, 87.11, -11.26, 4.01, 
-142.00, 48.54, 55.51, -35.63, -6.18, 86.85, -11.27, 4.01, 
-141.00, 48.73, 55.42, -35.41, -6.17, 86.60, -11.29, 4.01, 
-140.00, 48.98, 55.47, -35.71, -6.16, 86.34, -11.31, 4.01, 
-139.00, 48.90, 52.98, -35.80, -6.16, 86.08, -11.32, 4.01, 
-138.00, 49.17, 55.52, -35.62, -6.15, 85.83, -11.34, 4.01, 
-137.00, 49.17, 54.53, -35.36, -6.14, 85.57, -11.36, 4.01, 
-136.00, 49.09, 53.50, -35.45, -6.13, 85.31, -11.38, 4.01, 
-135.00, 49.10, 53.74, -35.19, -6.12, 85.06, -11.39, 4.01, 
-134.00, 49.23, 52.12, -35.17, -6.11, 84.80, -11.41, 4.02, 
-133.00, 49.24, 53.81, -35.09, -6.11, 84.54, -11.43, 4.01, 
-132.00, 48.97, 52.65, -35.45, -6.10, 84.29, -11.45, 4.01, 
-131.00, 48.81, 51.88, -35.34, -6.09, 84.03, -11.46, 4.02, 
-130.00, 48.71, 52.89, -35.23, -6.08, 83.77, -11.48, 4.01, 
-129.00, 48.80, 51.71, -35.32, -6.07, 83.51, -11.50, 4.01, 
-128.00, 48.71, 53.47, -35.61, -6.06, 83.26, -11.52, 4.01, 
-127.00, 48.91, 52.41, -35.78, -6.06, 83.00, -11.53, 4.02, 
-126.00, 48.87, 50.80, -35.78, -6.05, 82.74, -11.55, 4.01, 
-125.00, 49.21, 51.50, -35.50, -6.04, 82.48, -11.57, 4.01, 
-124.00, 49.16, 50.79, -35.35, -6.03, 82.23, -11.59, 4.02, 
-123.00, 49.27, 51.52, -35.41, -6.02, 81.97, -11.60, 4.01, 
-122.00, 49.19, 50.56, -35.27, -6.01, 81.71, -11.62, 4.02, 
-121.00, 49.18, 49.11, -35.85, -6.01, 81.45, -11.64, 4.01, 
-120.00, 49.01, 51.73, -35.86, -6.00, 81.19, -11.66, 4.01, 
-119.00, 49.21, 50.05, -35.44, -5.99, 80.94, -11.67, 4.02, 
-118.00, 49.18, 49.69, -35.97, -5.98, 80.68, -11.69, 4.01, 
-117.00, 48.87, 49.21, -35.78, -5.97, 80.42, -11.71, 4.01, 
-116.00, 49.03, 49.20, -35.36, -5.96, 80.16, -11.73, 4.02, 
-115.00, 48.94, 50.25, -35.31, -5.95, 79.90, -11.74, 4.01, 
-114.00, 49.13, 47.65, -35.40, -5.95, 79.64, -11.76, 4.02, 
-113.00, 49.37, 48.15, -35.69, -5.94, 79.38, -11.78, 4.01, 
-112.00, 49.19, 46.99, -35.94, -5.93, 79.13, -11.80, 4.01, 
-111.00, 49.09, 48.54, -36.13, -5.92, 78.87, -11.82, 4.02, 
-110.00, 49.30, 48.90, -36.08, -5.91, 78.61, -11.83, 4.01, 
-109.00, 48.99, 47.04, -35.92, -5.90, 78.35, -11.85, 4.01, 
-108.00, 48.97, 48.04, -35.93, -5.90, 78.09, -11.87, 4.02, 
-107.00, 49.05, 46.26, -35.75, -5.89, 77.83, -11.89, 4.01, 
-106.00, 48.65, 48.23, -35.22, -5.88, 77.57, -11.90, 4.02, 
-105.00, 48.98, 46.71, -35.36, -5.87, 77.31, -11.92, 4.01, 
-104.00, 48.77, 47.19, -35.40, -5.86, 77.05, -11.94, 4.01, 
-103.00, 49.20, 46.00, -35.45, -5.85, 76.79, -11.96, 4.02, 
-102.00, 49.25, 46.27, -35.90, -5.84, 76.53, -11.98, 4.02, 
-101.00, 49.38, 47.49, -35.89, -5.84, 76.27, -11.99, 4.02, 
-100.00, 49.09, 45.76, -36.21, -5.83, 76.01, -12.01, 4.01, 
-99.00, 49.18, 46.20, -36.16, -5.82, 75.75, -12.03, 4.02, 
-98.00, 49.10, 44.23, -36.06, -5.81, 75.49, -12.05, 4.01, 
-97.00, 49.25, 46.32, -36.38, -5.80, 75.23, -12.06, 4.02, 
-96.00, 49.27, 43.96, -36.19, -5.79, 74.97, -12.08, 4.02, 
-95.00, 49.33, 44.62, -36.21, -5.78, 74.71, -12.10, 4.02, 
-94.00, 49.42, 44.04, -36.24, -5.78, 74.45, -12.12, 4.02, 
-93.00, 49.55, 43.22, -36.11, -5.77, 74.19, -12.14, 4.02, 
-92.00, 49.75, 43.73, -35.90, -5.76, 73.93, -12.15, 4.02, 
-91.00, 49.26, 42.22, -36.02, -5.75, 73.67, -12.17, 4.02, 
-90.00, 49.42, 43.60, -35.71, -5.74, 73.41, -12.19, 4.02, 
-89.00, 49.54, 42.07, -36.07, -5.73, 73.15, -12.21, 4.02, 
-88.00, 49.24, 42.99, -36.35, -5.72, 72.89, -12.23, 4.02, 
-87.00, 49.77, 42.56, -35.94, -5.72, 72.63, -12.24, 4.02, 
-86.00, 49.71, 41.45, -35.96, -5.71, 72.37, -12.26, 4.02, 
-85.00, 49.82, 42.92, -35.62, -5.70, 72.11, -12.28, 4.02, 
-84.00, 49.68, 41.08, -35.80, -5.69, 71.85, -12.30, 4.02, 
-83.00, 49.70, 42.22, -35.73, -5.68, 71.59, -12.32, 4.02, 
-82.00, 49.75, 41.35, -36.04, -5.67, 71.33, -12.33, 4.02, 
-81.00, 49.44, 41.55, -36.26, -5.66, 71.06, -12.35, 4.02, 
-80.00, 49.51, 42.16, -36.45, -5.66, 70.80, -12.37, 4.02, 
-79.00, 49.63, 40.84, -36.16, -5.65, 70.54, -12.39, 4.03, 
-78.00, 49.57, 41.65, -36.96, -5.64, 70.28, -12.41, 4.02, 
-77.00, 49.68, 40.31, -36.45, -5.63, 70.02, -12.42, 4.02, 
-76.00, 49.68, 40.86, -36.26, -5.62, 69.76, -12.44, 4.02, 
-75.00, 49.53, 41.27, -36.57, -5.61, 69.50, -12.46, 4.02, 
-74.00, 49.54, 39.42, -36.09, -5.60, 69.23, -12.48, 4.02, 
-73.00, 49.51, 40.12, -36.22, -5.59, 68.97, -12.50, 4.02, 
-72.00, 49.24, 38.27, -36.47, -5.59, 68.71, -12.51, 4.02, 
-71.00, 49.34, 39.35, -36.27, -5.58, 68.45, -12.53, 4.02, 
-70.00, 49.25, 38.77, -36.01, -5.57, 68.19, -12.55, 4.02, 
-69.00, 49.34, 38.53, -36.12, -5.56, 67.93, -12.57, 4.02, 
-68.00, 49.34, 38.66, -36.08, -5.55, 67.66, -12.59, 4.02, 
-67.00, 49.43, 37.25, -35.78, -5.54, 67.40, -12.61, 4.02, 
-66.00, 49.71, 38.28, -36.05, -5.53, 67.14, -12.62, 4.02, 
-65.00, 49.49, 36.65, -36.09, -5.53, 66.88, -12.64, 4.02, 
-64.00, 49.39, 37.66, -36.36, -5.52, 66.62, -12.66, 4.02, 
-63.00, 49.94, 36.81, -35.94, -5.51, 66.35, -12.68, 4.02, 
-62.00, 49.54, 36.38, -35.90, -5.50, 66.09, -12.70, 4.02, 
-61.00, 49.70, 37.12, -35.84, -5.49, 65.83, -12.72, 4.02, 
-60.00, 49.43, 35.74, -36.05, -5.48, 65.57, -12.73, 4.02, 
-59.00, 49.81, 36.62, -36.26, -5.47, 65.30, -12.75, 4.02, 
-58.00, 50.04, 35.38, -36.29, -5.46, 65.04, -12.77, 4.02, 
-57.00, 49.97, 35.67, -36.75, -5.46, 64.78, -12.79, 4.02, 
-56.00, 49.66, 35.81, -35.67, -5.45, 64.52, -12.81, 4.02, 
-55.00, 49.74, 34.86, -35.80, -5.44, 64.25, -12.83, 4.03, 
-54.00, 49.57, 35.49, -36.28, -5.43, 63.99, -12.84, 4.03, 
-53.00, 49.68, 34.47, -36.58, -5.42, 63.73, -12.86, 4.02, 
-52.00, 49.74, 34.60, -36.65, -5.41, 63.47, -12.88, 4.02, 
-51.00, 49.61, 34.57, -36.48, -5.40, 63.20, -12.90, 4.02, 
-50.00, 49.77, 34.06, -36.75, -5.39, 62.94, -12.92, 4.02, 
-49.00, 49.60, 34.45, -36.71, -5.39, 62.68, -12.94, 4.02, 
-48.00, 49.52, 33.37, -36.02, -5.38, 62.42, -12.95, 4.02, 
-47.00, 49.58, 33.93, -35.88, -5.37, 62.15, -12.97, 4.02, 
-46.00, 49.91, 33.27, -36.03, -5.36, 61.89, -12.99, 4.02, 
-45.00, 49.63, 33.25, -36.63, -5.35, 61.63, -13.01, 4.02, 
-44.00, 49.54, 33.48, -36.16, -5.34, 61.36, -13.03, 4.02, 
-43.00, 49.60, 32.37, -36.19, -5.33, 61.10, -13.05, 4.02, 
-42.00, 49.66, 33.40, -36.16, -5.32, 60.84, -13.07, 4.02, 
-41.00, 49.79, 31.70, -36.02, -5.32, 60.57, -13.08, 4.03, 
-40.00, 49.57, 32.89, -36.11, -5.31, 60.31, -13.10, 4.02, 
-39.00, 49.69, 32.18, -36.65, -5.30, 60.05, -13.12, 4.02, 
-38.00, 49.80, 31.70, -36.38, -5.29, 59.78, -13.14, 4.02, 
-37.00, 49.74, 32.00, -36.57, -5.28, 59.52, -13.16, 4.02, 
-36.00, 49.74, 30.37, -36.63, -5.27, 59.26, -13.18, 4.02, 
-35.00, 49.43, 31.45, -36.64, -5.26, 58.99, -13.20, 4.02, 
-34.00, 49.37, 30.42, -36.90, -5.25, 58.73, -13.21, 4.02, 
-33.00, 49.29, 30.16, -36.77, -5.25, 58.47, -13.23, 4.03, 
-32.00, 49.43, 30.99, -36.55, -5.24, 58.20, -13.25, 4.02, 
-31.00, 49.45, 29.49, -36.67, -5.23, 57.94, -13.27, 4.02, 
-30.00, 49.38, 29.68, -36.54, -5.22, 57.68, -13.29, 4.02, 
-29.00, 49.47, 29.44, -36.29, -5.21, 57.41, -13.31, 4.02, 
-28.00, 49.57, 29.34, -36.55, -5.20, 57.15, -13.33, 4.02, 
-27.00, 49.60, 29.24, -36.73, -5.19, 56.88, -13.35, 4.02, 
-26.00, 49.50, 28.50, -37.00, -5.18, 56.62, -13.36, 4.02, 
-25.00, 49.53, 28.75, -36.93, -5.18, 56.36, -13.38, 4.03, 
-24.00, 49.76, 27.81, -37.59, -5.17, 56.09, -13.40, 4.02, 
-23.00, 49.63, 28.32, -36.78, -5.16, 55.83, -13.42, 4.02, 
-22.00, 49.38, 27.84, -37.67, -5.15, 55.57, -13.44, 4.02, 
-21.00, 49.72, 27.53, -37.62, -5.14, 55.30, -13.46, 4.03, 
-20.00, 49.72, 27.62, -37.82, -5.13, 55.04, -13.48, 4.02, 
-19.00, 49.93, 27.40, -37.38, -5.12, 54.77, -13.50, 4.03, 
-18.00, 49.69, 27.49, -37.29, -5.11, 54.51, -13.51, 4.02, 
-17.00, 50.02, 27.20, -37.65, -5.10, 54.25, -13.53, 4.03, 
-16.00, 50.06, 26.64, -37.87, -5.10, 53.98, -13.55, 4.03, 
-15.00, 49.98, 26.21, -37.80, -5.09, 53.72, -13.57, 4.03, 
-14.00, 49.89, 26.23, -37.99, -5.08, 53.45, -13.59, 4.03, 
-13.00, 49.85, 26.08, -37.59, -5.07, 53.19, -13.61, 4.03, 
-12.00, 49.81, 25.60, -37.84, -5.06, 52.92, -13.63, 4.03, 
-11.00, 50.01, 25.56, -37.74, -5.05, 52.66, -13.65, 4.03, 
-10.00, 49.82, 24.79, -37.54, -5.04, 52.40, -13.67, 4.03, 
-9.00, 49.93, 24.74, -37.48, -5.03, 52.13, -13.68, 4.03, 
-8.00, 50.00, 24.26, -36.94, -5.03, 51.87, -13.70, 4.03, 
-7.00, 49.69, 24.02, -37.10, -5.02, 51.60, -13.72, 4.03, 
-6.00, 49.89, 24.38, -37.54, -5.01, 51.34, -13.74, 4.03, 
-5.00, 49.66, 23.93, -37.04, -5.00, 51.07, -13.76, 4.03, 
-4.00, 49.64, 23.62, -37.32, -4.99, 50.81, -13.78, 4.03, 
-3.00, 49.72, 23.24, -37.21, -4.98, 50.55, -13.80, 4.03, 
-2.00, 49.68, 22.77, -37.60, -4.97, 50.28, -13.82, 4.03, 
-1.00, 49.47, 22.90, -37.30, -4.96, 50.02, -13.84, 4.03, 
0.00, 49.66, 22.57, -36.76, -4.95, 49.75, -13.86, 4.03, 
1.00, 49.75, 22.54, -37.08, -4.95, 49.49, -13.87, 4.03, 
2.00, 49.48, 22.38, -37.22, -4.94, 49.22, -13.89, 4.03, 
3.00, 49.42, 21.76, -37.60, -4.93, 48.96, -13.91, 4.02, 
4.00, 49.47, 21.63, -37.47, -4.92, 48.69, -13.93, 4.03, 
5.00, 49.59, 21.79, -37.30, -4.91, 48.43, -13.95, 4.03, 
6.00, 49.66, 21.45, -36.63, -4.90, 48.16, -13.97, 4.03, 
7.00, 49.68, 21.16, -36.93, -4.89, 47.90, -13.99, 4.03, 
8.00, 49.45, 21.30, -36.83, -4.88, 47.63, -14.01, 4.03, 
9.00, 49.76, 20.55, -37.83, -4.88, 47.37, -14.03, 4.03, 
10.00, 49.34, 20.41, -38.09, -4.87, 47.11, -14.05, 4.03, 
11.00, 49.61, 20.17, -38.23, -4.86, 46.84, -14.07, 4.03, 
12.00, 49.54, 20.23, -38.12, -4.85, 46.58, -14.09, 4.03, 
13.00, 49.80, 19.91, -37.92, -4.84, 46.31, -14.10, 4.03, 
14.00, 49.75, 19.38, -38.11, -4.83, 46.05, -14.12, 4.03, 
15.00, 49.81, 19.46, -38.01, -4.82, 45.78, -14.14, 4.03, 
16.00, 49.97, 19.04, -38.36, -4.81, 45.52, -14.16, 4.03, 
17.00, 50.07, 18.66, -38.33, -4.80, 45.25, -14.18, 4.03, 
18.00, 50.24, 18.51, -37.99, -4.80, 44.99, -14.20, 4.03, 
19.00, 49.76, 18.42, -38.21, -4.79, 44.72, -14.22, 4.03, 
20.00, 49.77, 18.44, -38.20, -4.78, 44.46, -14.24, 4.02, 
21.00, 50.01, 17.74, -38.28, -4.77, 44.19, -14.26, 4.02, 
22.00, 50.05, 17.58, -38.39, -4.76, 43.93, -14.28, 4.02, 
23.00, 49.92, 17.31, -37.96, -4.75, 43.66, -14.30, 4.03, 
24.00, 49.66, 17.43, -38.05, -4.74, 43.40, -14.32, 4.03, 
25.00, 49.66, 16.94, -38.09, -4.73, 43.13, -14.34, 4.03, 
26.00, 49.63, 16.70, -37.74, -4.72, 42.87, -14.36, 4.03, 
27.00, 49.52, 16.75, -37.80, -4.72, 42.60, -14.37, 4.02, 
28.00, 49.68, 15.99, -37.92, -4.71, 42.34, -14.39, 4.02, 
29.00, 49.79, 16.87, -38.06, -4.70, 42.07, -14.41, 4.02, 
30.00, 50.21, 14.78, -38.34, -4.69, 41.81, -14.43, 4.02, 
31.00, 50.01, 15.83, -38.53, -4.68, 41.54, -14.45, 4.03, 
32.00, 50.11, 14.80, -37.76, -4.67, 41.28, -14.47, 4.02, 
33.00, 50.19, 14.71, -38.37, -4.66, 41.02, -14.49, 4.02, 
34.00, 50.24, 15.41, -38.20, -4.65, 40.75, -14.51, 4.02, 
35.00, 50.27, 14.48, -38.41, -4.65, 40.49, -14.53, 4.02, 
36.00, 50.14, 14.82, -37.91, -4.64, 40.22, -14.55, 4.02, 
37.00, 49.82, 13.90, -38.58, -4.63, 39.96, -14.57, 4.02, 
38.00, 49.70, 14.74, -38.54, -4.62, 39.69, -14.59, 4.02, 
39.00, 50.08, 13.76, -38.48, -4.61, 39.43, -14.61, 4.02, 
40.00, 49.96, 13.75, -38.14, -4.60, 39.16, -14.63, 4.02, 
41.00, 49.88, 13.61, -38.45, -4.59, 38.90, -14.65, 4.02, 
42.00, 49.73, 13.14, -38.32, -4.58, 38.63, -14.67, 4.02, 
43.00, 49.77, 13.68, -38.06, -4.57, 38.37, -14.69, 4.02, 
44.00, 49.93, 12.69, -37.63, -4.57, 38.10, -14.71, 4.03, 
45.00, 49.89, 13.10, -38.24, -4.56, 37.84, -14.73, 4.02, 
46.00, 49.88, 11.38, -37.53, -4.55, 37.57, -14.74, 4.03, 
47.00, 49.64, 12.24, -37.88, -4.54, 37.31, -14.76, 4.02, 
48.00, 50.06, 11.95, -37.72, -4.53, 37.04, -14.78, 4.02, 
49.00, 49.85, 11.13, -37.96, -4.52, 36.78, -14.80, 4.02, 
50.00, 49.86, 11.03, -38.02, -4.51, 36.51, -14.82, 4.02, 
51.00, 49.80, 10.49, -38.07, -4.50, 36.25, -14.84, 4.02, 
52.00, 49.67, 12.00, -37.81, -4.50, 35.98, -14.86, 4.02, 
53.00, 49.80, 10.10, -38.28, -4.49, 35.72, -14.88, 4.02, 
54.00, 49.96, 9.93, -38.24, -4.48, 35.45, -14.90, 4.02, 
55.00, 50.04, 10.10, -37.95, -4.47, 35.19, -14.92, 4.02, 
56.00, 50.36, 8.87, -38.20, -4.46, 34.92, -14.94, 4.02, 
57.00, 50.23, 9.57, -38.45, -4.45, 34.66, -14.96, 4.02, 
58.00, 49.98, 9.18, -38.39, -4.44, 34.39, -14.98, 4.02, 
59.00, 50.21, 9.58, -38.29, -4.43, 34.13, -15.00, 4.02, 
60.00, 49.95, 7.77, -37.77, -4.42, 33.87, -15.02, 4.02, 
61.00, 50.42, 8.48, -38.01, -4.42, 33.60, -15.04, 4.02, 
62.00, 49.92, 9.04, -37.73, -4.41, 33.34, -15.06, 4.02, 
63.00, 49.84, 7.05, -38.19, -4.40, 33.07, -15.08, 4.02, 
64.00, 50.06, 8.82, -37.94, -4.39, 32.81, -15.10, 4.02, 
65.00, 49.94, 7.67, -37.88, -4.38, 32.54, -15.12, 4.02, 
66.00, 49.99, 7.90, -37.80, -4.37, 32.28, -15.14, 4.03, 
67.00, 50.23, 6.40, -38.01, -4.36, 32.01, -15.16, 4.02, 
68.00, 50.35, 6.98, -38.39, -4.35, 31.75, -15.18, 4.03, 
69.00, 50.02, 7.11, -38.33, -4.35, 31.48, -15.20, 4.02, 
70.00, 50.10, 5.38, -38.44, -4.34, 31.22, -15.22, 4.02, 
71.00, 50.08, 7.15, -38.37, -4.33, 30.95, -15.24, 4.02, 
72.00, 50.04, 5.79, -38.00, -4.32, 30.69, -15.26, 4.02, 
73.00, 49.93, 6.13, -38.48, -4.31, 30.43, -15.28, 4.02, 
74.00, 49.96, 5.06, -38.32, -4.30, 30.16, -15.30, 4.02, 
75.00, 50.01, 6.70, -38.59, -4.29, 29.90, -15.32, 4.02, 
76.00, 50.13, 4.17, -38.67, -4.28, 29.63, -15.34, 4.02, 
77.00, 50.07, 4.60, -38.82, -4.28, 29.37, -15.36, 4.02, 
78.00, 50.16, 5.10, -39.04, -4.27, 29.10, -15.38, 4.02, 
79.00, 50.15, 4.97, -38.79, -4.26, 28.84, -15.40, 4.02, 
80.00, 50.06, 3.49, -38.94, -4.25, 28.57, -15.42, 4.02, 
81.00, 49.87, 4.21, -38.61, -4.24, 28.31, -15.44, 4.02, 
82.00, 50.46, 4.77, -38.50, -4.23, 28.05, -15.46, 4.02, 
83.00, 50.32, 2.37, -38.57, -4.22, 27.78, -15.48, 4.02, 
84.00, 50.17, 4.31, -38.45, -4.21, 27.52, -15.50, 4.02, 
85.00, 50.28, 2.67, -38.66, -4.21, 27.25, -15.52, 4.02, 
86.00, 49.99, 2.26, -38.61, -4.20, 26.99, -15.54, 4.02, 
87.00, 50.20, 2.51, -38.92, -4.19, 26.72, -15.56, 4.02, 
88.00, 50.06, 2.58, -39.20, -4.18, 26.46, -15.58, 4.02, 
89.00, 50.17, 1.39, -38.94, -4.17, 26.20, -15.60, 4.02, 
90.00, 50.29, 2.24, -39.10, -4.16, 25.93, -15.62, 4.02, 
91.00, 50.47, 1.96, -39.20, -4.15, 25.67, -15.64, 4.02, 
92.00, 50.30, 0.23, -39.06, -4.14, 25.40, -15.66, 4.02, 
93.00, 50.34, 2.27, -39.16, -4.14, 25.14, -15.68, 4.02, 
94.00, 50.24, -0.37, -39.07, -4.13, 24.88, -15.70, 4.02, 
95.00, 50.51, 1.05, -39.38, -4.12, 24.61, -15.72, 4.02, 
96.00, 50.42, 0.65, -39.70, -4.11, 24.35, -15.74, 4.02, 
97.00, 50.34, 1.11, -39.08, -4.10, 24.08, -15.76, 4.02, 
98.00, 50.54, 0.37, -38.94, -4.09, 23.82, -15.78, 4.02, 
99.00, 50.33, 0.08, -39.25, -4.08, 23.56, -15.80, 4.02, 
100.00, 50.28, -0.20, -38.72, -4.07, 23.29, -15.82, 4.02, 
101.00, 50.54, -0.68, -39.23, -4.07, 23.03, -15.84, 4.01, 
102.00, 50.54, 0.11, -39.23, -4.06, 22.77, -15.86, 4.02, 
103.00, 50.62, -2.25, -38.97, -4.05, 22.50, -15.88, 4.02, 
104.00, 50.47, -0.20, -38.46, -4.04, 22.24, -15.90, 4.02, 
105.00, 50.36, -2.93, -39.18, -4.03, 21.97, -15.92, 4.01, 
106.00, 50.58, -0.39, -39.56, -4.02, 21.71, -15.94, 4.01, 
107.00, 50.66, -2.56, -39.07, -4.01, 21.45, -15.96, 4.02, 
108.00, 50.37, -2.20, -39.16, -4.00, 21.18, -15.98, 4.02, 
109.00, 50.57, -1.95, -39.25, -4.00, 20.92, -16.00, 4.01, 
110.00, 50.51, -3.76, -39.48, -3.99, 20.66, -16.02, 4.01, 
111.00, 50.49, -1.58, -39.32, -3.98, 20.39, -16.04, 4.02, 
112.00, 50.58, -4.50, -39.09, -3.97, 20.13, -16.06, 4.01, 
113.00, 50.42, -1.93, -39.22, -3.96, 19.87, -16.08, 4.01, 
114.00, 50.67, -4.10, -39.56, -3.95, 19.60, -16.10, 4.02, 
115.00, 50.55, -3.19, -39.18, -3.94, 19.34, -16.13, 4.02, 
116.00, 50.66, -3.36, -39.25, -3.94, 19.08, -16.15, 4.01, 
117.00, 50.46, -5.43, -39.28, -3.93, 18.81, -16.17, 4.01, 
118.00, 50.57, -3.27, -39.43, -3.92, 18.55, -16.19, 4.01, 
119.00, 50.70, -4.87, -38.60, -3.91, 18.29, -16.21, 4.02, 
120.00, 50.49, -3.83, -38.74, -3.90, 18.03, -16.23, 4.01, 
121.00, 50.70, -6.32, -38.79, -3.89, 17.76, -16.25, 4.01, 
122.00, 50.63, -4.85, -39.43, -3.88, 17.50, -16.27, 4.01, 
123.00, 50.96, -6.52, -39.28, -3.87, 17.24, -16.29, 4.02, 
124.00, 50.86, -5.94, -39.21, -3.87, 16.97, -16.31, 4.02, 
125.00, 50.58, -6.03, -39.11, -3.86, 16.71, -16.33, 4.01, 
126.00, 50.58, -6.37, -39.38, -3.85, 16.45, -16.35, 4.01, 
127.00, 50.54, -5.81, -39.15, -3.84, 16.19, -16.37, 4.01, 
128.00, 50.81, -8.32, -39.53, -3.83, 15.92, -16.39, 4.02, 
129.00, 50.81, -5.92, -39.68, -3.82, 15.66, -16.41, 4.01, 
130.00, 50.71, -8.81, -39.22, -3.81, 15.40, -16.43, 4.01, 
131.00, 50.58, -6.01, -38.92, -3.81, 15.14, -16.45, 4.01, 
132.00, 50.53, -9.02, -38.88, -3.80, 14.87, -16.47, 4.01, 
133.00, 50.80, -7.92, -39.54, -3.79, 14.61, -16.49, 4.02, 
134.00, 50.90, -8.98, -39.20, -3.78, 14.35, -16.52, 4.01, 
135.00, 51.00, -8.53, -39.31, -3.77, 14.09, -16.54, 4.01, 
136.00, 50.96, -8.78, -39.48, -3.76, 13.83, -16.56, 4.01, 
137.00, 50.80, -9.41, -39.18, -3.75, 13.56, -16.58, 4.01, 
138.00, 50.98, -9.52, -39.47, -3.75, 13.30, -16.60, 4.01, 
139.00, 50.94, -9.58, -39.52, -3.74, 13.04, -16.62, 4.01, 
140.00, 50.80, -9.25, -39.54, -3.73, 12.78, -16.64, 4.01, 
141.00, 50.58, -10.05, -39.89, -3.72, 12.52, -16.66, 4.01, 
142.00, 50.85, -10.14, -39.85, -3.71, 12.25, -16.68, 4.01, 
143.00, 50.89, -9.87, -40.20, -3.70, 11.99, -16.70, 4.01, 
144.00, 50.70, -9.94, -39.41, -3.69, 11.73, -16.72, 4.01, 
145.00, 50.96, -10.47, -39.92, -3.69, 11.47, -16.74, 4.01, 
146.00, 51.06, -10.78, -39.89, -3.68, 11.21, -16.76, 4.01, 
147.00, 51.12, -12.18, -39.72, -3.67, 10.95, -16.78, 4.01, 
148.00, 50.84, -11.92, -39.43, -3.66, 10.68, -16.80, 4.01, 
149.00, 51.14, -12.41, -39.92, -3.65, 10.42, -16.83, 4.01, 
150.00, 50.80, -10.64, -40.22, -3.64, 10.16, -16.85, 4.01, 
151.00, 50.68, -13.30, -40.05, -3.63, 9.90, -16.87, 4.01, 
152.00, 50.77, -11.48, -40.54, -3.63, 9.64, -16.89, 4.00, 
153.00, 51.06, -14.36, -39.85, -3.62, 9.38, -16.91, 4.00, 
154.00, 50.93, -12.71, -40.64, -3.61, 9.12, -16.93, 4.00, 
155.00, 51.11, -13.72, -40.11, -3.60, 8.86, -16.95, 4.01, 
156.00, 50.99, -12.12, -40.21, -3.59, 8.59, -16.97, 4.01, 
157.00, 51.11, -13.55, -40.46, -3.58, 8.33, -16.99, 4.01, 
158.00, 50.97, -13.57, -40.16, -3.58, 8.07, -17.01, 4.01, 
159.00, 51.06, -13.03, -39.85, -3.57, 7.81, -17.03, 4.01, 
160.00, 50.84, -14.41, -40.29, -3.56, 7.55, -17.06, 4.01, 
161.00, 51.10, -14.44, -39.90, -3.55, 7.29, -17.08, 4.01, 
162.00, 51.25, -15.81, -39.92, -3.54, 7.03, -17.10, 4.01, 
163.00, 51.05, -14.38, -40.11, -3.53, 6.77, -17.12, 4.01, 
164.00, 50.87, -16.19, -40.15, -3.52, 6.51, -17.14, 4.01, 
165.00, 50.80, -15.37, -40.38, -3.52, 6.25, -17.16, 4.01, 
166.00, 50.95, -15.17, -39.99, -3.51, 5.99, -17.18, 4.01, 
167.00, 51.01, -16.76, -39.94, -3.50, 5.73, -17.20, 4.01, 
168.00, 51.06, -15.56, -39.63, -3.49, 5.47, -17.22, 4.01, 
169.00, 51.02, -17.15, -39.74, -3.48, 5.21, -17.24, 4.01, 
170.00, 51.03, -16.30, -40.23, -3.47, 4.95, -17.26, 4.01, 
171.00, 51.12, -15.92, -40.07, -3.47, 4.69, -17.29, 4.01, 
172.00, 51.13, -17.81, -39.83, -3.46, 4.43, -17.31, 4.01, 
173.00, 51.13, -16.59, -39.99, -3.45, 4.17, -17.33, 4.01, 
174.00, 51.04, -17.53, -40.09, -3.44, 3.91, -17.35, 4.01, 
175.00, 51.23, -17.78, -40.62, -3.43, 3.65, -17.37, 4.01, 
176.00, 51.33, -16.78, -40.49, -3.42, 3.39, -17.39, 4.01, 
177.00, 51.35, -18.63, -40.67, -3.42, 3.13, -17.41, 4.00, 
178.00, 50.91, -17.38, -40.44, -3.41, 2.87, -17.43, 4.00, 
179.00, 51.13, -17.96, -40.10, -3.40, 2.61, -17.45, 4.00, 
180.00, 50.96, -18.65, -40.33, -3.39, 2.35, -17.48, 4.00, 
181.00, 51.49, -18.23, -40.72, -3.38, 2.09, -17.50, 4.00, 
182.00, 51.56, -18.94, -40.62, -3.37, 1.83, -17.52, 4.00, 
183.00, 51.41, -19.06, -40.35, -3.37, 1.57, -17.54, 4.00, 
184.00, 51.91, -19.87, -40.42, -3.36, 1.32, -17.56, 4.00, 
185.00, 51.39, -20.50, -40.32, -3.35, 1.06, -17.58, 4.00, 
186.00, 51.56, -19.98, -40.43, -3.34, 0.80, -17.60, 4.00, 
187.00, 51.09, -21.40, -40.44, -3.33, 0.54, -17.62, 4.00, 
188.00, 50.98, -20.39, -40.34, -3.32, 0.28, -17.65, 4.00, 
189.00, 51.15, -21.03, -40.74, -3.32, 0.02, -17.67, 4.00, 
190.00, 51.16, -21.46, -40.80, -3.31, -0.24, -17.69, 4.00, 
191.00, 51.26, -20.99, -40.65, -3.30, -0.49, -17.71, 4.00, 
192.00, 51.32, -22.59, -40.82, -3.29, -0.75, -17.73, 4.00, 
193.00, 51.36, -21.70, -40.79, -3.28, -1.01, -17.75, 4.00, 
194.00, 51.27, -21.83, -40.96, -3.27, -1.27, -17.77, 4.00, 
195.00, 51.17, -22.97, -40.39, -3.27, -1.53, -17.79, 3.99, 
196.00, 51.49, -22.16, -40.39, -3.26, -1.78, -17.82, 3.99, 
197.00, 51.38, -23.61, -40.95, -3.25, -2.04, -17.84, 4.00, 
198.00, 51.26, -23.12, -41.38, -3.24, -2.30, -17.86, 3.99, 
199.00, 51.08, -23.76, -41.45, -3.23, -2.56, -17.88, 3.99, 
200.00, 51.32, -23.79, -40.82, -3.22, -2.82, -17.90, 3.99, 
201.00, 51.23, -23.32, -40.47, -3.22, -3.07, -17.92, 3.99, 
202.00, 51.51, -24.72, -40.49, -3.21, -3.33, -17.94, 4.00, 
203.00, 51.46, -22.91, -40.61, -3.20, -3.59, -17.96, 4.00, 
204.00, 51.30, -24.95, -40.75, -3.19, -3.84, -17.99, 4.00, 
205.00, 51.18, -23.91, -40.44, -3.18, -4.10, -18.01, 4.00, 
206.00, 50.99, -24.59, -40.65, -3.18, -4.36, -18.03, 4.00, 
207.00, 51.13, -25.64, -40.61, -3.17, -4.62, -18.05, 4.00, 
208.00, 51.13, -24.70, -40.89, -3.16, -4.87, -18.07, 4.00, 
209.00, 51.68, -25.68, -40.47, -3.15, -5.13, -18.09, 4.00, 
210.00, 51.56, -25.97, -40.92, -3.14, -5.39, -18.11, 4.00, 
211.00, 51.30, -25.33, -41.04, -3.14, -5.64, -18.14, 4.00, 
212.00, 51.24, -26.36, -41.03, -3.13, -5.90, -18.16, 4.00, 
213.00, 51.44, -25.62, -40.87, -3.12, -6.16, -18.18, 4.00, 
214.00, 51.53, -26.32, -40.89, -3.11, -6.41, -18.20, 4.00, 
215.00, 51.60, -26.58, -40.71, -3.10, -6.67, -18.22, 4.00, 
216.00, 51.32, -26.63, -40.70, -3.09, -6.92, -18.24, 3.98, 
217.00, 51.70, -27.42, -41.32, -3.09, -7.18, -18.27, 3.99, 
218.00, 51.45, -27.32, -41.18, -3.08, -7.44, -18.29, 3.99, 
219.00, 51.26, -27.64, -41.04, -3.07, -7.69, -18.31, 3.99, 
220.00, 51.25, -27.97, -40.84, -3.06, -7.95, -18.33, 3.99, 
221.00, 51.33, -27.36, -40.49, -3.05, -8.20, -18.35, 3.99, 
222.00, 51.19, -28.74, -40.63, -3.05, -8.46, -18.37, 3.99, 
223.00, 51.36, -28.29, -40.97, -3.04, -8.71, -18.39, 3.99, 
224.00, 51.49, -28.29, -40.79, -3.03, -8.97, -18.42, 3.99, 
225.00, 51.32, -28.57, -41.18, -3.02, -9.22, -18.44, 3.99, 
226.00, 51.52, -28.33, -40.67, -3.01, -9.48, -18.46, 3.99, 
227.00, 51.29, -29.11, -40.82, -3.01, -9.73, -18.48, 3.99, 
228.00, 51.34, -28.91, -41.34, -3.00, -9.99, -18.50, 3.99, 
229.00, 51.56, -29.26, -41.03, -2.99, -10.24, -18.52, 3.99, 
230.00, 51.69, -30.06, -40.91, -2.98, -10.50, -18.55, 3.99, 
231.00, 51.58, -29.50, -40.78, -2.97, -10.75, -18.57, 3.99, 
232.00, 51.78, -30.56, -40.73, -2.97, -11.01, -18.59, 3.99, 
233.00, 51.75, -29.96, -40.75, -2.96, -11.26, -18.61, 3.99, 
234.00, 51.66, -30.33, -40.93, -2.95, -11.52, -18.63, 3.99, 
235.00, 51.83, -31.11, -41.08, -2.94, -11.77, -18.66, 3.98, 
236.00, 52.23, -30.92, -41.25, -2.93, -12.02, -18.68, 3.99, 
237.00, 52.22, -31.70, -41.03, -2.93, -12.28, -18.70, 3.99, 
238.00, 52.28, -31.31, -41.70, -2.92, -12.53, -18.72, 3.99, 
239.00, 52.15, -31.35, -41.01, -2.91, -12.78, -18.74, 3.99, 
240.00, 52.06, -31.76, -41.12, -2.90, -13.04, -18.76, 3.99, 
241.00, 52.00, -32.00, -41.32, -2.90, -13.29, -18.79, 3.99, 
242.00, 51.76, -32.29, -41.18, -2.89, -13.54, -18.81, 3.99, 
243.00, 51.68, -32.32, -41.46, -2.88, -13.80, -18.83, 3.99, 
244.00, 51.82, -32.99, -41.24, -2.87, -14.05, -18.85, 3.99, 
245.00, 51.94, -32.90, -41.18, -2.86, -14.30, -18.87, 3.99, 
246.00, 51.83, -33.13, -40.93, -2.86, -14.56, -18.89, 3.98, 
247.00, 52.04, -33.38, -41.72, -2.85, -14.81, -18.92, 3.98, 
248.00, 52.34, -33.25, -41.07, -2.84, -15.06, -18.94, 3.98, 
249.00, 52.08, -33.81, -40.83, -2.83, -15.31, -18.96, 3.98, 
250.00, 51.82, -34.28, -41.12, -2.82, -15.57, -18.98, 3.98, 
251.00, 51.73, -34.28, -41.43, -2.82, -15.82, -19.00, 3.98, 
252.00, 51.77, -34.24, -41.51, -2.81, -16.07, -19.03, 3.98, 
253.00, 51.86, -34.48, -41.44, -2.80, -16.32, -19.05, 3.98, 
254.00, 51.91, -34.59, -41.14, -2.79, -16.58, -19.07, 3.98, 
255.00, 51.80, -34.91, -41.26, -2.79, -16.83, -19.09, 3.98, 
