---START---
-255.00, 56.02, 71.42, -51.96, -7.07, 115.05, -9.40, 3.66, 
-254.00, 46.36, 77.58, -41.97, -7.06, 114.81, -9.42, 3.65, 
-253.00, 46.43, 77.64, -42.14, -7.05, 114.57, -9.43, 3.65, 
-252.00, 46.22, 77.45, -41.72, -7.05, 114.33, -9.45, 3.65, 
-251.00, 46.50, 77.03, -41.99, -7.04, 114.08, -9.46, 3.65, 
-250.00, 46.18, 76.61, -41.94, -7.03, 113.84, -9.48, 3.65, 
-249.00, 45.93, 76.10, -42.47, -7.02, 113.60, -9.49, 3.65, 
-248.00, 46.12, 76.59, -42.15, -7.02, 113.36, -9.51, 3.65, 
-247.00, 46.09, 76.28, -42.36, -7.01, 113.11, -9.53, 3.65, 
-246.00, 46.19, 75.95, -41.88, -7.00, 112.87, -9.54, 3.65, 
-245.00, 46.14, 75.72, -41.87, -6.99, 112.63, -9.56, 3.65, 
-244.00, 46.41, 75.50, -42.83, -6.99, 112.38, -9.57, 3.65, 
-243.00, 46.40, 75.67, -42.70, -6.98, 112.14, -9.59, 3.62, 
-242.00, 46.40, 75.46, -42.12, -6.97, 111.90, -9.61, 3.65, 
-241.00, 46.14, 74.86, -42.13, -6.96, 111.65, -9.62, 3.65, 
-240.00, 46.02, 74.34, -42.12, -6.96, 111.41, -9.64, 3.65, 
-239.00, 46.06, 74.23, -41.81, -6.95, 111.17, -9.65, 3.65, 
-238.00, 46.26, 73.88, -41.90, -6.94, 110.92, -9.67, 3.65, 
-237.00, 46.34, 74.31, -41.96, -6.93, 110.68, -9.69, 3.65, 
-236.00, 46.36, 73.79, -41.99, -6.93, 110.43, -9.70, 3.65, 
-235.00, 46.14, 73.69, -41.81, -6.92, 110.19, -9.72, 3.65, 
-234.00, 46.40, 73.68, -41.88, -6.91, 109.94, -9.73, 3.66, 
-233.00, 46.43, 72.99, -42.52, -6.90, 109.70, -9.75, 3.62, 
-232.00, 46.71, 73.45, -42.62, -6.90, 109.45, -9.77, 3.65, 
-231.00, 46.58, 72.24, -42.54, -6.89, 109.21, -9.78, 3.65, 
-230.00, 46.41, 72.18, -42.64, -6.88, 108.96, -9.80, 3.66, 
-229.00, 46.57, 71.64, -42.54, -6.87, 108.72, -9.82, 3.66, 
-228.00, 46.46, 71.83, -42.90, -6.87, 108.47, -9.83, 3.62, 
-227.00, 46.72, 71.60, -42.81, -6.86, 108.22, -9.85, 3.65, 
-226.00, 46.53, 71.17, -43.10, -6.85, 107.98, -9.86, 3.65, 
-225.00, 46.81, 70.25, -43.35, -6.84, 107.73, -9.88, 3.65, 
-224.00, 46.48, 70.71, -43.06, -6.84, 107.49, -9.90, 3.66, 
-223.00, 46.61, 69.57, -42.79, -6.83, 107.24, -9.91, 3.66, 
-222.00, 46.27, 69.44, -43.22, -6.82, 106.99, -9.93, 3.66, 
-221.00, 46.40, 69.87, -42.93, -6.81, 106.75, -9.95, 3.66, 
-220.00, 46.46, 69.62, -43.27, -6.81, 106.50, -9.96, 3.66, 
-219.00, 46.50, 69.07, -42.72, -6.80, 106.25, -9.98, 3.62, 
-218.00, 46.39, 69.05, -42.39, -6.79, 106.00, -9.99, 3.65, 
-217.00, 46.50, 68.44, -42.67, -6.78, 105.76, -10.01, 3.66, 
-216.00, 46.36, 69.08, -42.34, -6.77, 105.51, -10.03, 3.66, 
-215.00, 46.20, 67.58, -42.34, -6.77, 105.26, -10.04, 3.66, 
-214.00, 46.25, 68.18, -42.82, -6.76, 105.01, -10.06, 3.66, 
-213.00, 46.22, 68.22, -42.36, -6.75, 104.77, -10.08, 3.66, 
-212.00, 46.53, 67.95, -42.43, -6.74, 104.52, -10.09, 3.66, 
-211.00, 46.80, 68.12, -42.61, -6.74, 104.27, -10.11, 3.63, 
-210.00, 46.40, 67.91, -42.27, -6.73, 104.02, -10.13, 3.65, 
-209.00, 46.45, 67.33, -42.82, -6.72, 103.77, -10.14, 3.66, 
-208.00, 46.67, 67.55, -43.14, -6.71, 103.53, -10.16, 3.66, 
-207.00, 46.36, 66.63, -42.92, -6.71, 103.28, -10.17, 3.66, 
-206.00, 46.42, 66.72, -43.12, -6.70, 103.03, -10.19, 3.66, 
-205.00, 46.72, 67.30, -42.88, -6.69, 102.78, -10.21, 3.63, 
-204.00, 46.30, 66.01, -42.89, -6.68, 102.53, -10.22, 3.66, 
-203.00, 46.12, 65.72, -43.17, -6.67, 102.28, -10.24, 3.66, 
-202.00, 46.34, 65.58, -42.37, -6.67, 102.03, -10.26, 3.66, 
-201.00, 46.30, 65.70, -42.78, -6.66, 101.78, -10.27, 3.67, 
-200.00, 46.38, 66.16, -42.67, -6.65, 101.53, -10.29, 3.63, 
-199.00, 46.11, 65.56, -42.33, -6.64, 101.28, -10.31, 3.65, 
-198.00, 46.32, 65.07, -42.50, -6.63, 101.03, -10.32, 3.66, 
-197.00, 46.42, 65.31, -42.78, -6.63, 100.78, -10.34, 3.66, 
-196.00, 46.65, 64.00, -43.18, -6.62, 100.53, -10.36, 3.66, 
-195.00, 46.55, 64.54, -43.43, -6.61, 100.28, -10.37, 3.67, 
-194.00, 46.76, 63.74, -42.78, -6.60, 100.03, -10.39, 3.63, 
-193.00, 46.76, 63.76, -42.88, -6.60, 99.78, -10.41, 3.66, 
-192.00, 46.59, 64.72, -43.01, -6.59, 99.53, -10.42, 3.66, 
-191.00, 46.71, 63.38, -42.82, -6.58, 99.28, -10.44, 3.66, 
-190.00, 46.30, 64.23, -42.49, -6.57, 99.03, -10.46, 3.67, 
-189.00, 46.52, 63.38, -42.95, -6.56, 98.78, -10.47, 3.63, 
-188.00, 46.62, 62.47, -42.77, -6.56, 98.53, -10.49, 3.64, 
-187.00, 46.54, 62.65, -42.49, -6.55, 98.28, -10.51, 3.66, 
-186.00, 46.49, 61.97, -42.85, -6.54, 98.02, -10.52, 3.67, 
-185.00, 46.53, 63.18, -42.58, -6.53, 97.77, -10.54, 3.67, 
-184.00, 46.56, 62.24, -42.77, -6.52, 97.52, -10.56, 3.64, 
-183.00, 46.52, 61.34, -42.65, -6.52, 97.27, -10.57, 3.66, 
-182.00, 46.72, 61.94, -42.66, -6.51, 97.02, -10.59, 3.67, 
-181.00, 46.60, 60.17, -42.42, -6.50, 96.77, -10.61, 3.67, 
-180.00, 46.67, 60.54, -42.29, -6.49, 96.51, -10.62, 3.67, 
-179.00, 46.67, 60.08, -42.32, -6.48, 96.26, -10.64, 3.64, 
-178.00, 46.66, 59.70, -42.62, -6.48, 96.01, -10.66, 3.64, 
-177.00, 46.78, 60.98, -42.93, -6.47, 95.76, -10.67, 3.66, 
-176.00, 46.68, 59.84, -43.16, -6.46, 95.50, -10.69, 3.67, 
-175.00, 46.70, 58.90, -43.52, -6.45, 95.25, -10.71, 3.67, 
-174.00, 46.59, 59.75, -43.76, -6.44, 95.00, -10.73, 3.67, 
-173.00, 46.61, 58.62, -43.40, -6.44, 94.75, -10.74, 3.64, 
-172.00, 46.62, 59.50, -43.79, -6.43, 94.49, -10.76, 3.64, 
-171.00, 46.50, 59.35, -43.53, -6.42, 94.24, -10.78, 3.64, 
-170.00, 46.42, 58.03, -43.12, -6.41, 93.99, -10.79, 3.66, 
-169.00, 46.80, 58.58, -43.08, -6.40, 93.73, -10.81, 3.67, 
-168.00, 47.11, 57.55, -43.43, -6.39, 93.48, -10.83, 3.67, 
-167.00, 47.00, 57.65, -43.28, -6.39, 93.23, -10.84, 3.64, 
-166.00, 47.00, 58.40, -43.47, -6.38, 92.97, -10.86, 3.64, 
-165.00, 47.09, 57.49, -43.45, -6.37, 92.72, -10.88, 3.66, 
-164.00, 46.98, 57.52, -43.45, -6.36, 92.47, -10.90, 3.67, 
-163.00, 46.94, 58.11, -43.23, -6.35, 92.21, -10.91, 3.67, 
-162.00, 47.04, 55.90, -43.11, -6.35, 91.96, -10.93, 3.67, 
-161.00, 47.03, 56.79, -43.38, -6.34, 91.70, -10.95, 3.64, 
-160.00, 46.99, 56.81, -43.19, -6.33, 91.45, -10.96, 3.65, 
-159.00, 46.95, 55.97, -43.42, -6.32, 91.19, -10.98, 3.67, 
-158.00, 47.26, 56.65, -43.55, -6.31, 90.94, -11.00, 3.67, 
-157.00, 47.13, 54.73, -43.26, -6.30, 90.69, -11.01, 3.67, 
-156.00, 47.07, 55.45, -43.62, -6.30, 90.43, -11.03, 3.65, 
-155.00, 47.09, 55.11, -43.38, -6.29, 90.18, -11.05, 3.65, 
-154.00, 47.11, 53.59, -42.98, -6.28, 89.92, -11.07, 3.66, 
-153.00, 46.58, 56.06, -42.98, -6.27, 89.67, -11.08, 3.67, 
-152.00, 47.37, 54.52, -42.84, -6.26, 89.41, -11.10, 3.67, 
-151.00, 47.21, 54.96, -43.10, -6.26, 89.16, -11.12, 3.65, 
-150.00, 46.92, 53.42, -43.39, -6.25, 88.90, -11.13, 3.65, 
-149.00, 46.98, 53.38, -43.18, -6.24, 88.64, -11.15, 3.67, 
-148.00, 47.12, 54.40, -43.21, -6.23, 88.39, -11.17, 3.67, 
-147.00, 47.16, 52.43, -43.55, -6.22, 88.13, -11.19, 3.65, 
-146.00, 47.03, 53.27, -43.37, -6.21, 87.88, -11.20, 3.65, 
-145.00, 47.04, 52.75, -43.22, -6.21, 87.62, -11.22, 3.66, 
-144.00, 46.82, 53.18, -43.42, -6.20, 87.37, -11.24, 3.67, 
-143.00, 46.83, 53.68, -43.15, -6.19, 87.11, -11.26, 3.66, 
-142.00, 46.93, 52.00, -43.17, -6.18, 86.85, -11.27, 3.65, 
-141.00, 46.81, 52.80, -43.34, -6.17, 86.60, -11.29, 3.66, 
-140.00, 46.98, 50.95, -43.26, -6.16, 86.34, -11.31, 3.67, 
-139.00, 46.67, 51.79, -42.96, -6.16, 86.08, -11.32, 3.65, 
-138.00, 46.97, 51.87, -43.41, -6.15, 85.83, -11.34, 3.65, 
-137.00, 47.35, 50.61, -43.61, -6.14, 85.57, -11.36, 3.67, 
-136.00, 47.09, 51.43, -43.36, -6.13, 85.31, -11.38, 3.67, 
-135.00, 47.12, 49.94, -43.08, -6.12, 85.06, -11.39, 3.65, 
-134.00, 47.19, 49.66, -43.29, -6.11, 84.80, -11.41, 3.65, 
-133.00, 47.15, 51.65, -43.56, -6.11, 84.54, -11.43, 3.67, 
-132.00, 46.99, 49.18, -43.96, -6.10, 84.29, -11.45, 3.65, 
-131.00, 46.92, 49.89, -43.87, -6.09, 84.03, -11.46, 3.65, 
-130.00, 46.95, 49.61, -43.51, -6.08, 83.77, -11.48, 3.67, 
-129.00, 46.92, 49.04, -43.88, -6.07, 83.51, -11.50, 3.67, 
-128.00, 46.64, 49.87, -43.34, -6.06, 83.26, -11.52, 3.65, 
-127.00, 46.76, 48.23, -43.36, -6.06, 83.00, -11.53, 3.65, 
-126.00, 46.86, 49.34, -43.31, -6.05, 82.74, -11.55, 3.67, 
-125.00, 46.98, 46.97, -43.48, -6.04, 82.48, -11.57, 3.67, 
-124.00, 47.23, 47.45, -43.43, -6.03, 82.23, -11.59, 3.65, 
-123.00, 47.07, 49.40, -43.48, -6.02, 81.97, -11.60, 3.66, 
-122.00, 46.96, 47.45, -43.27, -6.01, 81.71, -11.62, 3.67, 
-121.00, 47.00, 47.81, -43.22, -6.01, 81.45, -11.64, 3.65, 
-120.00, 47.20, 46.84, -43.47, -6.00, 81.19, -11.66, 3.66, 
-119.00, 47.18, 47.59, -43.26, -5.99, 80.94, -11.67, 3.67, 
-118.00, 46.79, 47.78, -43.40, -5.98, 80.68, -11.69, 3.65, 
-117.00, 47.02, 45.60, -43.45, -5.97, 80.42, -11.71, 3.66, 
-116.00, 46.94, 45.22, -43.38, -5.96, 80.16, -11.73, 3.67, 
-115.00, 47.17, 47.29, -43.50, -5.95, 79.90, -11.74, 3.66, 
-114.00, 47.28, 45.14, -43.98, -5.95, 79.64, -11.76, 3.66, 
-113.00, 47.19, 45.40, -43.80, -5.94, 79.38, -11.78, 3.67, 
-112.00, 47.47, 45.11, -43.50, -5.93, 79.13, -11.80, 3.65, 
-111.00, 47.56, 44.33, -43.95, -5.92, 78.87, -11.82, 3.66, 
-110.00, 47.29, 45.76, -44.17, -5.91, 78.61, -11.83, 3.67, 
-109.00, 47.47, 43.37, -43.38, -5.90, 78.35, -11.85, 3.66, 
-108.00, 47.10, 44.01, -43.93, -5.90, 78.09, -11.87, 3.66, 
-107.00, 47.39, 44.98, -43.50, -5.89, 77.83, -11.89, 3.68, 
-106.00, 47.52, 43.68, -43.34, -5.88, 77.57, -11.90, 3.66, 
-105.00, 47.51, 44.09, -43.77, -5.87, 77.31, -11.92, 3.67, 
-104.00, 47.35, 42.62, -43.54, -5.86, 77.05, -11.94, 3.68, 
-103.00, 47.41, 43.50, -43.92, -5.85, 76.79, -11.96, 3.66, 
-102.00, 47.10, 43.89, -44.33, -5.84, 76.53, -11.98, 3.67, 
-101.00, 47.22, 42.18, -43.95, -5.84, 76.27, -11.99, 3.66, 
-100.00, 47.35, 42.92, -43.79, -5.83, 76.01, -12.01, 3.66, 
-99.00, 47.22, 41.78, -43.99, -5.82, 75.75, -12.03, 3.68, 
-98.00, 47.42, 43.33, -43.76, -5.81, 75.49, -12.05, 3.66, 
-97.00, 47.30, 42.01, -43.77, -5.80, 75.23, -12.06, 3.67, 
-96.00, 47.49, 41.24, -44.33, -5.79, 74.97, -12.08, 3.66, 
-95.00, 47.54, 42.68, -44.33, -5.78, 74.71, -12.10, 3.66, 
-94.00, 47.36, 41.54, -44.24, -5.78, 74.45, -12.12, 3.68, 
-93.00, 47.59, 42.23, -44.59, -5.77, 74.19, -12.14, 3.66, 
-92.00, 47.48, 40.76, -44.17, -5.76, 73.93, -12.15, 3.67, 
-91.00, 47.37, 40.29, -44.01, -5.75, 73.67, -12.17, 3.66, 
-90.00, 47.19, 41.96, -43.92, -5.74, 73.41, -12.19, 3.66, 
-89.00, 47.36, 38.94, -43.84, -5.73, 73.15, -12.21, 3.66, 
-88.00, 47.24, 40.48, -44.10, -5.72, 72.89, -12.23, 3.66, 
-87.00, 47.16, 39.09, -43.41, -5.72, 72.63, -12.24, 3.67, 
-86.00, 47.24, 40.12, -43.69, -5.71, 72.37, -12.26, 3.66, 
-85.00, 47.33, 39.59, -43.63, -5.70, 72.11, -12.28, 3.66, 
-84.00, 47.38, 40.71, -43.89, -5.69, 71.85, -12.30, 3.66, 
-83.00, 47.45, 38.80, -44.38, -5.68, 71.59, -12.32, 3.66, 
-82.00, 47.18, 39.20, -44.51, -5.67, 71.33, -12.33, 3.67, 
-81.00, 47.18, 39.63, -44.22, -5.66, 71.06, -12.35, 3.67, 
-80.00, 46.99, 38.99, -44.26, -5.66, 70.80, -12.37, 3.67, 
-79.00, 47.11, 39.21, -44.31, -5.65, 70.54, -12.39, 3.67, 
-78.00, 47.46, 38.60, -44.57, -5.64, 70.28, -12.41, 3.68, 
-77.00, 47.04, 38.24, -44.93, -5.63, 70.02, -12.42, 3.68, 
-76.00, 47.16, 38.96, -44.78, -5.62, 69.76, -12.44, 3.66, 
-75.00, 47.30, 37.35, -44.33, -5.61, 69.50, -12.46, 3.66, 
-74.00, 47.33, 37.56, -43.98, -5.60, 69.23, -12.48, 3.66, 
-73.00, 47.42, 37.66, -43.92, -5.59, 68.97, -12.50, 3.66, 
-72.00, 46.95, 36.23, -43.95, -5.59, 68.71, -12.51, 3.66, 
-71.00, 47.05, 37.28, -43.77, -5.58, 68.45, -12.53, 3.66, 
-70.00, 47.13, 35.01, -43.83, -5.57, 68.19, -12.55, 3.66, 
-69.00, 47.02, 36.19, -43.79, -5.56, 67.93, -12.57, 3.66, 
-68.00, 47.13, 35.52, -44.11, -5.55, 67.66, -12.59, 3.66, 
-67.00, 47.04, 34.92, -44.25, -5.54, 67.40, -12.61, 3.67, 
-66.00, 47.07, 35.54, -44.00, -5.53, 67.14, -12.62, 3.66, 
-65.00, 47.21, 34.40, -44.16, -5.53, 66.88, -12.64, 3.67, 
-64.00, 47.36, 35.08, -44.14, -5.52, 66.62, -12.66, 3.67, 
-63.00, 47.43, 35.17, -43.63, -5.51, 66.35, -12.68, 3.67, 
-62.00, 47.26, 33.79, -43.81, -5.50, 66.09, -12.70, 3.67, 
-61.00, 47.23, 34.62, -43.87, -5.49, 65.83, -12.72, 3.67, 
-60.00, 47.25, 34.60, -44.29, -5.48, 65.57, -12.73, 3.67, 
-59.00, 47.75, 34.05, -44.51, -5.47, 65.30, -12.75, 3.67, 
-58.00, 47.57, 34.14, -44.50, -5.46, 65.04, -12.77, 3.66, 
-57.00, 47.61, 32.81, -44.37, -5.46, 64.78, -12.79, 3.67, 
-56.00, 47.75, 33.21, -44.26, -5.45, 64.52, -12.81, 3.67, 
-55.00, 47.58, 33.09, -44.53, -5.44, 64.25, -12.83, 3.67, 
-54.00, 47.84, 32.03, -44.00, -5.43, 63.99, -12.84, 3.67, 
-53.00, 47.70, 32.39, -43.89, -5.42, 63.73, -12.86, 3.67, 
-52.00, 47.58, 32.12, -44.18, -5.41, 63.47, -12.88, 3.67, 
-51.00, 47.74, 32.36, -44.35, -5.40, 63.20, -12.90, 3.67, 
-50.00, 47.99, 31.31, -44.23, -5.39, 62.94, -12.92, 3.67, 
-49.00, 47.96, 31.49, -44.27, -5.39, 62.68, -12.94, 3.67, 
-48.00, 47.66, 31.19, -44.22, -5.38, 62.42, -12.95, 3.67, 
-47.00, 47.28, 31.18, -44.46, -5.37, 62.15, -12.97, 3.67, 
-46.00, 47.40, 30.04, -44.83, -5.36, 61.89, -12.99, 3.67, 
-45.00, 47.62, 30.49, -44.19, -5.35, 61.63, -13.01, 3.67, 
-44.00, 47.36, 30.34, -44.79, -5.34, 61.36, -13.03, 3.67, 
-43.00, 47.52, 29.87, -44.64, -5.33, 61.10, -13.05, 3.67, 
-42.00, 47.48, 30.26, -44.67, -5.32, 60.84, -13.07, 3.67, 
-41.00, 47.33, 29.42, -44.46, -5.32, 60.57, -13.08, 3.67, 
-40.00, 47.46, 29.00, -45.10, -5.31, 60.31, -13.10, 3.67, 
-39.00, 47.54, 29.11, -45.31, -5.30, 60.05, -13.12, 3.67, 
-38.00, 47.44, 28.23, -45.62, -5.29, 59.78, -13.14, 3.67, 
-37.00, 47.66, 28.88, -45.64, -5.28, 59.52, -13.16, 3.67, 
-36.00, 47.62, 28.45, -45.63, -5.27, 59.26, -13.18, 3.67, 
-35.00, 47.53, 27.65, -46.17, -5.26, 58.99, -13.20, 3.67, 
-34.00, 47.86, 27.87, -45.89, -5.25, 58.73, -13.21, 3.67, 
-33.00, 47.62, 27.34, -45.12, -5.25, 58.47, -13.23, 3.67, 
-32.00, 47.85, 26.98, -45.39, -5.24, 58.20, -13.25, 3.67, 
-31.00, 47.88, 27.34, -45.34, -5.23, 57.94, -13.27, 3.67, 
-30.00, 48.17, 26.90, -45.60, -5.22, 57.68, -13.29, 3.67, 
-29.00, 47.84, 27.10, -45.40, -5.21, 57.41, -13.31, 3.67, 
-28.00, 47.94, 26.87, -45.59, -5.20, 57.15, -13.33, 3.67, 
-27.00, 48.03, 26.15, -45.44, -5.19, 56.88, -13.35, 3.67, 
-26.00, 47.89, 26.09, -45.26, -5.18, 56.62, -13.36, 3.67, 
-25.00, 48.09, 25.64, -45.85, -5.18, 56.36, -13.38, 3.67, 
-24.00, 47.93, 25.07, -45.64, -5.17, 56.09, -13.40, 3.67, 
-23.00, 47.59, 25.69, -46.34, -5.16, 55.83, -13.42, 3.67, 
-22.00, 47.49, 24.98, -45.38, -5.15, 55.57, -13.44, 3.67, 
-21.00, 47.63, 24.78, -45.11, -5.14, 55.30, -13.46, 3.67, 
-20.00, 47.62, 24.72, -45.61, -5.13, 55.04, -13.48, 3.67, 
-19.00, 47.73, 24.33, -45.97, -5.12, 54.77, -13.50, 3.67, 
-18.00, 47.73, 24.48, -46.00, -5.11, 54.51, -13.51, 3.67, 
-17.00, 47.57, 24.22, -45.70, -5.10, 54.25, -13.53, 3.67, 
-16.00, 47.62, 23.72, -45.73, -5.10, 53.98, -13.55, 3.67, 
-15.00, 47.61, 23.84, -45.63, -5.09, 53.72, -13.57, 3.67, 
-14.00, 47.92, 23.44, -45.80, -5.08, 53.45, -13.59, 3.67, 
-13.00, 47.95, 23.26, -45.65, -5.07, 53.19, -13.61, 3.67, 
-12.00, 48.07, 23.55, -45.33, -5.06, 52.92, -13.63, 3.67, 
-11.00, 47.87, 21.79, -45.47, -5.05, 52.66, -13.65, 3.67, 
-10.00, 47.92, 22.70, -45.25, -5.04, 52.40, -13.67, 3.67, 
-9.00, 47.95, 22.45, -45.30, -5.03, 52.13, -13.68, 3.67, 
-8.00, 47.81, 22.09, -45.75, -5.03, 51.87, -13.70, 3.67, 
-7.00, 47.93, 22.05, -45.65, -5.02, 51.60, -13.72, 3.67, 
-6.00, 48.01, 21.61, -45.63, -5.01, 51.34, -13.74, 3.67, 
-5.00, 48.03, 21.81, -45.47, -5.00, 51.07, -13.76, 3.67, 
-4.00, 47.87, 21.52, -45.60, -4.99, 50.81, -13.78, 3.67, 
-3.00, 47.92, 21.24, -45.39, -4.98, 50.55, -13.80, 3.67, 
-2.00, 47.91, 21.10, -45.95, -4.97, 50.28, -13.82, 3.67, 
-1.00, 48.00, 20.75, -45.85, -4.96, 50.02, -13.84, 3.67, 
0.00, 47.83, 20.30, -45.83, -4.95, 49.75, -13.86, 3.67, 
1.00, 47.98, 20.08, -45.81, -4.95, 49.49, -13.87, 3.67, 
2.00, 48.04, 20.00, -45.69, -4.94, 49.22, -13.89, 3.67, 
3.00, 48.00, 19.75, -45.81, -4.93, 48.96, -13.91, 3.67, 
4.00, 47.87, 19.36, -45.85, -4.92, 48.69, -13.93, 3.67, 
5.00, 48.02, 18.85, -46.05, -4.91, 48.43, -13.95, 3.67, 
6.00, 48.18, 19.09, -45.84, -4.90, 48.16, -13.97, 3.67, 
7.00, 47.89, 18.54, -45.79, -4.89, 47.90, -13.99, 3.67, 
8.00, 48.17, 18.58, -45.73, -4.88, 47.63, -14.01, 3.67, 
9.00, 47.82, 17.99, -45.47, -4.88, 47.37, -14.03, 3.67, 
10.00, 47.80, 18.06, -45.38, -4.87, 47.11, -14.05, 3.67, 
11.00, 47.70, 17.70, -45.83, -4.86, 46.84, -14.07, 3.67, 
12.00, 48.05, 17.15, -45.05, -4.85, 46.58, -14.09, 3.67, 
13.00, 47.93, 17.43, -45.55, -4.84, 46.31, -14.10, 3.67, 
14.00, 47.98, 16.96, -45.47, -4.83, 46.05, -14.12, 3.67, 
15.00, 47.80, 16.76, -45.56, -4.82, 45.78, -14.14, 3.67, 
16.00, 47.81, 16.75, -45.67, -4.81, 45.52, -14.16, 3.67, 
17.00, 47.81, 16.11, -45.97, -4.80, 45.25, -14.18, 3.67, 
18.00, 47.69, 16.45, -45.72, -4.80, 44.99, -14.20, 3.67, 
19.00, 47.66, 15.95, -45.61, -4.79, 44.72, -14.22, 3.67, 
20.00, 47.86, 15.52, -45.69, -4.78, 44.46, -14.24, 3.67, 
21.00, 48.11, 15.11, -45.70, -4.77, 44.19, -14.26, 3.67, 
22.00, 48.12, 14.90, -45.94, -4.76, 43.93, -14.28, 3.67, 
23.00, 47.92, 15.35, -45.85, -4.75, 43.66, -14.30, 3.67, 
24.00, 47.99, 13.40, -45.75, -4.74, 43.40, -14.32, 3.67, 
25.00, 47.98, 14.40, -45.69, -4.73, 43.13, -14.34, 3.67, 
26.00, 48.07, 14.94, -45.28, -4.72, 42.87, -14.36, 3.67, 
27.00, 48.16, 14.32, -45.83, -4.72, 42.60, -14.37, 3.67, 
28.00, 48.12, 13.76, -46.13, -4.71, 42.34, -14.39, 3.67, 
29.00, 48.51, 13.67, -46.12, -4.70, 42.07, -14.41, 3.67, 
30.00, 48.22, 13.58, -46.71, -4.69, 41.81, -14.43, 3.67, 
31.00, 48.08, 13.50, -46.63, -4.68, 41.54, -14.45, 3.67, 
32.00, 47.98, 12.61, -46.63, -4.67, 41.28, -14.47, 3.67, 
33.00, 48.14, 12.56, -46.28, -4.66, 41.02, -14.49, 3.67, 
34.00, 48.02, 12.79, -45.87, -4.65, 40.75, -14.51, 3.67, 
35.00, 48.32, 12.03, -46.10, -4.65, 40.49, -14.53, 3.67, 
36.00, 47.97, 12.48, -45.81, -4.64, 40.22, -14.55, 3.67, 
37.00, 48.22, 12.12, -46.22, -4.63, 39.96, -14.57, 3.67, 
38.00, 48.10, 11.03, -46.07, -4.62, 39.69, -14.59, 3.67, 
39.00, 47.99, 11.42, -46.30, -4.61, 39.43, -14.61, 3.68, 
40.00, 47.87, 11.10, -46.02, -4.60, 39.16, -14.63, 3.67, 
41.00, 48.02, 10.69, -46.04, -4.59, 38.90, -14.65, 3.68, 
42.00, 47.95, 11.07, -46.06, -4.58, 38.63, -14.67, 3.67, 
43.00, 48.10, 10.39, -46.10, -4.57, 38.37, -14.69, 3.67, 
44.00, 48.09, 10.87, -45.99, -4.57, 38.10, -14.71, 3.67, 
45.00, 47.90, 10.12, -46.27, -4.56, 37.84, -14.73, 3.67, 
46.00, 47.79, 10.49, -46.07, -4.55, 37.57, -14.74, 3.67, 
47.00, 47.96, 9.98, -45.88, -4.54, 37.31, -14.76, 3.67, 
48.00, 48.00, 8.74, -45.50, -4.53, 37.04, -14.78, 3.68, 
49.00, 48.10, 9.98, -46.03, -4.52, 36.78, -14.80, 3.67, 
50.00, 48.19, 8.86, -45.78, -4.51, 36.51, -14.82, 3.67, 
51.00, 48.21, 8.18, -46.07, -4.50, 36.25, -14.84, 3.66, 
52.00, 48.16, 8.67, -46.57, -4.50, 35.98, -14.86, 3.67, 
53.00, 48.08, 8.59, -46.79, -4.49, 35.72, -14.88, 3.67, 
54.00, 48.20, 8.09, -46.55, -4.48, 35.45, -14.90, 3.67, 
55.00, 48.45, 7.35, -46.82, -4.47, 35.19, -14.92, 3.67, 
56.00, 48.32, 7.14, -46.09, -4.46, 34.92, -14.94, 3.67, 
57.00, 48.31, 7.77, -46.27, -4.45, 34.66, -14.96, 3.67, 
58.00, 48.44, 6.44, -46.43, -4.44, 34.39, -14.98, 3.66, 
59.00, 48.47, 7.13, -46.41, -4.43, 34.13, -15.00, 3.67, 
60.00, 48.45, 6.88, -46.35, -4.42, 33.87, -15.02, 3.67, 
61.00, 48.47, 5.41, -46.15, -4.42, 33.60, -15.04, 3.67, 
62.00, 48.74, 6.69, -46.26, -4.41, 33.34, -15.06, 3.67, 
63.00, 48.28, 5.70, -46.18, -4.40, 33.07, -15.08, 3.66, 
64.00, 48.59, 5.33, -46.71, -4.39, 32.81, -15.10, 3.67, 
65.00, 48.58, 5.29, -46.87, -4.38, 32.54, -15.12, 3.66, 
66.00, 48.44, 4.98, -46.45, -4.37, 32.28, -15.14, 3.66, 
67.00, 48.50, 5.68, -46.56, -4.36, 32.01, -15.16, 3.66, 
68.00, 48.71, 4.11, -46.21, -4.35, 31.75, -15.18, 3.66, 
69.00, 48.23, 4.45, -45.97, -4.35, 31.48, -15.20, 3.68, 
70.00, 48.27, 5.13, -46.49, -4.34, 31.22, -15.22, 3.66, 
71.00, 48.21, 3.82, -46.50, -4.33, 30.95, -15.24, 3.68, 
72.00, 48.30, 5.04, -46.44, -4.32, 30.69, -15.26, 3.66, 
73.00, 48.49, 3.21, -46.55, -4.31, 30.43, -15.28, 3.68, 
74.00, 48.50, 3.41, -46.73, -4.30, 30.16, -15.30, 3.66, 
75.00, 48.44, 4.03, -47.11, -4.29, 29.90, -15.32, 3.68, 
76.00, 48.53, 1.84, -46.87, -4.28, 29.63, -15.34, 3.66, 
77.00, 48.38, 2.86, -46.63, -4.28, 29.37, -15.36, 3.68, 
78.00, 48.14, 2.98, -46.73, -4.27, 29.10, -15.38, 3.66, 
79.00, 48.44, 1.16, -46.35, -4.26, 28.84, -15.40, 3.67, 
80.00, 48.53, 2.55, -47.06, -4.25, 28.57, -15.42, 3.66, 
81.00, 48.02, 1.25, -47.20, -4.24, 28.31, -15.44, 3.66, 
82.00, 48.23, 1.25, -47.51, -4.23, 28.05, -15.46, 3.66, 
83.00, 48.31, 1.20, -46.93, -4.22, 27.78, -15.48, 3.66, 
84.00, 48.28, 0.20, -46.71, -4.21, 27.52, -15.50, 3.67, 
85.00, 48.14, 1.25, -47.18, -4.21, 27.25, -15.52, 3.66, 
86.00, 48.17, 0.06, -47.21, -4.20, 26.99, -15.54, 3.67, 
87.00, 48.43, 0.22, -47.16, -4.19, 26.72, -15.56, 3.66, 
88.00, 48.69, 0.26, -46.92, -4.18, 26.46, -15.58, 3.67, 
89.00, 48.83, -0.48, -47.15, -4.17, 26.20, -15.60, 3.66, 
90.00, 48.78, -0.22, -47.15, -4.16, 25.93, -15.62, 3.66, 
91.00, 48.48, -0.76, -46.89, -4.15, 25.67, -15.64, 3.66, 
92.00, 48.52, -1.16, -47.01, -4.14, 25.40, -15.66, 3.66, 
93.00, 48.47, -1.61, -47.05, -4.14, 25.14, -15.68, 3.67, 
94.00, 48.61, -1.65, -47.17, -4.13, 24.88, -15.70, 3.66, 
95.00, 48.51, -1.92, -47.24, -4.12, 24.61, -15.72, 3.67, 
96.00, 48.36, -3.08, -47.42, -4.11, 24.35, -15.74, 3.66, 
97.00, 48.60, -1.04, -47.60, -4.10, 24.08, -15.76, 3.66, 
98.00, 48.63, -3.50, -47.36, -4.09, 23.82, -15.78, 3.66, 
99.00, 48.60, -2.35, -47.98, -4.08, 23.56, -15.80, 3.66, 
100.00, 48.77, -1.80, -47.28, -4.07, 23.29, -15.82, 3.67, 
101.00, 48.66, -4.54, -47.40, -4.07, 23.03, -15.84, 3.66, 
102.00, 48.65, -1.93, -47.80, -4.06, 22.77, -15.86, 3.66, 
103.00, 48.67, -4.44, -47.82, -4.05, 22.50, -15.88, 3.67, 
104.00, 48.97, -2.16, -47.78, -4.04, 22.24, -15.90, 3.66, 
105.00, 48.94, -3.60, -47.36, -4.03, 21.97, -15.92, 3.68, 
106.00, 49.16, -3.42, -46.87, -4.02, 21.71, -15.94, 3.67, 
107.00, 49.22, -4.79, -46.96, -4.01, 21.45, -15.96, 3.66, 
108.00, 48.97, -3.21, -47.52, -4.00, 21.18, -15.98, 3.68, 
109.00, 48.94, -4.17, -47.67, -4.00, 20.92, -16.00, 3.66, 
110.00, 48.63, -6.36, -48.03, -3.99, 20.66, -16.02, 3.66, 
111.00, 48.92, -4.20, -47.63, -3.98, 20.39, -16.04, 3.68, 
112.00, 48.94, -6.76, -47.20, -3.97, 20.13, -16.06, 3.66, 
113.00, 49.05, -6.06, -47.49, -3.96, 19.87, -16.08, 3.66, 
114.00, 48.79, -6.56, -47.86, -3.95, 19.60, -16.10, 3.67, 
115.00, 49.04, -5.81, -47.78, -3.94, 19.34, -16.13, 3.66, 
116.00, 48.87, -7.44, -47.59, -3.94, 19.08, -16.15, 3.65, 
117.00, 48.69, -6.19, -47.61, -3.93, 18.81, -16.17, 3.67, 
118.00, 48.80, -8.04, -47.72, -3.92, 18.55, -16.19, 3.66, 
119.00, 48.75, -7.04, -47.53, -3.91, 18.29, -16.21, 3.66, 
120.00, 48.72, -6.70, -47.66, -3.90, 18.03, -16.23, 3.67, 
121.00, 48.72, -9.00, -47.87, -3.89, 17.76, -16.25, 3.67, 
122.00, 48.75, -7.16, -48.24, -3.88, 17.50, -16.27, 3.65, 
123.00, 48.93, -9.06, -48.09, -3.87, 17.24, -16.29, 3.65, 
124.00, 49.11, -7.88, -48.08, -3.87, 16.97, -16.31, 3.67, 
125.00, 48.93, -8.97, -47.89, -3.86, 16.71, -16.33, 3.65, 
126.00, 48.81, -8.54, -48.38, -3.85, 16.45, -16.35, 3.65, 
127.00, 48.84, -10.23, -48.17, -3.84, 16.19, -16.37, 3.67, 
128.00, 48.70, -8.03, -48.21, -3.83, 15.92, -16.39, 3.67, 
129.00, 48.82, -9.61, -48.38, -3.82, 15.66, -16.41, 3.65, 
130.00, 48.77, -8.54, -47.82, -3.81, 15.40, -16.43, 3.67, 
131.00, 49.10, -9.90, -47.31, -3.81, 15.14, -16.45, 3.67, 
132.00, 48.84, -9.96, -47.36, -3.80, 14.87, -16.47, 3.65, 
133.00, 48.82, -9.39, -47.60, -3.79, 14.61, -16.49, 3.65, 
134.00, 48.96, -10.64, -47.69, -3.78, 14.35, -16.52, 3.67, 
135.00, 48.67, -10.00, -47.88, -3.77, 14.09, -16.54, 3.67, 
136.00, 48.58, -10.90, -48.13, -3.76, 13.83, -16.56, 3.66, 
137.00, 48.58, -11.73, -48.30, -3.75, 13.56, -16.58, 3.65, 
138.00, 48.54, -10.88, -48.24, -3.75, 13.30, -16.60, 3.65, 
139.00, 48.74, -12.58, -48.06, -3.74, 13.04, -16.62, 3.67, 
140.00, 48.85, -11.07, -47.96, -3.73, 12.78, -16.64, 3.67, 
141.00, 48.80, -11.95, -48.27, -3.72, 12.52, -16.66, 3.65, 
142.00, 48.87, -12.52, -48.16, -3.71, 12.25, -16.68, 3.65, 
143.00, 48.82, -12.34, -47.90, -3.70, 11.99, -16.70, 3.67, 
144.00, 48.75, -13.27, -47.88, -3.69, 11.73, -16.72, 3.67, 
145.00, 48.79, -11.53, -47.90, -3.69, 11.47, -16.74, 3.67, 
146.00, 48.98, -14.32, -47.77, -3.68, 11.21, -16.76, 3.65, 
147.00, 48.95, -12.29, -47.77, -3.67, 10.95, -16.78, 3.65, 
148.00, 48.80, -14.42, -47.73, -3.66, 10.68, -16.80, 3.67, 
149.00, 49.04, -13.13, -47.36, -3.65, 10.42, -16.83, 3.67, 
150.00, 48.91, -14.78, -47.38, -3.64, 10.16, -16.85, 3.66, 
151.00, 48.71, -13.74, -47.36, -3.63, 9.90, -16.87, 3.65, 
152.00, 48.66, -14.17, -47.07, -3.63, 9.64, -16.89, 3.65, 
153.00, 48.79, -14.72, -47.68, -3.62, 9.38, -16.91, 3.65, 
154.00, 48.67, -14.42, -47.61, -3.61, 9.12, -16.93, 3.67, 
155.00, 48.70, -15.23, -47.62, -3.60, 8.86, -16.95, 3.67, 
156.00, 48.44, -15.07, -47.56, -3.59, 8.59, -16.97, 3.66, 
157.00, 48.21, -14.74, -47.32, -3.58, 8.33, -16.99, 3.65, 
158.00, 48.58, -16.51, -47.72, -3.58, 8.07, -17.01, 3.65, 
159.00, 48.48, -15.28, -47.74, -3.57, 7.81, -17.03, 3.64, 
160.00, 48.59, -17.05, -47.35, -3.56, 7.55, -17.06, 3.67, 
161.00, 48.58, -16.37, -47.49, -3.55, 7.29, -17.08, 3.67, 
162.00, 48.70, -16.21, -47.49, -3.54, 7.03, -17.10, 3.67, 
163.00, 48.43, -16.65, -48.00, -3.53, 6.77, -17.12, 3.66, 
164.00, 48.39, -16.38, -47.89, -3.52, 6.51, -17.14, 3.66, 
165.00, 48.50, -17.92, -48.05, -3.52, 6.25, -17.16, 3.64, 
166.00, 48.59, -16.27, -47.92, -3.51, 5.99, -17.18, 3.64, 
167.00, 48.92, -18.40, -48.22, -3.50, 5.73, -17.20, 3.64, 
168.00, 48.47, -17.22, -47.94, -3.49, 5.47, -17.22, 3.64, 
169.00, 48.72, -17.27, -47.76, -3.48, 5.21, -17.24, 3.66, 
170.00, 48.59, -18.40, -48.05, -3.47, 4.95, -17.26, 3.66, 
171.00, 48.70, -17.70, -47.89, -3.47, 4.69, -17.29, 3.64, 
172.00, 48.72, -19.13, -47.89, -3.46, 4.43, -17.31, 3.67, 
173.00, 48.77, -18.43, -48.23, -3.45, 4.17, -17.33, 3.67, 
174.00, 48.75, -18.75, -48.07, -3.44, 3.91, -17.35, 3.64, 
175.00, 48.75, -20.10, -48.13, -3.43, 3.65, -17.37, 3.64, 
176.00, 48.80, -18.80, -47.76, -3.42, 3.39, -17.39, 3.64, 
177.00, 48.86, -20.50, -48.01, -3.42, 3.13, -17.41, 3.64, 
178.00, 48.86, -19.51, -48.36, -3.41, 2.87, -17.43, 3.64, 
179.00, 48.80, -18.43, -47.94, -3.40, 2.61, -17.45, 3.64, 
180.00, 49.10, -20.31, -47.82, -3.39, 2.35, -17.48, 3.64, 
181.00, 49.06, -19.70, -47.87, -3.38, 2.09, -17.50, 3.64, 
182.00, 48.85, -20.04, -47.28, -3.37, 1.83, -17.52, 3.64, 
183.00, 48.92, -21.04, -47.71, -3.37, 1.57, -17.54, 3.66, 
184.00, 48.89, -20.56, -47.89, -3.36, 1.32, -17.56, 3.66, 
185.00, 48.75, -22.34, -47.71, -3.35, 1.06, -17.58, 3.66, 
186.00, 49.06, -21.72, -47.51, -3.34, 0.80, -17.60, 3.66, 
187.00, 49.18, -23.02, -47.59, -3.33, 0.54, -17.62, 3.66, 
188.00, 49.66, -22.96, -48.07, -3.32, 0.28, -17.65, 3.66, 
189.00, 49.38, -22.54, -48.27, -3.32, 0.02, -17.67, 3.67, 
190.00, 49.20, -23.99, -48.21, -3.31, -0.24, -17.69, 3.67, 
191.00, 49.15, -22.99, -48.23, -3.30, -0.49, -17.71, 3.67, 
192.00, 49.34, -23.17, -48.11, -3.29, -0.75, -17.73, 3.67, 
193.00, 49.19, -23.94, -48.25, -3.28, -1.01, -17.75, 3.67, 
194.00, 49.46, -22.56, -48.77, -3.27, -1.27, -17.77, 3.63, 
195.00, 49.36, -24.58, -48.64, -3.27, -1.53, -17.79, 3.64, 
196.00, 49.39, -23.89, -48.40, -3.26, -1.78, -17.82, 3.65, 
197.00, 49.40, -23.91, -48.77, -3.25, -2.04, -17.84, 3.64, 
198.00, 49.44, -24.69, -48.37, -3.24, -2.30, -17.86, 3.66, 
199.00, 49.59, -23.96, -48.38, -3.23, -2.56, -17.88, 3.66, 
200.00, 49.76, -24.83, -48.45, -3.22, -2.82, -17.90, 3.66, 
201.00, 49.43, -25.55, -48.75, -3.22, -3.07, -17.92, 3.66, 
202.00, 49.50, -25.27, -48.46, -3.21, -3.33, -17.94, 3.66, 
203.00, 49.54, -26.69, -48.75, -3.20, -3.59, -17.96, 3.66, 
204.00, 49.53, -26.47, -48.66, -3.19, -3.84, -17.99, 3.67, 
205.00, 49.58, -25.77, -48.51, -3.18, -4.10, -18.01, 3.63, 
206.00, 49.53, -26.39, -48.49, -3.18, -4.36, -18.03, 3.63, 
207.00, 49.33, -25.94, -48.86, -3.17, -4.62, -18.05, 3.65, 
208.00, 49.55, -25.94, -48.68, -3.16, -4.87, -18.07, 3.66, 
209.00, 49.44, -27.07, -49.56, -3.15, -5.13, -18.09, 3.66, 
210.00, 49.80, -26.81, -48.83, -3.14, -5.39, -18.11, 3.66, 
211.00, 49.73, -28.02, -49.14, -3.14, -5.64, -18.14, 3.66, 
212.00, 49.67, -27.76, -49.27, -3.13, -5.90, -18.16, 3.66, 
213.00, 49.97, -27.28, -48.89, -3.12, -6.16, -18.18, 3.63, 
214.00, 49.82, -27.17, -48.90, -3.11, -6.41, -18.20, 3.63, 
215.00, 49.82, -27.68, -48.74, -3.10, -6.67, -18.22, 3.65, 
216.00, 49.43, -28.30, -48.63, -3.09, -6.92, -18.24, 3.66, 
217.00, 49.66, -28.59, -48.63, -3.09, -7.18, -18.27, 3.66, 
218.00, 49.74, -28.57, -48.90, -3.08, -7.44, -18.29, 3.66, 
219.00, 49.56, -29.01, -49.33, -3.07, -7.69, -18.31, 3.66, 
220.00, 49.74, -29.22, -49.36, -3.06, -7.95, -18.33, 3.66, 
221.00, 49.72, -29.19, -48.76, -3.05, -8.20, -18.35, 3.64, 
222.00, 49.90, -29.80, -48.98, -3.05, -8.46, -18.37, 3.65, 
223.00, 49.80, -29.41, -48.61, -3.04, -8.71, -18.39, 3.65, 
224.00, 49.77, -29.70, -48.86, -3.03, -8.97, -18.42, 3.66, 
225.00, 49.71, -29.91, -48.66, -3.02, -9.22, -18.44, 3.66, 
226.00, 49.48, -30.15, -48.71, -3.01, -9.48, -18.46, 3.66, 
227.00, 49.76, -31.01, -48.55, -3.01, -9.73, -18.48, 3.62, 
228.00, 49.85, -30.83, -48.98, -3.00, -9.99, -18.50, 3.65, 
229.00, 49.46, -30.82, -48.97, -2.99, -10.24, -18.52, 3.65, 
230.00, 49.77, -31.15, -49.28, -2.98, -10.50, -18.55, 3.66, 
231.00, 49.60, -31.63, -48.76, -2.97, -10.75, -18.57, 3.66, 
232.00, 49.73, -31.90, -48.64, -2.97, -11.01, -18.59, 3.66, 
233.00, 49.65, -31.75, -48.84, -2.96, -11.26, -18.61, 3.65, 
234.00, 49.56, -31.63, -49.47, -2.95, -11.52, -18.63, 3.65, 
235.00, 49.83, -32.36, -48.86, -2.94, -11.77, -18.66, 3.65, 
236.00, 50.01, -32.47, -49.15, -2.93, -12.02, -18.68, 3.65, 
237.00, 49.94, -32.68, -49.08, -2.93, -12.28, -18.70, 3.63, 
238.00, 50.26, -32.92, -49.23, -2.92, -12.53, -18.72, 3.65, 
239.00, 50.38, -32.62, -48.81, -2.91, -12.78, -18.74, 3.65, 
240.00, 50.00, -32.96, -49.16, -2.90, -13.04, -18.76, 3.65, 
241.00, 50.15, -32.96, -49.61, -2.90, -13.29, -18.79, 3.65, 
242.00, 50.25, -32.93, -49.29, -2.89, -13.54, -18.81, 3.65, 
243.00, 50.16, -33.35, -49.58, -2.88, -13.80, -18.83, 3.65, 
244.00, 50.27, -33.17, -49.80, -2.87, -14.05, -18.85, 3.65, 
245.00, 50.20, -34.23, -49.76, -2.86, -14.30, -18.87, 3.65, 
246.00, 49.78, -34.22, -49.36, -2.86, -14.56, -18.89, 3.65, 
247.00, 50.26, -34.36, -49.54, -2.85, -14.81, -18.92, 3.64, 
248.00, 50.37, -34.97, -49.56, -2.84, -15.06, -18.94, 3.65, 
249.00, 49.97, -34.86, -49.79, -2.83, -15.31, -18.96, 3.65, 
250.00, 50.16, -35.37, -49.66, -2.82, -15.57, -18.98, 3.65, 
251.00, 50.10, -35.77, -49.67, -2.82, -15.82, -19.00, 3.65, 
252.00, 49.93, -36.05, -49.82, -2.81, -16.07, -19.03, 3.65, 
253.00, 50.08, -36.52, -49.38, -2.80, -16.32, -19.05, 3.65, 
254.00, 50.09, -36.67, -49.71, -2.79, -16.58, -19.07, 3.65, 
255.00, 50.02, -36.52, -49.99, -2.79, -16.83, -19.09, 3.65, 
