loop print:
-255
-55.18
57.47
-53.95
4.10
loop print:
-245
-54.72
56.75
-54.92
4.11
loop print:
-235
-55.15
57.00
-53.98
4.11
loop print:
-225
-55.58
57.33
-53.42
4.11
loop print:
-215
-55.90
57.69
-52.96
4.12
loop print:
-205
-55.88
57.87
-51.76
4.12
loop print:
-195
-56.38
58.39
-51.67
4.13
loop print:
-185
-56.77
58.98
-51.27
4.13
loop print:
-175
-56.98
59.47
-50.94
4.13
loop print:
-165
-56.85
60.04
-49.96
4.13
loop print:
-155
-56.38
60.56
-48.28
4.13
loop print:
-145
-56.06
60.23
-46.46
4.14
loop print:
-135
-56.72
59.92
-45.29
4.14
loop print:
-125
-57.19
60.18
-44.76
4.14
loop print:
-115
-57.78
60.70
-44.35
4.14
loop print:
-105
-58.76
61.25
-45.19
4.15
loop print:
-95
-58.81
62.45
-45.19
4.15
loop print:
-85
-58.43
63.27
-43.89
4.15
loop print:
-75
-58.29
62.86
-41.82
4.15
loop print:
-65
-58.52
62.93
-41.06
4.16
loop print:
-55
-58.55
63.35
-39.89
4.16
loop print:
-45
-59.69
63.61
-40.14
4.16
loop print:
-35
-59.95
64.33
-39.76
4.16
loop print:
-25
-59.84
65.18
-39.01
4.16
loop print:
-15
-59.68
65.10
-38.40
4.16
loop print:
-5
-60.08
65.48
-37.84
4.16
loop print:
5
-60.58
65.93
-37.32
4.17
loop print:
15
-60.55
66.71
-36.89
4.16
loop print:
25
-61.08
67.18
-35.90
4.16
loop print:
35
-61.28
66.75
-35.15
4.16
loop print:
45
-61.31
67.25
-34.69
4.16
loop print:
55
-61.76
67.66
-33.99
4.16
loop print:
65
-62.13
68.35
-33.53
4.16
loop print:
75
-62.45
68.73
-33.02
4.15
loop print:
85
-62.65
69.20
-32.43
4.15
loop print:
95
-63.11
69.89
-31.52
4.15
loop print:
105
-63.25
69.72
-31.27
4.15
loop print:
115
-63.62
70.00
-30.90
4.15
loop print:
125
-63.69
69.88
-29.88
4.14
loop print:
135
-63.21
70.51
-29.53
4.14
loop print:
145
-63.85
70.87
-29.15
4.14
loop print:
155
-63.82
71.74
-28.23
4.13
loop print:
165
-63.75
72.20
-28.32
4.13
loop print:
175
-64.08
72.93
-28.10
4.13
loop print:
185
-64.63
73.14
-27.65
4.13
loop print:
195
-65.19
74.63
-28.29
4.13
loop print:
205
-65.22
75.73
-27.72
4.12
loop print:
215
-65.71
74.83
-27.24
4.12
loop print:
225
-65.54
75.42
-26.92
4.12
loop print:
235
-65.71
76.02
-26.38
4.11
loop print:
245
-65.97
76.85
-25.47
4.11
loop print:
255
-66.38
77.07
-25.37
4.10