loop print:
-255
-61.89
59.65
-52.78
3.58
loop print:
-245
-61.35
59.24
-53.90
3.58
loop print:
-235
-61.94
59.49
-52.85
3.58
loop print:
-225
-62.44
59.35
-52.01
3.59
loop print:
-215
-62.64
59.64
-51.43
3.59
loop print:
-205
-62.76
60.33
-51.25
3.60
loop print:
-195
-62.92
60.63
-50.67
3.60
loop print:
-185
-63.17
61.13
-50.47
3.60
loop print:
-175
-63.62
61.72
-49.64
3.61
loop print:
-165
-63.59
62.18
-49.39
3.61
loop print:
-155
-63.88
62.19
-48.58
3.62
loop print:
-145
-63.88
62.52
-48.23
3.62
loop print:
-135
-64.17
63.11
-47.74
3.62
loop print:
-125
-64.27
63.50
-47.31
3.62
loop print:
-115
-63.94
64.02
-45.85
3.62
loop print:
-105
-63.91
64.21
-45.42
3.63
loop print:
-95
-63.73
64.57
-44.43
3.63
loop print:
-85
-63.99
64.63
-43.90
3.63
loop print:
-75
-64.37
64.59
-42.72
3.64
loop print:
-65
-64.45
64.71
-41.76
3.64
loop print:
-55
-64.88
64.81
-41.15
3.64
loop print:
-45
-64.92
64.76
-40.59
3.65
loop print:
-35
-65.09
65.44
-40.46
3.65
loop print:
-25
-65.29
65.87
-39.99
3.65
loop print:
-15
-65.69
66.57
-39.49
3.65
loop print:
-5
-66.23
66.55
-39.04
3.65
loop print:
5
-66.78
67.21
-38.55
3.65
loop print:
15
-66.71
67.44
-37.95
3.65
loop print:
25
-67.16
67.62
-37.14
3.65
loop print:
35
-67.32
68.16
-36.56
3.65
loop print:
45
-67.23
68.60
-35.97
3.64
loop print:
55
-67.30
68.34
-35.07
3.64
loop print:
65
-67.83
68.73
-34.77
3.64
loop print:
75
-67.55
69.01
-34.78
3.64
loop print:
85
-66.65
70.56
-34.69
3.64
loop print:
95
-67.96
71.19
-34.58
3.63
loop print:
105
-68.46
71.71
-33.84
3.63
loop print:
115
-69.12
72.06
-33.80
3.63
loop print:
125
-69.61
72.22
-33.26
3.62
loop print:
135
-69.99
72.48
-33.03
3.62
loop print:
145
-69.66
72.66
-32.59
3.62
loop print:
155
-69.86
72.37
-31.80
3.62
loop print:
165
-69.98
72.48
-31.40
3.61
loop print:
175
-69.87
72.92
-30.91
3.61
loop print:
185
-69.98
73.41
-31.04
3.61
loop print:
195
-70.39
74.00
-30.50
3.60
loop print:
205
-70.45
74.24
-30.09
3.60
loop print:
215
-70.31
74.85
-29.68
3.59
loop print:
225
-70.42
75.64
-30.06
3.59
loop print:
235
-70.79
75.88
-29.55
3.58
loop print:
245
-71.03
76.29
-29.48
3.58
loop print:
255
-71.23
77.02
-29.07
3.58