loop print:
-255
-62.59
97.32
-52.65
3.93
loop print:
-245
-62.45
96.38
-53.05
3.93
loop print:
-235
-62.72
96.66
-52.67
3.94
loop print:
-225
-62.92
96.71
-51.96
3.94
loop print:
-215
-63.24
97.38
-51.09
3.95
loop print:
-205
-63.45
97.50
-50.22
3.95
loop print:
-195
-63.32
98.06
-49.61
3.95
loop print:
-185
-63.60
99.23
-49.12
3.95
loop print:
-175
-63.71
101.53
-50.09
3.96
loop print:
-165
-63.95
102.34
-49.51
3.96
loop print:
-155
-64.22
102.89
-49.06
3.97
loop print:
-145
-64.37
103.05
-48.38
3.97
loop print:
-135
-64.61
102.95
-47.42
3.97
loop print:
-125
-64.59
103.29
-46.75
3.98
loop print:
-115
-65.16
103.50
-46.97
3.98
loop print:
-105
-64.67
104.03
-45.49
3.99
loop print:
-95
-65.34
104.22
-45.49
3.99
loop print:
-85
-65.11
104.90
-44.32
3.99
loop print:
-75
-65.88
104.99
-43.77
4.00
loop print:
-65
-65.80
104.85
-42.90
4.00
loop print:
-55
-66.21
105.12
-42.57
4.00
loop print:
-45
-66.22
105.72
-41.44
4.00
loop print:
-35
-66.43
106.20
-41.37
3.95
loop print:
-25
-66.19
106.70
-40.49
3.96
loop print:
-15
-66.37
107.09
-39.86
3.97
loop print:
-5
-66.73
107.81
-39.39
3.97
loop print:
5
-66.77
107.89
-38.55
3.97
loop print:
15
-66.99
108.42
-38.03
3.97
loop print:
25
-67.33
108.92
-37.99
3.97
loop print:
35
-67.60
109.40
-36.70
3.97
loop print:
45
-67.90
109.53
-35.65
3.96
loop print:
55
-67.97
110.12
-35.65
3.96
loop print:
65
-68.27
110.39
-35.19
3.96
loop print:
75
-68.26
110.51
-35.02
3.95
loop print:
85
-68.82
111.36
-34.93
3.95
loop print:
95
-68.98
112.02
-34.38
3.95
loop print:
105
-69.08
111.84
-33.58
3.94
loop print:
115
-69.35
112.27
-33.19
3.94
loop print:
125
-69.49
113.20
-33.05
3.93
loop print:
135
-69.49
113.42
-32.65
3.92
loop print:
145
-69.89
113.79
-31.78
3.92
loop print:
155
-70.42
114.19
-31.85
3.91
loop print:
165
-70.12
114.65
-30.91
3.91
loop print:
175
-70.53
114.75
-30.93
3.90
loop print:
185
-70.79
115.44
-30.75
3.89
loop print:
195
-70.59
115.96
-30.42
3.88
loop print:
205
-70.95
116.42
-30.41
3.88
loop print:
215
-71.19
116.38
-29.75
3.87
loop print:
225
-71.66
116.80
-29.35
3.86
loop print:
235
-72.16
117.51
-28.93
3.86
loop print:
245
-71.93
117.89
-28.17
3.85
loop print:
255
-72.66
118.19
-28.31
3.84