loop print:
-255
-61.89
59.53
-53.72
3.88
loop print:
-245
-61.79
59.02
-55.15
3.89
loop print:
-235
-61.97
59.49
-54.43
3.89
loop print:
-225
-62.27
59.13
-53.05
3.90
loop print:
-215
-62.34
59.96
-53.03
3.90
loop print:
-205
-62.12
60.60
-51.78
3.91
loop print:
-195
-62.63
60.48
-50.60
3.91
loop print:
-185
-63.54
60.54
-50.65
3.92
loop print:
-175
-63.45
61.31
-50.98
3.92
loop print:
-165
-63.05
62.40
-49.57
3.92
loop print:
-155
-62.76
62.16
-47.42
3.93
loop print:
-145
-63.59
61.74
-46.52
3.93
loop print:
-135
-64.55
61.89
-46.31
3.93
loop print:
-125
-64.77
62.21
-46.08
3.93
loop print:
-115
-65.27
62.70
-45.95
3.94
loop print:
-105
-65.02
64.23
-46.28
3.94
loop print:
-95
-64.98
64.17
-44.75
3.95
loop print:
-85
-64.93
64.03
-43.12
3.94
loop print:
-75
-65.60
63.63
-42.99
3.95
loop print:
-65
-65.57
65.14
-43.14
3.95
loop print:
-55
-65.12
65.62
-41.79
3.95
loop print:
-45
-65.67
65.42
-40.72
3.95
loop print:
-35
-66.35
65.65
-40.84
3.95
loop print:
-25
-66.26
66.58
-40.22
3.95
loop print:
-15
-66.36
66.78
-39.25
3.95
loop print:
-5
-66.77
67.17
-38.28
3.95
loop print:
5
-67.11
67.54
-37.74
3.95
loop print:
15
-67.21
67.94
-37.04
3.95
loop print:
25
-67.32
68.09
-36.95
3.95
loop print:
35
-67.85
68.77
-36.28
3.95
loop print:
45
-68.02
69.45
-36.11
3.95
loop print:
55
-67.88
69.54
-35.13
3.95
loop print:
65
-68.56
69.03
-34.68
3.95
loop print:
75
-69.11
70.20
-34.81
3.95
loop print:
85
-69.13
71.34
-34.22
3.94
loop print:
95
-68.42
71.48
-33.62
3.94
loop print:
105
-69.07
70.49
-32.29
3.94
loop print:
115
-69.86
71.58
-32.45
3.94
loop print:
125
-69.84
73.09
-32.93
3.94
loop print:
135
-69.71
72.39
-31.84
3.93
loop print:
145
-69.90
71.96
-30.93
3.93
loop print:
155
-69.99
72.66
-30.60
3.93
loop print:
165
-70.74
72.90
-29.87
3.92
loop print:
175
-71.38
74.02
-30.14
3.92
loop print:
185
-70.90
75.28
-30.27
3.92
loop print:
195
-70.76
74.85
-29.31
3.91
loop print:
205
-71.26
75.16
-29.13
3.91
loop print:
215
-71.33
76.73
-29.05
3.90
loop print:
225
-71.55
76.38
-27.73
3.90
loop print:
235
-71.91
76.83
-27.45
3.90
loop print:
245
-72.20
77.20
-27.42
3.89
loop print:
255
-72.18
77.85
-27.22
3.88