loop print:
-255
-54.44
57.28
-54.46
4.18
loop print:
-245
-54.22
56.68
-55.40
4.19
loop print:
-235
-54.75
57.22
-54.50
4.20
loop print:
-225
-54.93
57.87
-54.54
4.20
loop print:
-215
-55.05
58.26
-53.72
4.21
loop print:
-205
-55.39
58.50
-53.08
4.21
loop print:
-195
-55.84
58.81
-52.65
4.22
loop print:
-185
-56.13
59.46
-51.91
4.22
loop print:
-175
-56.40
59.66
-51.07
4.22
loop print:
-165
-56.52
60.10
-50.44
4.23
loop print:
-155
-56.79
60.69
-49.56
4.23
loop print:
-145
-56.79
61.22
-48.42
4.23
loop print:
-135
-56.83
61.63
-47.28
4.23
loop print:
-125
-56.65
62.02
-46.82
4.23
loop print:
-115
-57.18
61.99
-46.28
4.24
loop print:
-105
-57.79
62.43
-45.78
4.24
loop print:
-95
-58.11
62.94
-44.89
4.24
loop print:
-85
-58.51
63.23
-44.17
4.25
loop print:
-75
-58.22
63.65
-43.79
4.25
loop print:
-65
-58.34
64.20
-42.81
4.25
loop print:
-55
-58.68
64.33
-41.97
4.25
loop print:
-45
-59.19
64.70
-41.12
4.25
loop print:
-35
-59.53
64.75
-40.26
4.26
loop print:
-25
-59.78
65.11
-39.30
4.26
loop print:
-15
-59.25
65.20
-38.71
4.26
loop print:
-5
-60.18
65.39
-38.25
4.26
loop print:
5
-60.52
65.57
-37.49
4.26
loop print:
15
-60.50
65.84
-37.18
4.26
loop print:
25
-60.56
66.19
-36.11
4.25
loop print:
35
-60.97
66.81
-35.31
4.26
loop print:
45
-61.45
66.87
-34.85
4.25
loop print:
55
-61.70
67.33
-33.95
4.25
loop print:
65
-62.38
68.82
-34.06
4.25
loop print:
75
-62.20
69.74
-33.97
4.25
loop print:
85
-62.34
70.15
-33.37
4.24
loop print:
95
-62.25
70.81
-32.65
4.24
loop print:
105
-62.24
71.03
-31.92
4.24
loop print:
115
-62.67
71.44
-31.79
4.24
loop print:
125
-62.99
71.18
-30.58
4.23
loop print:
135
-63.30
70.85
-29.36
4.23
loop print:
145
-63.90
71.00
-29.35
4.23
loop print:
155
-64.66
71.44
-28.77
4.23
loop print:
165
-65.13
73.35
-29.77
4.23
loop print:
175
-64.71
74.52
-29.46
4.22
loop print:
185
-64.57
74.03
-28.55
4.22
loop print:
195
-64.86
73.42
-27.31
4.21
loop print:
205
-65.56
74.10
-26.85
4.21
loop print:
215
-65.71
74.77
-27.03
4.21
loop print:
225
-65.86
75.70
-26.63
4.20
loop print:
235
-65.72
76.02
-26.24
4.20
loop print:
245
-65.79
76.48
-25.78
4.19
loop print:
255
-66.29
76.82
-25.68
4.19