loop print:
-255
-62.03
59.88
-52.95
3.62
loop print:
-245
-62.03
59.27
-53.94
3.63
loop print:
-235
-61.71
59.37
-53.22
3.64
loop print:
-225
-62.06
59.57
-52.17
3.64
loop print:
-215
-62.52
59.44
-51.44
3.65
loop print:
-205
-62.67
59.82
-50.94
3.66
loop print:
-195
-63.01
60.55
-50.87
3.66
loop print:
-185
-63.20
60.74
-50.89
3.67
loop print:
-175
-63.56
61.46
-49.99
3.67
loop print:
-165
-63.69
61.79
-49.34
3.67
loop print:
-155
-63.81
62.39
-48.52
3.68
loop print:
-145
-63.78
62.67
-48.25
3.68
loop print:
-135
-63.60
63.17
-47.55
3.69
loop print:
-125
-63.47
63.69
-46.34
3.69
loop print:
-115
-63.61
63.80
-44.91
3.70
loop print:
-105
-64.14
64.16
-44.74
3.70
loop print:
-95
-64.30
64.15
-44.22
3.70
loop print:
-85
-64.34
63.98
-42.87
3.71
loop print:
-75
-64.62
63.95
-41.99
3.71
loop print:
-65
-64.93
64.22
-41.15
3.72
loop print:
-55
-65.20
64.70
-40.37
3.72
loop print:
-45
-65.16
65.06
-40.17
3.72
loop print:
-35
-65.75
65.62
-39.70
3.73
loop print:
-25
-66.01
65.85
-39.25
3.73
loop print:
-15
-66.11
66.26
-38.80
3.73
loop print:
-5
-66.24
66.75
-38.39
3.73
loop print:
5
-66.48
67.38
-37.58
3.73
loop print:
15
-66.59
67.92
-36.99
3.73
loop print:
25
-67.12
68.33
-36.69
3.73
loop print:
35
-67.45
68.61
-36.47
3.73
loop print:
45
-67.50
69.11
-36.00
3.72
loop print:
55
-67.86
68.97
-35.37
3.72
loop print:
65
-67.90
69.33
-34.63
3.72
loop print:
75
-68.10
68.97
-33.76
3.71
loop print:
85
-68.30
69.64
-33.32
3.71
loop print:
95
-67.76
70.41
-33.50
3.71
loop print:
105
-67.95
71.49
-33.54
3.70
loop print:
115
-68.18
72.08
-33.16
3.70
loop print:
125
-68.61
72.75
-33.25
3.69
loop print:
135
-69.48
73.42
-33.20
3.68
loop print:
145
-69.82
72.52
-31.71
3.68
loop print:
155
-69.47
71.95
-30.67
3.68
loop print:
165
-69.31
73.00
-30.54
3.67
loop print:
175
-69.57
73.03
-30.40
3.67
loop print:
185
-69.88
73.61
-30.06
3.66
loop print:
195
-70.13
74.29
-29.98
3.66
loop print:
205
-70.26
74.74
-29.52
3.65
loop print:
215
-70.69
75.38
-29.38
3.65
loop print:
225
-70.78
75.57
-28.82
3.64
loop print:
235
-71.05
75.91
-29.15
3.63
loop print:
245
-71.07
76.46
-28.69
3.63
loop print:
255
-71.46
76.69
-28.49
3.61