loop print:
-255
-61.89
59.70
-53.34
3.78
loop print:
-245
-61.52
58.99
-54.03
3.79
loop print:
-235
-61.54
59.21
-53.57
3.79
loop print:
-225
-61.87
59.34
-52.78
3.80
loop print:
-215
-62.27
59.74
-51.99
3.80
loop print:
-205
-62.56
60.29
-52.14
3.81
loop print:
-195
-62.78
60.65
-51.73
3.81
loop print:
-185
-63.18
61.47
-51.19
3.81
loop print:
-175
-63.31
61.87
-50.30
3.82
loop print:
-165
-63.60
62.07
-49.92
3.82
loop print:
-155
-63.22
62.51
-48.38
3.82
loop print:
-145
-63.08
62.30
-46.43
3.83
loop print:
-135
-63.45
61.87
-45.94
3.83
loop print:
-125
-64.61
62.27
-45.91
3.83
loop print:
-115
-64.91
63.61
-46.37
3.83
loop print:
-105
-64.60
64.35
-45.88
3.84
loop print:
-95
-64.48
65.01
-44.90
3.84
loop print:
-85
-64.63
64.70
-43.40
3.84
loop print:
-75
-64.76
64.46
-42.02
3.85
loop print:
-65
-65.31
64.65
-41.51
3.85
loop print:
-55
-65.63
64.96
-41.77
3.85
loop print:
-45
-66.00
65.72
-41.80
3.85
loop print:
-35
-65.86
66.48
-40.61
3.85
loop print:
-25
-65.82
66.14
-39.92
3.85
loop print:
-15
-66.20
66.83
-39.56
3.86
loop print:
-5
-66.36
67.23
-39.06
3.85
loop print:
5
-66.69
67.66
-37.99
3.86
loop print:
15
-67.18
67.85
-37.18
3.86
loop print:
25
-67.16
68.34
-36.83
3.86
loop print:
35
-67.47
69.05
-36.75
3.85
loop print:
45
-67.58
69.60
-36.04
3.85
loop print:
55
-68.12
69.05
-35.12
3.85
loop print:
65
-68.55
69.72
-34.93
3.85
loop print:
75
-68.65
70.59
-35.42
3.84
loop print:
85
-68.89
71.49
-35.14
3.84
loop print:
95
-68.83
71.61
-34.86
3.84
loop print:
105
-68.75
72.02
-34.44
3.84
loop print:
115
-68.71
71.22
-32.63
3.84
loop print:
125
-69.51
71.39
-32.14
3.83
loop print:
135
-70.27
72.53
-32.38
3.83
loop print:
145
-70.43
73.98
-32.60
3.83
loop print:
155
-69.84
74.29
-31.85
3.83
loop print:
165
-70.06
73.81
-31.30
3.82
loop print:
175
-70.06
73.48
-30.69
3.82
loop print:
185
-70.42
73.75
-29.77
3.82
loop print:
195
-71.01
74.35
-30.04
3.81
loop print:
205
-71.27
75.66
-30.07
3.81
loop print:
215
-71.13
76.72
-29.60
3.81
loop print:
225
-71.19
76.74
-29.05
3.80
loop print:
235
-71.31
76.74
-28.56
3.79
loop print:
245
-71.65
77.03
-28.36
3.79
loop print:
255
-71.95
77.43
-28.06
3.78