---START---
-255.00, -56.20, 154.34, -45.76, -7.07, 115.05, -9.40, 3.86, 
-254.00, -47.68, 148.88, -36.71, -7.06, 114.81, -9.42, 3.86, 
-253.00, -47.63, 148.17, -36.28, -7.05, 114.57, -9.43, 3.86, 
-252.00, -47.54, 148.09, -36.50, -7.05, 114.33, -9.45, 3.86, 
-251.00, -47.62, 147.84, -36.43, -7.04, 114.08, -9.46, 3.86, 
-250.00, -47.53, 147.85, -36.37, -7.03, 113.84, -9.48, 3.86, 
-249.00, -47.27, 147.51, -36.25, -7.02, 113.60, -9.49, 3.86, 
-248.00, -47.23, 147.31, -36.35, -7.02, 113.36, -9.51, 3.86, 
-247.00, -47.62, 147.10, -36.39, -7.01, 113.11, -9.53, 3.86, 
-246.00, -47.60, 146.95, -36.67, -7.00, 112.87, -9.54, 3.86, 
-245.00, -47.35, 146.61, -36.64, -6.99, 112.63, -9.56, 3.86, 
-244.00, -47.26, 146.29, -36.44, -6.99, 112.38, -9.57, 3.86, 
-243.00, -47.17, 145.75, -36.41, -6.98, 112.14, -9.59, 3.86, 
-242.00, -47.53, 145.40, -36.20, -6.97, 111.90, -9.61, 3.86, 
-241.00, -47.49, 145.48, -36.25, -6.96, 111.65, -9.62, 3.86, 
-240.00, -47.55, 145.35, -36.35, -6.96, 111.41, -9.64, 3.86, 
-239.00, -47.53, 144.98, -36.48, -6.95, 111.17, -9.65, 3.86, 
-238.00, -47.82, 145.17, -36.46, -6.94, 110.92, -9.67, 3.86, 
-237.00, -47.77, 144.49, -36.67, -6.93, 110.68, -9.69, 3.86, 
-236.00, -47.45, 144.05, -36.47, -6.93, 110.43, -9.70, 3.86, 
-235.00, -47.64, 144.07, -36.83, -6.92, 110.19, -9.72, 3.86, 
-234.00, -47.69, 143.49, -36.99, -6.91, 109.94, -9.73, 3.86, 
-233.00, -47.56, 143.46, -36.46, -6.90, 109.70, -9.75, 3.86, 
-232.00, -47.56, 143.29, -36.65, -6.90, 109.45, -9.77, 3.86, 
-231.00, -47.70, 142.75, -36.59, -6.89, 109.21, -9.78, 3.86, 
-230.00, -47.83, 143.07, -36.45, -6.88, 108.96, -9.80, 3.86, 
-229.00, -47.84, 142.18, -36.51, -6.87, 108.72, -9.82, 3.85, 
-228.00, -47.80, 142.16, -36.26, -6.87, 108.47, -9.83, 3.86, 
-227.00, -47.61, 141.84, -36.78, -6.86, 108.22, -9.85, 3.86, 
-226.00, -47.91, 141.37, -36.85, -6.85, 107.98, -9.86, 3.86, 
-225.00, -47.57, 142.17, -37.03, -6.84, 107.73, -9.88, 3.86, 
-224.00, -47.58, 141.10, -36.70, -6.84, 107.49, -9.90, 3.86, 
-223.00, -47.75, 141.56, -36.62, -6.83, 107.24, -9.91, 3.86, 
-222.00, -47.48, 140.86, -36.40, -6.82, 106.99, -9.93, 3.86, 
-221.00, -47.76, 141.01, -36.50, -6.81, 106.75, -9.95, 3.86, 
-220.00, -47.64, 140.84, -36.55, -6.81, 106.50, -9.96, 3.86, 
-219.00, -47.65, 140.23, -37.11, -6.80, 106.25, -9.98, 3.86, 
-218.00, -47.56, 140.97, -37.32, -6.79, 106.00, -9.99, 3.86, 
-217.00, -47.48, 139.99, -36.93, -6.78, 105.76, -10.01, 3.86, 
-216.00, -47.61, 139.41, -37.03, -6.77, 105.51, -10.03, 3.86, 
-215.00, -47.62, 139.72, -36.75, -6.77, 105.26, -10.04, 3.86, 
-214.00, -47.45, 138.85, -37.07, -6.76, 105.01, -10.06, 3.86, 
-213.00, -47.46, 138.90, -36.53, -6.75, 104.77, -10.08, 3.86, 
-212.00, -47.35, 138.25, -36.33, -6.74, 104.52, -10.09, 3.86, 
-211.00, -47.55, 138.33, -36.59, -6.74, 104.27, -10.11, 3.86, 
-210.00, -47.68, 139.06, -36.17, -6.73, 104.02, -10.13, 3.86, 
-209.00, -47.71, 138.59, -36.32, -6.72, 103.77, -10.14, 3.86, 
-208.00, -47.79, 138.06, -36.37, -6.71, 103.53, -10.16, 3.87, 
-207.00, -47.61, 137.83, -36.57, -6.71, 103.28, -10.17, 3.87, 
-206.00, -47.78, 136.55, -36.45, -6.70, 103.03, -10.19, 3.87, 
-205.00, -47.79, 136.99, -37.01, -6.69, 102.78, -10.21, 3.86, 
-204.00, -47.72, 136.68, -37.40, -6.68, 102.53, -10.22, 3.86, 
-203.00, -47.55, 137.58, -36.85, -6.67, 102.28, -10.24, 3.86, 
-202.00, -47.41, 137.26, -36.64, -6.67, 102.03, -10.26, 3.87, 
-201.00, -47.48, 136.25, -36.78, -6.66, 101.78, -10.27, 3.87, 
-200.00, -47.45, 136.96, -36.85, -6.65, 101.53, -10.29, 3.86, 
-199.00, -47.89, 135.66, -37.24, -6.64, 101.28, -10.31, 3.86, 
-198.00, -47.49, 134.54, -37.48, -6.63, 101.03, -10.32, 3.87, 
-197.00, -47.56, 135.86, -37.30, -6.63, 100.78, -10.34, 3.87, 
-196.00, -47.45, 135.30, -37.53, -6.62, 100.53, -10.36, 3.87, 
-195.00, -47.49, 135.10, -37.48, -6.61, 100.28, -10.37, 3.87, 
-194.00, -47.49, 135.02, -36.20, -6.60, 100.03, -10.39, 3.86, 
-193.00, -47.32, 134.05, -36.99, -6.60, 99.78, -10.41, 3.87, 
-192.00, -47.37, 134.69, -37.07, -6.59, 99.53, -10.42, 3.87, 
-191.00, -47.61, 133.74, -37.40, -6.58, 99.28, -10.44, 3.87, 
-190.00, -47.60, 133.93, -37.18, -6.57, 99.03, -10.46, 3.87, 
-189.00, -47.79, 134.14, -37.23, -6.56, 98.78, -10.47, 3.86, 
-188.00, -47.28, 133.09, -37.75, -6.56, 98.53, -10.49, 3.87, 
-187.00, -47.69, 133.25, -36.86, -6.55, 98.28, -10.51, 3.87, 
-186.00, -47.57, 131.86, -36.89, -6.54, 98.02, -10.52, 3.87, 
-185.00, -47.20, 131.59, -37.06, -6.53, 97.77, -10.54, 3.86, 
-184.00, -47.17, 133.11, -36.85, -6.52, 97.52, -10.56, 3.86, 
-183.00, -47.33, 131.80, -36.55, -6.52, 97.27, -10.57, 3.87, 
-182.00, -47.18, 132.18, -37.27, -6.51, 97.02, -10.59, 3.87, 
-181.00, -47.32, 132.05, -37.06, -6.50, 96.77, -10.61, 3.87, 
-180.00, -47.22, 130.33, -37.06, -6.49, 96.51, -10.62, 3.87, 
-179.00, -47.16, 131.21, -37.45, -6.48, 96.26, -10.64, 3.86, 
-178.00, -46.78, 130.88, -37.14, -6.48, 96.01, -10.66, 3.86, 
-177.00, -46.91, 130.60, -37.31, -6.47, 95.76, -10.67, 3.87, 
-176.00, -46.88, 131.25, -37.07, -6.46, 95.50, -10.69, 3.87, 
-175.00, -46.88, 130.11, -37.43, -6.45, 95.25, -10.71, 3.87, 
-174.00, -46.84, 129.90, -37.18, -6.44, 95.00, -10.73, 3.87, 
-173.00, -46.95, 129.28, -37.20, -6.44, 94.75, -10.74, 3.86, 
-172.00, -47.01, 128.54, -37.13, -6.43, 94.49, -10.76, 3.86, 
-171.00, -47.23, 128.90, -37.06, -6.42, 94.24, -10.78, 3.87, 
-170.00, -46.97, 128.48, -36.89, -6.41, 93.99, -10.79, 3.87, 
-169.00, -47.29, 128.78, -37.00, -6.40, 93.73, -10.81, 3.87, 
-168.00, -47.07, 129.46, -37.38, -6.39, 93.48, -10.83, 3.88, 
-167.00, -47.19, 127.39, -37.17, -6.39, 93.23, -10.84, 3.87, 
-166.00, -47.36, 127.66, -37.68, -6.38, 92.97, -10.86, 3.87, 
-165.00, -47.40, 127.21, -37.31, -6.37, 92.72, -10.88, 3.87, 
-164.00, -47.47, 126.22, -36.57, -6.36, 92.47, -10.90, 3.87, 
-163.00, -47.15, 128.12, -37.15, -6.35, 92.21, -10.91, 3.88, 
-162.00, -47.08, 126.71, -37.21, -6.35, 91.96, -10.93, 3.87, 
-161.00, -47.04, 127.28, -37.48, -6.34, 91.70, -10.95, 3.87, 
-160.00, -46.95, 126.46, -37.91, -6.33, 91.45, -10.96, 3.87, 
-159.00, -47.26, 126.09, -37.99, -6.32, 91.19, -10.98, 3.88, 
-158.00, -47.12, 126.38, -37.57, -6.31, 90.94, -11.00, 3.88, 
-157.00, -47.13, 125.38, -37.35, -6.30, 90.69, -11.01, 3.87, 
-156.00, -47.09, 126.08, -38.43, -6.30, 90.43, -11.03, 3.87, 
-155.00, -46.92, 126.10, -37.63, -6.29, 90.18, -11.05, 3.87, 
-154.00, -46.87, 125.03, -37.80, -6.28, 89.92, -11.07, 3.88, 
-153.00, -46.83, 126.26, -37.31, -6.27, 89.67, -11.08, 3.88, 
-152.00, -47.07, 123.91, -38.04, -6.26, 89.41, -11.10, 3.87, 
-151.00, -47.11, 124.83, -38.19, -6.26, 89.16, -11.12, 3.87, 
-150.00, -47.02, 124.66, -37.74, -6.25, 88.90, -11.13, 3.88, 
-149.00, -47.33, 122.88, -37.68, -6.24, 88.64, -11.15, 3.88, 
-148.00, -46.86, 124.75, -37.98, -6.23, 88.39, -11.17, 3.87, 
-147.00, -47.02, 121.74, -37.83, -6.22, 88.13, -11.19, 3.87, 
-146.00, -47.07, 123.33, -37.96, -6.21, 87.88, -11.20, 3.88, 
-145.00, -47.37, 122.73, -37.33, -6.21, 87.62, -11.22, 3.88, 
-144.00, -47.28, 122.05, -37.37, -6.20, 87.37, -11.24, 3.87, 
-143.00, -47.20, 124.05, -37.33, -6.19, 87.11, -11.26, 3.87, 
-142.00, -47.39, 122.11, -37.47, -6.18, 86.85, -11.27, 3.88, 
-141.00, -47.15, 122.96, -37.93, -6.17, 86.60, -11.29, 3.88, 
-140.00, -47.26, 122.83, -37.66, -6.16, 86.34, -11.31, 3.88, 
-139.00, -47.11, 121.66, -38.05, -6.16, 86.08, -11.32, 3.87, 
-138.00, -46.92, 121.87, -38.33, -6.15, 85.83, -11.34, 3.88, 
-137.00, -46.88, 120.31, -37.75, -6.14, 85.57, -11.36, 3.88, 
-136.00, -46.90, 121.98, -38.45, -6.13, 85.31, -11.38, 3.87, 
-135.00, -46.92, 121.02, -38.14, -6.12, 85.06, -11.39, 3.87, 
-134.00, -47.06, 120.76, -38.41, -6.11, 84.80, -11.41, 3.88, 
-133.00, -46.81, 121.22, -38.04, -6.11, 84.54, -11.43, 3.88, 
-132.00, -46.95, 118.64, -38.38, -6.10, 84.29, -11.45, 3.87, 
-131.00, -46.73, 120.11, -38.29, -6.09, 84.03, -11.46, 3.87, 
-130.00, -46.42, 119.22, -37.89, -6.08, 83.77, -11.48, 3.88, 
-129.00, -46.31, 119.74, -38.01, -6.07, 83.51, -11.50, 3.88, 
-128.00, -46.66, 119.99, -38.25, -6.06, 83.26, -11.52, 3.87, 
-127.00, -46.64, 118.51, -38.66, -6.06, 83.00, -11.53, 3.87, 
-126.00, -46.94, 119.14, -38.07, -6.05, 82.74, -11.55, 3.88, 
-125.00, -46.88, 117.38, -38.36, -6.04, 82.48, -11.57, 3.88, 
-124.00, -46.69, 118.30, -38.26, -6.03, 82.23, -11.59, 3.88, 
-123.00, -46.85, 118.10, -37.95, -6.02, 81.97, -11.60, 3.88, 
-122.00, -46.86, 117.98, -38.38, -6.01, 81.71, -11.62, 3.88, 
-121.00, -47.21, 118.00, -38.01, -6.01, 81.45, -11.64, 3.88, 
-120.00, -47.10, 116.18, -38.12, -6.00, 81.19, -11.66, 3.88, 
-119.00, -46.80, 117.70, -38.18, -5.99, 80.94, -11.67, 3.88, 
-118.00, -47.19, 117.24, -38.13, -5.98, 80.68, -11.69, 3.88, 
-117.00, -47.10, 116.79, -38.40, -5.97, 80.42, -11.71, 3.88, 
-116.00, -46.89, 117.14, -38.62, -5.96, 80.16, -11.73, 3.88, 
-115.00, -47.26, 114.53, -38.65, -5.95, 79.90, -11.74, 3.88, 
-114.00, -47.06, 115.79, -38.61, -5.95, 79.64, -11.76, 3.88, 
-113.00, -46.95, 115.22, -39.22, -5.94, 79.38, -11.78, 3.89, 
-112.00, -46.88, 115.85, -39.04, -5.93, 79.13, -11.80, 3.88, 
-111.00, -47.06, 115.02, -38.94, -5.92, 78.87, -11.82, 3.88, 
-110.00, -46.87, 114.47, -39.01, -5.91, 78.61, -11.83, 3.88, 
-109.00, -46.90, 114.72, -39.24, -5.90, 78.35, -11.85, 3.88, 
-108.00, -47.00, 113.00, -39.28, -5.90, 78.09, -11.87, 3.88, 
-107.00, -46.92, 114.71, -38.77, -5.89, 77.83, -11.89, 3.88, 
-106.00, -47.10, 112.85, -39.34, -5.88, 77.57, -11.90, 3.88, 
-105.00, -46.68, 114.00, -39.12, -5.87, 77.31, -11.92, 3.89, 
-104.00, -47.00, 111.80, -39.17, -5.86, 77.05, -11.94, 3.88, 
-103.00, -47.15, 112.75, -39.07, -5.85, 76.79, -11.96, 3.88, 
-102.00, -46.75, 112.32, -38.87, -5.84, 76.53, -11.98, 3.88, 
-101.00, -46.68, 112.83, -38.88, -5.84, 76.27, -11.99, 3.88, 
-100.00, -46.65, 113.04, -38.53, -5.83, 76.01, -12.01, 3.89, 
-99.00, -47.03, 111.27, -38.85, -5.82, 75.75, -12.03, 3.88, 
-98.00, -47.19, 111.79, -39.01, -5.81, 75.49, -12.05, 3.88, 
-97.00, -47.10, 110.35, -39.11, -5.80, 75.23, -12.06, 3.89, 
-96.00, -46.92, 111.78, -38.83, -5.79, 74.97, -12.08, 3.88, 
-95.00, -46.87, 110.75, -38.49, -5.78, 74.71, -12.10, 3.89, 
-94.00, -46.58, 111.72, -38.90, -5.78, 74.45, -12.12, 3.88, 
-93.00, -46.66, 110.03, -38.84, -5.77, 74.19, -12.14, 3.88, 
-92.00, -46.90, 110.17, -39.12, -5.76, 73.93, -12.15, 3.89, 
-91.00, -46.76, 110.32, -38.94, -5.75, 73.67, -12.17, 3.88, 
-90.00, -46.84, 110.22, -39.00, -5.74, 73.41, -12.19, 3.88, 
-89.00, -46.97, 110.53, -38.45, -5.73, 73.15, -12.21, 3.88, 
-88.00, -46.37, 108.15, -39.02, -5.72, 72.89, -12.23, 3.88, 
-87.00, -46.45, 109.33, -39.02, -5.72, 72.63, -12.24, 3.88, 
-86.00, -46.47, 109.07, -38.96, -5.71, 72.37, -12.26, 3.88, 
-85.00, -46.85, 109.17, -38.97, -5.70, 72.11, -12.28, 3.89, 
-84.00, -46.96, 108.41, -39.47, -5.69, 71.85, -12.30, 3.88, 
-83.00, -47.03, 107.39, -39.16, -5.68, 71.59, -12.32, 3.88, 
-82.00, -46.57, 108.25, -39.74, -5.67, 71.33, -12.33, 3.88, 
-81.00, -46.57, 107.98, -39.57, -5.66, 71.06, -12.35, 3.88, 
-80.00, -46.26, 108.05, -39.37, -5.66, 70.80, -12.37, 3.88, 
-79.00, -46.28, 106.22, -39.65, -5.65, 70.54, -12.39, 3.88, 
-78.00, -46.26, 107.57, -39.63, -5.64, 70.28, -12.41, 3.88, 
-77.00, -46.53, 107.33, -39.54, -5.63, 70.02, -12.42, 3.88, 
-76.00, -46.86, 106.67, -39.65, -5.62, 69.76, -12.44, 3.89, 
-75.00, -46.77, 106.71, -40.04, -5.61, 69.50, -12.46, 3.88, 
-74.00, -46.45, 105.83, -39.80, -5.60, 69.23, -12.48, 3.89, 
-73.00, -46.43, 106.80, -40.03, -5.59, 68.97, -12.50, 3.88, 
-72.00, -46.26, 104.70, -39.91, -5.59, 68.71, -12.51, 3.89, 
-71.00, -46.65, 105.27, -40.31, -5.58, 68.45, -12.53, 3.88, 
-70.00, -46.60, 104.29, -40.11, -5.57, 68.19, -12.55, 3.89, 
-69.00, -46.38, 105.07, -40.17, -5.56, 67.93, -12.57, 3.88, 
-68.00, -46.55, 104.36, -39.85, -5.55, 67.66, -12.59, 3.89, 
-67.00, -46.52, 104.03, -39.86, -5.54, 67.40, -12.61, 3.88, 
-66.00, -46.12, 104.34, -39.88, -5.53, 67.14, -12.62, 3.89, 
-65.00, -46.55, 103.89, -39.73, -5.53, 66.88, -12.64, 3.89, 
-64.00, -46.49, 104.80, -39.47, -5.52, 66.62, -12.66, 3.89, 
-63.00, -46.35, 102.78, -39.58, -5.51, 66.35, -12.68, 3.89, 
-62.00, -46.31, 104.48, -39.57, -5.50, 66.09, -12.70, 3.89, 
-61.00, -46.67, 103.03, -39.21, -5.49, 65.83, -12.72, 3.89, 
-60.00, -46.67, 102.92, -39.59, -5.48, 65.57, -12.73, 3.89, 
-59.00, -46.21, 102.58, -39.87, -5.47, 65.30, -12.75, 3.89, 
-58.00, -46.62, 101.85, -39.92, -5.46, 65.04, -12.77, 3.89, 
-57.00, -46.57, 102.75, -39.66, -5.46, 64.78, -12.79, 3.89, 
-56.00, -46.21, 101.38, -39.78, -5.45, 64.52, -12.81, 3.89, 
-55.00, -46.19, 101.77, -39.67, -5.44, 64.25, -12.83, 3.89, 
-54.00, -46.49, 101.27, -39.83, -5.43, 63.99, -12.84, 3.89, 
-53.00, -46.19, 100.33, -39.68, -5.42, 63.73, -12.86, 3.89, 
-52.00, -46.35, 101.38, -40.11, -5.41, 63.47, -12.88, 3.89, 
-51.00, -46.12, 100.00, -39.85, -5.40, 63.20, -12.90, 3.89, 
-50.00, -46.20, 100.06, -40.00, -5.39, 62.94, -12.92, 3.89, 
-49.00, -46.00, 100.52, -39.61, -5.39, 62.68, -12.94, 3.89, 
-48.00, -46.06, 99.62, -40.24, -5.38, 62.42, -12.95, 3.89, 
-47.00, -46.12, 100.04, -40.15, -5.37, 62.15, -12.97, 3.89, 
-46.00, -46.25, 99.44, -40.35, -5.36, 61.89, -12.99, 3.89, 
-45.00, -46.12, 98.82, -40.60, -5.35, 61.63, -13.01, 3.89, 
-44.00, -45.94, 98.11, -40.37, -5.34, 61.36, -13.03, 3.89, 
-43.00, -46.17, 99.05, -40.49, -5.33, 61.10, -13.05, 3.89, 
-42.00, -46.45, 98.39, -40.37, -5.32, 60.84, -13.07, 3.89, 
-41.00, -46.41, 97.94, -40.22, -5.32, 60.57, -13.08, 3.89, 
-40.00, -46.80, 98.39, -40.28, -5.31, 60.31, -13.10, 3.89, 
-39.00, -46.43, 97.14, -40.55, -5.30, 60.05, -13.12, 3.89, 
-38.00, -46.32, 97.39, -40.62, -5.29, 59.78, -13.14, 3.89, 
-37.00, -46.14, 97.26, -40.73, -5.28, 59.52, -13.16, 3.89, 
-36.00, -46.29, 96.59, -40.71, -5.27, 59.26, -13.18, 3.89, 
-35.00, -46.33, 97.20, -40.27, -5.26, 58.99, -13.20, 3.89, 
-34.00, -45.93, 96.84, -40.49, -5.25, 58.73, -13.21, 3.89, 
-33.00, -46.05, 96.61, -40.25, -5.25, 58.47, -13.23, 3.89, 
-32.00, -46.06, 95.33, -40.34, -5.24, 58.20, -13.25, 3.89, 
-31.00, -46.17, 96.21, -40.26, -5.23, 57.94, -13.27, 3.89, 
-30.00, -46.35, 95.16, -40.08, -5.22, 57.68, -13.29, 3.89, 
-29.00, -46.10, 95.61, -39.76, -5.21, 57.41, -13.31, 3.89, 
-28.00, -46.34, 95.26, -39.99, -5.20, 57.15, -13.33, 3.89, 
-27.00, -46.19, 95.13, -40.15, -5.19, 56.88, -13.35, 3.89, 
-26.00, -46.09, 94.55, -40.36, -5.18, 56.62, -13.36, 3.89, 
-25.00, -45.95, 94.50, -40.36, -5.18, 56.36, -13.38, 3.89, 
-24.00, -45.97, 94.65, -40.05, -5.17, 56.09, -13.40, 3.89, 
-23.00, -46.11, 93.96, -40.07, -5.16, 55.83, -13.42, 3.89, 
-22.00, -46.06, 93.76, -40.05, -5.15, 55.57, -13.44, 3.89, 
-21.00, -46.09, 93.22, -39.94, -5.14, 55.30, -13.46, 3.89, 
-20.00, -45.99, 93.31, -40.22, -5.13, 55.04, -13.48, 3.89, 
-19.00, -45.97, 92.72, -40.10, -5.12, 54.77, -13.50, 3.89, 
-18.00, -45.90, 92.77, -39.92, -5.11, 54.51, -13.51, 3.89, 
-17.00, -46.30, 92.20, -39.87, -5.10, 54.25, -13.53, 3.89, 
-16.00, -46.21, 92.27, -40.17, -5.10, 53.98, -13.55, 3.89, 
-15.00, -46.59, 92.13, -40.07, -5.09, 53.72, -13.57, 3.89, 
-14.00, -46.53, 91.69, -40.04, -5.08, 53.45, -13.59, 3.89, 
-13.00, -46.35, 91.42, -40.36, -5.07, 53.19, -13.61, 3.89, 
-12.00, -46.22, 91.14, -40.40, -5.06, 52.92, -13.63, 3.89, 
-11.00, -46.45, 91.29, -39.99, -5.05, 52.66, -13.65, 3.89, 
-10.00, -46.73, 91.11, -40.30, -5.04, 52.40, -13.67, 3.89, 
-9.00, -46.31, 90.61, -40.28, -5.03, 52.13, -13.68, 3.89, 
-8.00, -46.14, 90.68, -40.18, -5.03, 51.87, -13.70, 3.89, 
-7.00, -46.39, 90.88, -40.37, -5.02, 51.60, -13.72, 3.89, 
-6.00, -46.33, 89.85, -40.38, -5.01, 51.34, -13.74, 3.89, 
-5.00, -46.16, 89.53, -40.67, -5.00, 51.07, -13.76, 3.89, 
-4.00, -46.15, 89.12, -41.29, -4.99, 50.81, -13.78, 3.89, 
-3.00, -46.31, 88.84, -40.65, -4.98, 50.55, -13.80, 3.89, 
-2.00, -46.21, 88.93, -40.63, -4.97, 50.28, -13.82, 3.89, 
-1.00, -46.22, 88.72, -41.11, -4.96, 50.02, -13.84, 3.89, 
0.00, -46.16, 88.62, -40.94, -4.95, 49.75, -13.86, 3.89, 
1.00, -46.17, 88.13, -40.69, -4.95, 49.49, -13.87, 3.89, 
2.00, -46.20, 87.48, -40.63, -4.94, 49.22, -13.89, 3.89, 
3.00, -46.34, 87.50, -40.58, -4.93, 48.96, -13.91, 3.89, 
4.00, -46.23, 87.36, -40.36, -4.92, 48.69, -13.93, 3.89, 
5.00, -46.31, 86.70, -40.43, -4.91, 48.43, -13.95, 3.89, 
6.00, -46.39, 86.79, -40.34, -4.90, 48.16, -13.97, 3.89, 
7.00, -46.21, 86.31, -40.33, -4.89, 47.90, -13.99, 3.89, 
8.00, -46.26, 86.20, -40.83, -4.88, 47.63, -14.01, 3.89, 
9.00, -46.19, 86.09, -40.70, -4.88, 47.37, -14.03, 3.89, 
10.00, -46.00, 85.74, -41.07, -4.87, 47.11, -14.05, 3.89, 
11.00, -45.97, 85.61, -40.57, -4.86, 46.84, -14.07, 3.89, 
12.00, -46.14, 85.21, -40.41, -4.85, 46.58, -14.09, 3.89, 
13.00, -46.12, 84.90, -40.61, -4.84, 46.31, -14.10, 3.89, 
14.00, -46.11, 84.89, -40.59, -4.83, 46.05, -14.12, 3.89, 
15.00, -46.22, 84.48, -40.56, -4.82, 45.78, -14.14, 3.89, 
16.00, -46.44, 84.04, -40.79, -4.81, 45.52, -14.16, 3.89, 
17.00, -46.25, 84.22, -40.82, -4.80, 45.25, -14.18, 3.89, 
18.00, -46.07, 83.64, -40.69, -4.80, 44.99, -14.20, 3.89, 
19.00, -46.18, 83.31, -41.45, -4.79, 44.72, -14.22, 3.89, 
20.00, -46.06, 83.36, -41.17, -4.78, 44.46, -14.24, 3.89, 
21.00, -45.85, 83.33, -41.03, -4.77, 44.19, -14.26, 3.89, 
22.00, -45.98, 83.15, -41.41, -4.76, 43.93, -14.28, 3.89, 
23.00, -45.74, 82.74, -41.36, -4.75, 43.66, -14.30, 3.89, 
24.00, -45.72, 82.41, -41.43, -4.74, 43.40, -14.32, 3.89, 
25.00, -45.50, 82.42, -41.33, -4.73, 43.13, -14.34, 3.89, 
26.00, -45.76, 81.27, -41.75, -4.72, 42.87, -14.36, 3.89, 
27.00, -46.05, 81.72, -41.84, -4.72, 42.60, -14.37, 3.89, 
28.00, -46.08, 81.80, -41.30, -4.71, 42.34, -14.39, 3.89, 
29.00, -46.07, 81.40, -41.34, -4.70, 42.07, -14.41, 3.89, 
30.00, -45.99, 80.63, -41.37, -4.69, 41.81, -14.43, 3.89, 
31.00, -46.11, 80.63, -41.62, -4.68, 41.54, -14.45, 3.89, 
32.00, -46.35, 80.41, -41.61, -4.67, 41.28, -14.47, 3.89, 
33.00, -45.90, 80.71, -41.44, -4.66, 41.02, -14.49, 3.89, 
34.00, -45.66, 79.89, -41.29, -4.65, 40.75, -14.51, 3.89, 
35.00, -45.73, 79.24, -41.70, -4.65, 40.49, -14.53, 3.89, 
36.00, -45.73, 79.89, -41.76, -4.64, 40.22, -14.55, 3.89, 
37.00, -45.59, 79.55, -41.83, -4.63, 39.96, -14.57, 3.89, 
38.00, -45.61, 79.65, -41.37, -4.62, 39.69, -14.59, 3.89, 
39.00, -45.55, 79.21, -41.52, -4.61, 39.43, -14.61, 3.89, 
40.00, -45.61, 78.62, -42.05, -4.60, 39.16, -14.63, 3.89, 
41.00, -45.78, 79.23, -41.43, -4.59, 38.90, -14.65, 3.89, 
42.00, -45.94, 77.90, -41.60, -4.58, 38.63, -14.67, 3.89, 
43.00, -46.01, 77.75, -41.77, -4.57, 38.37, -14.69, 3.89, 
44.00, -45.88, 77.28, -41.58, -4.57, 38.10, -14.71, 3.89, 
45.00, -46.11, 76.91, -41.50, -4.56, 37.84, -14.73, 3.89, 
46.00, -46.00, 77.92, -41.53, -4.55, 37.57, -14.74, 3.89, 
47.00, -45.97, 77.04, -41.41, -4.54, 37.31, -14.76, 3.89, 
48.00, -45.64, 77.03, -41.51, -4.53, 37.04, -14.78, 3.89, 
49.00, -45.67, 76.91, -41.75, -4.52, 36.78, -14.80, 3.89, 
50.00, -45.67, 75.90, -41.59, -4.51, 36.51, -14.82, 3.89, 
51.00, -45.61, 76.50, -42.21, -4.50, 36.25, -14.84, 3.89, 
52.00, -45.79, 75.43, -41.98, -4.50, 35.98, -14.86, 3.89, 
53.00, -45.92, 75.90, -41.63, -4.49, 35.72, -14.88, 3.89, 
54.00, -45.88, 75.60, -41.71, -4.48, 35.45, -14.90, 3.89, 
55.00, -45.92, 74.79, -41.75, -4.47, 35.19, -14.92, 3.89, 
56.00, -45.57, 75.64, -41.42, -4.46, 34.92, -14.94, 3.89, 
57.00, -45.97, 74.05, -41.79, -4.45, 34.66, -14.96, 3.89, 
58.00, -45.82, 74.96, -41.33, -4.44, 34.39, -14.98, 3.89, 
59.00, -46.06, 73.41, -41.26, -4.43, 34.13, -15.00, 3.89, 
60.00, -46.19, 73.36, -41.72, -4.42, 33.87, -15.02, 3.89, 
61.00, -45.82, 73.60, -41.20, -4.42, 33.60, -15.04, 3.89, 
62.00, -45.70, 72.46, -41.25, -4.41, 33.34, -15.06, 3.89, 
63.00, -45.88, 72.97, -41.74, -4.40, 33.07, -15.08, 3.89, 
64.00, -46.01, 71.85, -41.42, -4.39, 32.81, -15.10, 3.89, 
65.00, -45.90, 72.37, -41.97, -4.38, 32.54, -15.12, 3.89, 
66.00, -46.05, 71.68, -41.48, -4.37, 32.28, -15.14, 3.89, 
67.00, -45.90, 71.70, -41.66, -4.36, 32.01, -15.16, 3.88, 
68.00, -45.84, 72.44, -41.44, -4.35, 31.75, -15.18, 3.89, 
69.00, -46.13, 71.37, -41.33, -4.35, 31.48, -15.20, 3.89, 
70.00, -45.99, 72.56, -41.22, -4.34, 31.22, -15.22, 3.88, 
71.00, -45.52, 71.30, -40.76, -4.33, 30.95, -15.24, 3.88, 
72.00, -45.73, 70.89, -41.24, -4.32, 30.69, -15.26, 3.89, 
73.00, -45.77, 71.58, -41.46, -4.31, 30.43, -15.28, 3.89, 
74.00, -45.84, 70.02, -41.05, -4.30, 30.16, -15.30, 3.88, 
75.00, -45.67, 70.30, -41.49, -4.29, 29.90, -15.32, 3.88, 
76.00, -46.27, 70.03, -41.37, -4.28, 29.63, -15.34, 3.88, 
77.00, -45.69, 70.14, -41.39, -4.28, 29.37, -15.36, 3.88, 
78.00, -45.90, 70.74, -41.24, -4.27, 29.10, -15.38, 3.89, 
79.00, -45.62, 68.97, -41.52, -4.26, 28.84, -15.40, 3.88, 
80.00, -45.49, 70.22, -41.25, -4.25, 28.57, -15.42, 3.88, 
81.00, -45.59, 68.84, -41.56, -4.24, 28.31, -15.44, 3.88, 
82.00, -45.64, 68.23, -41.71, -4.23, 28.05, -15.46, 3.88, 
83.00, -45.71, 68.21, -41.53, -4.22, 27.78, -15.48, 3.89, 
84.00, -45.30, 66.94, -41.60, -4.21, 27.52, -15.50, 3.88, 
85.00, -45.26, 67.80, -41.45, -4.21, 27.25, -15.52, 3.88, 
86.00, -45.67, 67.09, -41.53, -4.20, 26.99, -15.54, 3.88, 
87.00, -45.48, 68.56, -41.37, -4.19, 26.72, -15.56, 3.88, 
88.00, -45.44, 67.63, -40.86, -4.18, 26.46, -15.58, 3.89, 
89.00, -45.84, 67.11, -41.59, -4.17, 26.20, -15.60, 3.88, 
90.00, -45.86, 67.85, -41.91, -4.16, 25.93, -15.62, 3.88, 
91.00, -45.58, 65.69, -41.34, -4.15, 25.67, -15.64, 3.88, 
92.00, -45.55, 66.59, -41.65, -4.14, 25.40, -15.66, 3.89, 
93.00, -45.63, 65.32, -41.35, -4.14, 25.14, -15.68, 3.89, 
94.00, -45.62, 65.12, -41.20, -4.13, 24.88, -15.70, 3.88, 
95.00, -45.64, 66.41, -41.67, -4.12, 24.61, -15.72, 3.88, 
96.00, -45.61, 65.58, -42.11, -4.11, 24.35, -15.74, 3.88, 
97.00, -45.68, 66.71, -41.46, -4.10, 24.08, -15.76, 3.89, 
98.00, -45.88, 64.44, -41.72, -4.09, 23.82, -15.78, 3.88, 
99.00, -45.95, 64.30, -41.94, -4.08, 23.56, -15.80, 3.88, 
100.00, -45.63, 64.47, -42.26, -4.07, 23.29, -15.82, 3.88, 
101.00, -45.51, 63.80, -41.97, -4.07, 23.03, -15.84, 3.89, 
102.00, -45.48, 65.45, -41.47, -4.06, 22.77, -15.86, 3.88, 
103.00, -45.42, 63.66, -41.68, -4.05, 22.50, -15.88, 3.88, 
104.00, -45.81, 64.26, -41.75, -4.04, 22.24, -15.90, 3.88, 
105.00, -45.74, 63.15, -41.82, -4.03, 21.97, -15.92, 3.89, 
106.00, -45.71, 62.06, -42.35, -4.02, 21.71, -15.94, 3.88, 
107.00, -45.70, 63.66, -42.38, -4.01, 21.45, -15.96, 3.88, 
108.00, -45.69, 62.60, -41.72, -4.00, 21.18, -15.98, 3.88, 
109.00, -45.55, 63.43, -41.93, -4.00, 20.92, -16.00, 3.89, 
110.00, -45.60, 62.14, -42.19, -3.99, 20.66, -16.02, 3.88, 
111.00, -45.89, 61.25, -42.46, -3.98, 20.39, -16.04, 3.88, 
112.00, -45.76, 61.88, -42.42, -3.97, 20.13, -16.06, 3.88, 
113.00, -45.73, 60.73, -42.60, -3.96, 19.87, -16.08, 3.88, 
114.00, -45.74, 62.57, -42.29, -3.95, 19.60, -16.10, 3.88, 
115.00, -45.72, 60.76, -42.32, -3.94, 19.34, -16.13, 3.88, 
116.00, -45.99, 60.97, -42.26, -3.94, 19.08, -16.15, 3.88, 
117.00, -45.85, 60.69, -41.96, -3.93, 18.81, -16.17, 3.88, 
118.00, -45.67, 59.46, -42.41, -3.92, 18.55, -16.19, 3.88, 
119.00, -45.42, 60.46, -42.10, -3.91, 18.29, -16.21, 3.88, 
120.00, -45.72, 58.44, -41.88, -3.90, 18.03, -16.23, 3.88, 
121.00, -45.85, 60.76, -42.00, -3.89, 17.76, -16.25, 3.88, 
122.00, -45.96, 59.11, -41.76, -3.88, 17.50, -16.27, 3.88, 
123.00, -45.91, 60.17, -42.34, -3.87, 17.24, -16.29, 3.88, 
124.00, -45.58, 57.98, -42.03, -3.87, 16.97, -16.31, 3.88, 
125.00, -45.53, 58.27, -42.08, -3.86, 16.71, -16.33, 3.88, 
126.00, -45.48, 58.57, -42.15, -3.85, 16.45, -16.35, 3.87, 
127.00, -45.50, 57.69, -42.50, -3.84, 16.19, -16.37, 3.87, 
128.00, -45.54, 58.42, -41.95, -3.83, 15.92, -16.39, 3.88, 
129.00, -45.61, 57.37, -42.30, -3.82, 15.66, -16.41, 3.88, 
130.00, -45.60, 58.30, -42.20, -3.81, 15.40, -16.43, 3.87, 
131.00, -45.62, 55.80, -41.76, -3.81, 15.14, -16.45, 3.88, 
132.00, -45.84, 56.74, -42.60, -3.80, 14.87, -16.47, 3.87, 
133.00, -45.55, 55.97, -42.15, -3.79, 14.61, -16.49, 3.87, 
134.00, -45.63, 56.16, -42.08, -3.78, 14.35, -16.52, 3.88, 
135.00, -45.42, 56.77, -41.94, -3.77, 14.09, -16.54, 3.87, 
136.00, -45.74, 55.11, -42.13, -3.76, 13.83, -16.56, 3.88, 
137.00, -45.83, 55.74, -42.34, -3.75, 13.56, -16.58, 3.88, 
138.00, -45.57, 54.17, -42.50, -3.75, 13.30, -16.60, 3.87, 
139.00, -45.65, 56.21, -41.96, -3.74, 13.04, -16.62, 3.88, 
140.00, -46.02, 54.61, -42.37, -3.73, 12.78, -16.64, 3.87, 
141.00, -45.85, 55.85, -41.99, -3.72, 12.52, -16.66, 3.87, 
142.00, -45.73, 54.17, -42.00, -3.71, 12.25, -16.68, 3.88, 
143.00, -45.97, 53.66, -42.34, -3.70, 11.99, -16.70, 3.87, 
144.00, -45.62, 54.33, -41.82, -3.69, 11.73, -16.72, 3.88, 
145.00, -45.59, 52.89, -42.19, -3.69, 11.47, -16.74, 3.88, 
146.00, -45.84, 54.50, -42.57, -3.68, 11.21, -16.76, 3.87, 
147.00, -45.38, 52.29, -42.32, -3.67, 10.95, -16.78, 3.88, 
148.00, -45.49, 52.86, -42.36, -3.66, 10.68, -16.80, 3.87, 
149.00, -45.47, 52.33, -42.09, -3.65, 10.42, -16.83, 3.88, 
150.00, -45.66, 53.45, -42.13, -3.64, 10.16, -16.85, 3.87, 
151.00, -45.54, 53.11, -42.01, -3.63, 9.90, -16.87, 3.88, 
152.00, -45.66, 51.52, -42.29, -3.63, 9.64, -16.89, 3.88, 
153.00, -45.70, 52.29, -42.33, -3.62, 9.38, -16.91, 3.87, 
154.00, -45.71, 50.89, -42.47, -3.61, 9.12, -16.93, 3.88, 
155.00, -45.59, 52.30, -42.18, -3.60, 8.86, -16.95, 3.87, 
156.00, -45.68, 50.25, -42.20, -3.59, 8.59, -16.97, 3.88, 
157.00, -45.63, 50.96, -41.89, -3.58, 8.33, -16.99, 3.87, 
158.00, -45.66, 50.67, -42.23, -3.58, 8.07, -17.01, 3.88, 
159.00, -45.59, 51.21, -42.59, -3.57, 7.81, -17.03, 3.87, 
160.00, -45.57, 49.54, -41.95, -3.56, 7.55, -17.06, 3.88, 
161.00, -45.65, 48.91, -42.14, -3.55, 7.29, -17.08, 3.87, 
162.00, -45.47, 49.79, -41.94, -3.54, 7.03, -17.10, 3.87, 
163.00, -45.46, 48.78, -42.03, -3.53, 6.77, -17.12, 3.87, 
164.00, -45.44, 49.49, -42.07, -3.52, 6.51, -17.14, 3.87, 
165.00, -45.66, 47.95, -42.13, -3.52, 6.25, -17.16, 3.87, 
166.00, -45.58, 49.27, -42.25, -3.51, 5.99, -17.18, 3.87, 
167.00, -45.50, 48.30, -42.05, -3.50, 5.73, -17.20, 3.87, 
168.00, -45.56, 47.38, -42.29, -3.49, 5.47, -17.22, 3.87, 
169.00, -45.79, 48.90, -42.27, -3.48, 5.21, -17.24, 3.87, 
170.00, -45.35, 46.53, -42.21, -3.47, 4.95, -17.26, 3.87, 
171.00, -45.22, 47.97, -42.52, -3.47, 4.69, -17.29, 3.86, 
172.00, -45.47, 48.31, -42.23, -3.46, 4.43, -17.31, 3.87, 
173.00, -45.59, 46.04, -42.33, -3.45, 4.17, -17.33, 3.86, 
174.00, -45.77, 47.59, -42.56, -3.44, 3.91, -17.35, 3.87, 
175.00, -45.60, 46.57, -42.12, -3.43, 3.65, -17.37, 3.86, 
176.00, -45.54, 46.39, -42.38, -3.42, 3.39, -17.39, 3.87, 
177.00, -45.32, 45.61, -42.58, -3.42, 3.13, -17.41, 3.87, 
178.00, -45.36, 46.17, -42.40, -3.41, 2.87, -17.43, 3.87, 
179.00, -45.30, 45.80, -42.40, -3.40, 2.61, -17.45, 3.87, 
180.00, -45.27, 44.60, -42.34, -3.39, 2.35, -17.48, 3.87, 
181.00, -45.43, 45.84, -42.49, -3.38, 2.09, -17.50, 3.87, 
182.00, -45.48, 44.05, -42.36, -3.37, 1.83, -17.52, 3.86, 
183.00, -45.16, 44.53, -42.33, -3.37, 1.57, -17.54, 3.87, 
184.00, -45.19, 45.19, -43.06, -3.36, 1.32, -17.56, 3.86, 
185.00, -45.29, 43.62, -42.67, -3.35, 1.06, -17.58, 3.87, 
186.00, -45.52, 44.86, -42.83, -3.34, 0.80, -17.60, 3.87, 
187.00, -45.50, 43.18, -42.47, -3.33, 0.54, -17.62, 3.87, 
188.00, -45.11, 43.95, -42.78, -3.32, 0.28, -17.65, 3.87, 
189.00, -45.29, 43.99, -43.10, -3.32, 0.02, -17.67, 3.86, 
190.00, -45.73, 42.33, -42.94, -3.31, -0.24, -17.69, 3.87, 
191.00, -45.65, 43.20, -42.68, -3.30, -0.49, -17.71, 3.87, 
192.00, -45.51, 41.99, -42.67, -3.29, -0.75, -17.73, 3.87, 
193.00, -45.35, 42.48, -42.68, -3.28, -1.01, -17.75, 3.87, 
194.00, -45.42, 42.71, -42.27, -3.27, -1.27, -17.77, 3.86, 
195.00, -45.59, 41.34, -42.08, -3.27, -1.53, -17.79, 3.87, 
196.00, -45.50, 42.09, -42.25, -3.26, -1.78, -17.82, 3.87, 
197.00, -45.46, 40.81, -42.79, -3.25, -2.04, -17.84, 3.87, 
198.00, -45.42, 41.26, -42.42, -3.24, -2.30, -17.86, 3.87, 
199.00, -45.30, 41.57, -42.80, -3.23, -2.56, -17.88, 3.86, 
200.00, -45.54, 40.66, -42.55, -3.22, -2.82, -17.90, 3.87, 
201.00, -45.43, 40.86, -42.56, -3.22, -3.07, -17.92, 3.87, 
202.00, -45.57, 40.25, -41.92, -3.21, -3.33, -17.94, 3.86, 
203.00, -45.65, 40.29, -42.49, -3.20, -3.59, -17.96, 3.87, 
204.00, -45.47, 39.70, -42.57, -3.19, -3.84, -17.99, 3.86, 
205.00, -45.38, 39.37, -42.72, -3.18, -4.10, -18.01, 3.86, 
206.00, -45.33, 39.62, -43.05, -3.18, -4.36, -18.03, 3.87, 
207.00, -45.16, 38.83, -43.49, -3.17, -4.62, -18.05, 3.86, 
208.00, -45.67, 39.33, -43.70, -3.16, -4.87, -18.07, 3.86, 
209.00, -45.01, 39.56, -43.35, -3.15, -5.13, -18.09, 3.86, 
210.00, -45.37, 38.46, -42.99, -3.14, -5.39, -18.11, 3.86, 
211.00, -45.07, 37.79, -42.92, -3.14, -5.64, -18.14, 3.86, 
212.00, -44.82, 39.11, -43.54, -3.13, -5.90, -18.16, 3.86, 
213.00, -44.90, 37.83, -43.03, -3.12, -6.16, -18.18, 3.86, 
214.00, -45.20, 38.09, -43.07, -3.11, -6.41, -18.20, 3.86, 
215.00, -44.87, 37.54, -43.12, -3.10, -6.67, -18.22, 3.86, 
216.00, -44.71, 36.67, -42.98, -3.09, -6.92, -18.24, 3.86, 
217.00, -45.17, 37.11, -43.33, -3.09, -7.18, -18.27, 3.86, 
218.00, -45.13, 36.59, -42.78, -3.08, -7.44, -18.29, 3.86, 
219.00, -45.18, 36.68, -42.69, -3.07, -7.69, -18.31, 3.86, 
220.00, -44.65, 36.15, -43.19, -3.06, -7.95, -18.33, 3.86, 
221.00, -45.13, 36.02, -43.31, -3.05, -8.20, -18.35, 3.86, 
222.00, -45.11, 35.90, -43.41, -3.05, -8.46, -18.37, 3.86, 
223.00, -45.40, 35.25, -42.99, -3.04, -8.71, -18.39, 3.86, 
224.00, -45.32, 35.26, -43.44, -3.03, -8.97, -18.42, 3.86, 
225.00, -45.37, 35.03, -43.41, -3.02, -9.22, -18.44, 3.86, 
226.00, -45.45, 34.51, -43.32, -3.01, -9.48, -18.46, 3.86, 
227.00, -45.28, 35.21, -43.42, -3.01, -9.73, -18.48, 3.86, 
228.00, -45.40, 33.91, -43.18, -3.00, -9.99, -18.50, 3.86, 
229.00, -45.24, 34.18, -43.05, -2.99, -10.24, -18.52, 3.86, 
230.00, -45.45, 33.64, -43.14, -2.98, -10.50, -18.55, 3.86, 
231.00, -45.23, 34.25, -42.97, -2.97, -10.75, -18.57, 3.86, 
232.00, -45.16, 33.25, -43.15, -2.97, -11.01, -18.59, 3.86, 
233.00, -45.20, 33.35, -43.30, -2.96, -11.26, -18.61, 3.85, 
234.00, -45.34, 33.27, -43.70, -2.95, -11.52, -18.63, 3.85, 
235.00, -45.26, 32.74, -43.38, -2.94, -11.77, -18.66, 3.86, 
236.00, -44.26, 32.77, -43.58, -2.93, -12.02, -18.68, 3.86, 
237.00, -45.33, 32.29, -43.50, -2.93, -12.28, -18.70, 3.85, 
238.00, -45.41, 32.32, -43.45, -2.92, -12.53, -18.72, 3.86, 
239.00, -45.02, 31.58, -43.48, -2.91, -12.78, -18.74, 3.86, 
240.00, -45.46, 31.39, -43.28, -2.90, -13.04, -18.76, 3.86, 
241.00, -45.38, 31.41, -43.43, -2.90, -13.29, -18.79, 3.86, 
242.00, -45.46, 30.91, -43.33, -2.89, -13.54, -18.81, 3.86, 
243.00, -45.19, 30.77, -43.69, -2.88, -13.80, -18.83, 3.86, 
244.00, -45.12, 30.40, -43.12, -2.87, -14.05, -18.85, 3.86, 
245.00, -45.21, 30.36, -43.56, -2.86, -14.30, -18.87, 3.86, 
246.00, -45.35, 30.56, -43.58, -2.86, -14.56, -18.89, 3.86, 
247.00, -45.47, 29.85, -43.43, -2.85, -14.81, -18.92, 3.86, 
248.00, -45.33, 29.85, -43.93, -2.84, -15.06, -18.94, 3.86, 
249.00, -44.97, 29.64, -43.54, -2.83, -15.31, -18.96, 3.86, 
250.00, -45.26, 29.26, -43.60, -2.82, -15.57, -18.98, 3.86, 
251.00, -45.30, 29.23, -43.70, -2.82, -15.82, -19.00, 3.86, 
252.00, -45.08, 28.73, -44.04, -2.81, -16.07, -19.03, 3.86, 
253.00, -45.09, 28.77, -43.77, -2.80, -16.32, -19.05, 3.85, 
254.00, -44.96, 28.26, -43.66, -2.79, -16.58, -19.07, 3.86, 
255.00, -45.43, 28.30, -43.62, -2.79, -16.83, -19.09, 3.85, 
