---START---
-255.00, -55.37, 156.26, -46.38, -7.07, 115.05, -9.40, 3.97, 
-254.00, -47.06, 150.51, -37.47, -7.06, 114.81, -9.42, 3.96, 
-253.00, -46.95, 149.81, -36.98, -7.05, 114.57, -9.43, 3.96, 
-252.00, -47.11, 149.49, -37.08, -7.05, 114.33, -9.45, 3.96, 
-251.00, -47.39, 149.05, -37.01, -7.04, 114.08, -9.46, 3.96, 
-250.00, -46.95, 148.84, -36.66, -7.03, 113.84, -9.48, 3.96, 
-249.00, -47.13, 148.47, -36.90, -7.02, 113.60, -9.49, 3.96, 
-248.00, -47.39, 148.77, -37.37, -7.02, 113.36, -9.51, 3.95, 
-247.00, -47.08, 148.53, -37.56, -7.01, 113.11, -9.53, 3.96, 
-246.00, -47.16, 147.80, -37.45, -7.00, 112.87, -9.54, 3.96, 
-245.00, -47.19, 147.63, -37.42, -6.99, 112.63, -9.56, 3.96, 
-244.00, -47.45, 147.27, -36.97, -6.99, 112.38, -9.57, 3.96, 
-243.00, -47.63, 146.92, -37.19, -6.98, 112.14, -9.59, 3.96, 
-242.00, -47.57, 147.12, -37.29, -6.97, 111.90, -9.61, 3.96, 
-241.00, -47.69, 146.63, -36.54, -6.96, 111.65, -9.62, 3.96, 
-240.00, -47.61, 146.47, -36.52, -6.96, 111.41, -9.64, 3.96, 
-239.00, -47.63, 146.57, -36.79, -6.95, 111.17, -9.65, 3.96, 
-238.00, -47.57, 146.00, -36.85, -6.94, 110.92, -9.67, 3.96, 
-237.00, -47.47, 146.06, -36.61, -6.93, 110.68, -9.69, 3.96, 
-236.00, -47.65, 145.29, -36.71, -6.93, 110.43, -9.70, 3.96, 
-235.00, -47.81, 144.50, -37.13, -6.92, 110.19, -9.72, 3.96, 
-234.00, -47.52, 145.22, -36.79, -6.91, 109.94, -9.73, 3.96, 
-233.00, -47.28, 144.58, -36.65, -6.90, 109.70, -9.75, 3.96, 
-232.00, -47.40, 144.03, -36.77, -6.90, 109.45, -9.77, 3.95, 
-231.00, -47.80, 143.95, -36.56, -6.89, 109.21, -9.78, 3.96, 
-230.00, -47.64, 143.02, -36.54, -6.88, 108.96, -9.80, 3.96, 
-229.00, -47.67, 143.50, -36.52, -6.87, 108.72, -9.82, 3.96, 
-228.00, -47.72, 143.32, -36.49, -6.87, 108.47, -9.83, 3.96, 
-227.00, -47.67, 143.17, -36.95, -6.86, 108.22, -9.85, 3.96, 
-226.00, -47.47, 143.02, -37.15, -6.85, 107.98, -9.86, 3.96, 
-225.00, -47.79, 142.34, -36.97, -6.84, 107.73, -9.88, 3.97, 
-224.00, -47.67, 142.22, -36.97, -6.84, 107.49, -9.90, 3.96, 
-223.00, -47.41, 142.12, -36.55, -6.83, 107.24, -9.91, 3.96, 
-222.00, -47.67, 141.63, -36.88, -6.82, 106.99, -9.93, 3.96, 
-221.00, -47.72, 142.13, -37.04, -6.81, 106.75, -9.95, 3.97, 
-220.00, -47.47, 141.15, -36.86, -6.81, 106.50, -9.96, 3.97, 
-219.00, -47.54, 140.66, -36.57, -6.80, 106.25, -9.98, 3.97, 
-218.00, -47.28, 140.63, -36.44, -6.79, 106.00, -9.99, 3.97, 
-217.00, -47.64, 140.49, -36.47, -6.78, 105.76, -10.01, 3.96, 
-216.00, -47.55, 140.63, -36.43, -6.77, 105.51, -10.03, 3.97, 
-215.00, -47.48, 140.13, -36.64, -6.77, 105.26, -10.04, 3.97, 
-214.00, -47.25, 139.48, -36.95, -6.76, 105.01, -10.06, 3.97, 
-213.00, -47.38, 139.71, -37.30, -6.75, 104.77, -10.08, 3.97, 
-212.00, -47.49, 138.66, -37.18, -6.74, 104.52, -10.09, 3.97, 
-211.00, -47.36, 138.22, -37.07, -6.74, 104.27, -10.11, 3.96, 
-210.00, -47.41, 139.10, -36.80, -6.73, 104.02, -10.13, 3.97, 
-209.00, -47.66, 138.23, -37.00, -6.72, 103.77, -10.14, 3.97, 
-208.00, -47.50, 138.36, -36.89, -6.71, 103.53, -10.16, 3.97, 
-207.00, -47.54, 138.11, -36.91, -6.71, 103.28, -10.17, 3.97, 
-206.00, -47.07, 137.07, -37.44, -6.70, 103.03, -10.19, 3.97, 
-205.00, -47.27, 137.35, -37.28, -6.69, 102.78, -10.21, 3.96, 
-204.00, -47.31, 137.44, -36.95, -6.68, 102.53, -10.22, 3.97, 
-203.00, -47.26, 137.03, -36.75, -6.67, 102.28, -10.24, 3.97, 
-202.00, -47.51, 137.28, -36.73, -6.67, 102.03, -10.26, 3.97, 
-201.00, -47.47, 135.93, -36.90, -6.66, 101.78, -10.27, 3.97, 
-200.00, -47.35, 137.48, -37.70, -6.65, 101.53, -10.29, 3.97, 
-199.00, -47.21, 136.19, -36.74, -6.64, 101.28, -10.31, 3.97, 
-198.00, -47.27, 136.00, -37.89, -6.63, 101.03, -10.32, 3.97, 
-197.00, -47.29, 136.54, -37.73, -6.63, 100.78, -10.34, 3.97, 
-196.00, -47.54, 135.55, -37.30, -6.62, 100.53, -10.36, 3.97, 
-195.00, -47.30, 135.32, -37.68, -6.61, 100.28, -10.37, 3.97, 
-194.00, -47.33, 134.53, -37.54, -6.60, 100.03, -10.39, 3.96, 
-193.00, -47.45, 134.12, -37.33, -6.60, 99.78, -10.41, 3.97, 
-192.00, -47.65, 134.62, -37.16, -6.59, 99.53, -10.42, 3.97, 
-191.00, -47.14, 134.36, -37.23, -6.58, 99.28, -10.44, 3.97, 
-190.00, -47.38, 134.02, -37.43, -6.57, 99.03, -10.46, 3.97, 
-189.00, -47.32, 134.67, -37.66, -6.56, 98.78, -10.47, 3.98, 
-188.00, -47.12, 133.24, -37.52, -6.56, 98.53, -10.49, 3.97, 
-187.00, -47.14, 133.28, -37.84, -6.55, 98.28, -10.51, 3.98, 
-186.00, -47.35, 133.01, -37.93, -6.54, 98.02, -10.52, 3.98, 
-185.00, -46.97, 132.23, -37.40, -6.53, 97.77, -10.54, 3.97, 
-184.00, -46.79, 132.48, -37.90, -6.52, 97.52, -10.56, 3.97, 
-183.00, -47.36, 132.36, -37.73, -6.52, 97.27, -10.57, 3.97, 
-182.00, -47.24, 131.71, -37.32, -6.51, 97.02, -10.59, 3.97, 
-181.00, -46.96, 133.00, -36.96, -6.50, 96.77, -10.61, 3.97, 
-180.00, -47.11, 131.68, -37.39, -6.49, 96.51, -10.62, 3.98, 
-179.00, -47.21, 131.72, -37.76, -6.48, 96.26, -10.64, 3.98, 
-178.00, -47.09, 131.79, -37.49, -6.48, 96.01, -10.66, 3.98, 
-177.00, -46.97, 130.34, -37.67, -6.47, 95.76, -10.67, 3.98, 
-176.00, -47.05, 130.65, -38.07, -6.46, 95.50, -10.69, 3.97, 
-175.00, -47.14, 130.06, -37.47, -6.45, 95.25, -10.71, 3.97, 
-174.00, -47.44, 129.60, -37.61, -6.44, 95.00, -10.73, 3.97, 
-173.00, -47.11, 131.16, -37.52, -6.44, 94.75, -10.74, 3.97, 
-172.00, -47.08, 129.75, -37.74, -6.43, 94.49, -10.76, 3.98, 
-171.00, -47.19, 129.47, -37.44, -6.42, 94.24, -10.78, 3.98, 
-170.00, -47.11, 129.99, -37.21, -6.41, 93.99, -10.79, 3.98, 
-169.00, -47.08, 128.71, -37.57, -6.40, 93.73, -10.81, 3.98, 
-168.00, -46.91, 128.93, -37.91, -6.39, 93.48, -10.83, 3.97, 
-167.00, -46.93, 129.32, -37.73, -6.39, 93.23, -10.84, 3.97, 
-166.00, -47.06, 128.16, -37.71, -6.38, 92.97, -10.86, 3.98, 
-165.00, -47.26, 128.35, -38.11, -6.37, 92.72, -10.88, 3.98, 
-164.00, -47.31, 127.25, -37.60, -6.36, 92.47, -10.90, 3.98, 
-163.00, -47.19, 126.54, -38.06, -6.35, 92.21, -10.91, 3.97, 
-162.00, -47.46, 128.16, -37.52, -6.35, 91.96, -10.93, 3.97, 
-161.00, -47.27, 126.64, -37.62, -6.34, 91.70, -10.95, 3.98, 
-160.00, -47.34, 127.59, -37.76, -6.33, 91.45, -10.96, 3.98, 
-159.00, -47.30, 125.74, -37.74, -6.32, 91.19, -10.98, 3.97, 
-158.00, -47.18, 125.42, -37.99, -6.31, 90.94, -11.00, 3.97, 
-157.00, -47.22, 125.94, -37.54, -6.30, 90.69, -11.01, 3.98, 
-156.00, -47.03, 125.62, -37.40, -6.30, 90.43, -11.03, 3.98, 
-155.00, -47.18, 125.76, -37.66, -6.29, 90.18, -11.05, 3.98, 
-154.00, -47.45, 126.66, -37.30, -6.28, 89.92, -11.07, 3.98, 
-153.00, -47.00, 124.46, -37.50, -6.27, 89.67, -11.08, 3.97, 
-152.00, -46.98, 125.17, -38.23, -6.26, 89.41, -11.10, 3.97, 
-151.00, -46.81, 125.56, -37.92, -6.26, 89.16, -11.12, 3.98, 
-150.00, -46.77, 124.83, -38.03, -6.25, 88.90, -11.13, 3.98, 
-149.00, -46.96, 125.91, -37.71, -6.24, 88.64, -11.15, 3.98, 
-148.00, -47.08, 124.70, -37.78, -6.23, 88.39, -11.17, 3.98, 
-147.00, -46.89, 123.46, -38.10, -6.22, 88.13, -11.19, 3.98, 
-146.00, -47.04, 123.75, -37.92, -6.21, 87.88, -11.20, 3.98, 
-145.00, -47.17, 122.38, -37.95, -6.21, 87.62, -11.22, 3.98, 
-144.00, -47.18, 123.79, -38.03, -6.20, 87.37, -11.24, 3.98, 
-143.00, -47.14, 123.69, -37.90, -6.19, 87.11, -11.26, 3.98, 
-142.00, -47.30, 122.07, -38.01, -6.18, 86.85, -11.27, 3.98, 
-141.00, -47.07, 123.37, -37.75, -6.17, 86.60, -11.29, 3.98, 
-140.00, -47.10, 121.39, -37.76, -6.16, 86.34, -11.31, 3.98, 
-139.00, -46.82, 120.64, -37.83, -6.16, 86.08, -11.32, 3.99, 
-138.00, -46.94, 122.51, -37.94, -6.15, 85.83, -11.34, 3.98, 
-137.00, -47.00, 121.46, -37.78, -6.14, 85.57, -11.36, 3.98, 
-136.00, -46.81, 121.61, -37.77, -6.13, 85.31, -11.38, 3.98, 
-135.00, -46.78, 121.06, -37.36, -6.12, 85.06, -11.39, 3.98, 
-134.00, -46.94, 119.78, -37.38, -6.11, 84.80, -11.41, 3.99, 
-133.00, -47.12, 121.43, -37.89, -6.11, 84.54, -11.43, 3.98, 
-132.00, -46.85, 120.59, -38.10, -6.10, 84.29, -11.45, 3.98, 
-131.00, -46.84, 120.42, -38.82, -6.09, 84.03, -11.46, 3.99, 
-130.00, -46.76, 119.95, -38.03, -6.08, 83.77, -11.48, 3.98, 
-129.00, -46.88, 118.66, -38.64, -6.07, 83.51, -11.50, 3.98, 
-128.00, -46.64, 120.27, -38.01, -6.06, 83.26, -11.52, 3.98, 
-127.00, -46.79, 119.46, -37.60, -6.06, 83.00, -11.53, 3.99, 
-126.00, -46.66, 117.69, -37.44, -6.05, 82.74, -11.55, 3.98, 
-125.00, -46.59, 118.05, -37.66, -6.04, 82.48, -11.57, 3.98, 
-124.00, -46.59, 117.23, -37.82, -6.03, 82.23, -11.59, 3.98, 
-123.00, -46.94, 119.12, -38.08, -6.02, 81.97, -11.60, 3.99, 
-122.00, -47.15, 118.41, -38.28, -6.01, 81.71, -11.62, 3.99, 
-121.00, -47.21, 117.68, -38.17, -6.01, 81.45, -11.64, 3.98, 
-120.00, -46.76, 118.62, -37.93, -6.00, 81.19, -11.66, 3.98, 
-119.00, -46.57, 116.74, -37.99, -5.99, 80.94, -11.67, 3.98, 
-118.00, -46.94, 115.75, -38.88, -5.98, 80.68, -11.69, 3.99, 
-117.00, -46.65, 117.41, -38.55, -5.97, 80.42, -11.71, 3.99, 
-116.00, -46.57, 115.41, -38.68, -5.96, 80.16, -11.73, 3.99, 
-115.00, -46.62, 116.80, -38.90, -5.95, 79.90, -11.74, 3.98, 
-114.00, -46.92, 116.98, -38.58, -5.95, 79.64, -11.76, 3.98, 
-113.00, -46.40, 115.04, -38.32, -5.94, 79.38, -11.78, 3.98, 
-112.00, -46.58, 115.52, -38.41, -5.93, 79.13, -11.80, 3.99, 
-111.00, -46.71, 114.71, -37.96, -5.92, 78.87, -11.82, 3.98, 
-110.00, -46.50, 115.05, -38.87, -5.91, 78.61, -11.83, 3.98, 
-109.00, -46.35, 115.93, -38.75, -5.90, 78.35, -11.85, 3.98, 
-108.00, -46.61, 113.84, -38.87, -5.90, 78.09, -11.87, 3.99, 
-107.00, -46.54, 114.25, -39.47, -5.89, 77.83, -11.89, 3.99, 
-106.00, -46.68, 114.00, -38.56, -5.88, 77.57, -11.90, 3.98, 
-105.00, -46.48, 113.46, -38.43, -5.87, 77.31, -11.92, 3.98, 
-104.00, -46.50, 114.61, -38.50, -5.86, 77.05, -11.94, 3.99, 
-103.00, -46.37, 113.27, -39.27, -5.85, 76.79, -11.96, 3.99, 
-102.00, -46.68, 112.99, -38.81, -5.84, 76.53, -11.98, 3.98, 
-101.00, -46.80, 112.97, -38.33, -5.84, 76.27, -11.99, 3.98, 
-100.00, -46.69, 112.44, -38.48, -5.83, 76.01, -12.01, 3.99, 
-99.00, -46.62, 112.91, -38.87, -5.82, 75.75, -12.03, 3.99, 
-98.00, -46.58, 111.03, -38.71, -5.81, 75.49, -12.05, 3.99, 
-97.00, -46.38, 111.72, -39.08, -5.80, 75.23, -12.06, 3.98, 
-96.00, -46.52, 112.67, -38.61, -5.79, 74.97, -12.08, 3.99, 
-95.00, -46.66, 110.16, -38.71, -5.78, 74.71, -12.10, 3.99, 
-94.00, -46.66, 110.76, -38.89, -5.78, 74.45, -12.12, 3.99, 
-93.00, -46.71, 110.67, -39.18, -5.77, 74.19, -12.14, 3.99, 
-92.00, -46.77, 110.38, -39.08, -5.76, 73.93, -12.15, 3.99, 
-91.00, -46.54, 110.92, -39.44, -5.75, 73.67, -12.17, 3.99, 
-90.00, -46.59, 108.81, -39.19, -5.74, 73.41, -12.19, 3.99, 
-89.00, -46.67, 110.22, -39.47, -5.73, 73.15, -12.21, 3.99, 
-88.00, -46.76, 110.61, -39.06, -5.72, 72.89, -12.23, 3.99, 
-87.00, -46.36, 109.12, -38.98, -5.72, 72.63, -12.24, 3.99, 
-86.00, -46.47, 111.09, -39.20, -5.71, 72.37, -12.26, 3.99, 
-85.00, -46.21, 109.39, -39.26, -5.70, 72.11, -12.28, 3.99, 
-84.00, -46.63, 109.61, -39.12, -5.69, 71.85, -12.30, 3.99, 
-83.00, -46.38, 109.47, -39.20, -5.68, 71.59, -12.32, 4.00, 
-82.00, -46.47, 107.67, -38.95, -5.67, 71.33, -12.33, 3.99, 
-81.00, -46.53, 109.22, -39.19, -5.66, 71.06, -12.35, 3.99, 
-80.00, -46.35, 108.05, -39.19, -5.66, 70.80, -12.37, 3.99, 
-79.00, -46.48, 106.95, -39.44, -5.65, 70.54, -12.39, 3.99, 
-78.00, -46.54, 108.16, -39.19, -5.64, 70.28, -12.41, 3.99, 
-77.00, -46.66, 106.58, -38.51, -5.63, 70.02, -12.42, 3.99, 
-76.00, -46.30, 107.00, -38.65, -5.62, 69.76, -12.44, 3.99, 
-75.00, -46.30, 105.88, -38.97, -5.61, 69.50, -12.46, 3.99, 
-74.00, -46.15, 106.01, -38.55, -5.60, 69.23, -12.48, 3.99, 
-73.00, -46.26, 107.02, -39.34, -5.59, 68.97, -12.50, 3.99, 
-72.00, -46.31, 105.24, -39.52, -5.59, 68.71, -12.51, 3.99, 
-71.00, -46.34, 106.00, -39.44, -5.58, 68.45, -12.53, 3.99, 
-70.00, -46.35, 104.96, -39.17, -5.57, 68.19, -12.55, 3.99, 
-69.00, -46.38, 105.29, -39.60, -5.56, 67.93, -12.57, 3.99, 
-68.00, -46.13, 104.77, -39.25, -5.55, 67.66, -12.59, 3.99, 
-67.00, -46.30, 104.63, -39.13, -5.54, 67.40, -12.61, 3.99, 
-66.00, -46.21, 105.27, -39.46, -5.53, 67.14, -12.62, 3.99, 
-65.00, -46.24, 103.18, -39.63, -5.53, 66.88, -12.64, 3.99, 
-64.00, -46.18, 104.43, -39.73, -5.52, 66.62, -12.66, 3.99, 
-63.00, -46.26, 103.64, -39.50, -5.51, 66.35, -12.68, 3.99, 
-62.00, -45.98, 102.89, -39.22, -5.50, 66.09, -12.70, 3.99, 
-61.00, -46.18, 103.95, -39.35, -5.49, 65.83, -12.72, 3.99, 
-60.00, -46.19, 102.41, -39.80, -5.48, 65.57, -12.73, 3.99, 
-59.00, -45.82, 102.80, -39.32, -5.47, 65.30, -12.75, 3.99, 
-58.00, -46.02, 102.81, -39.57, -5.46, 65.04, -12.77, 3.99, 
-57.00, -46.08, 101.30, -39.71, -5.46, 64.78, -12.79, 3.99, 
-56.00, -45.83, 101.99, -38.99, -5.45, 64.52, -12.81, 3.99, 
-55.00, -46.12, 100.65, -39.24, -5.44, 64.25, -12.83, 3.99, 
-54.00, -45.83, 101.26, -39.41, -5.43, 63.99, -12.84, 3.99, 
-53.00, -45.81, 101.26, -38.95, -5.42, 63.73, -12.86, 3.99, 
-52.00, -45.84, 99.84, -39.57, -5.41, 63.47, -12.88, 3.99, 
-51.00, -45.60, 100.91, -39.48, -5.40, 63.20, -12.90, 3.99, 
-50.00, -45.99, 100.12, -39.34, -5.39, 62.94, -12.92, 3.99, 
-49.00, -46.33, 99.97, -39.45, -5.39, 62.68, -12.94, 3.99, 
-48.00, -46.11, 100.44, -39.46, -5.38, 62.42, -12.95, 3.99, 
-47.00, -46.08, 99.12, -39.95, -5.37, 62.15, -12.97, 3.99, 
-46.00, -45.79, 100.02, -39.51, -5.36, 61.89, -12.99, 3.99, 
-45.00, -46.07, 99.50, -39.93, -5.35, 61.63, -13.01, 3.99, 
-44.00, -46.03, 99.03, -39.54, -5.34, 61.36, -13.03, 3.99, 
-43.00, -46.16, 99.31, -39.52, -5.33, 61.10, -13.05, 3.99, 
-42.00, -45.78, 98.03, -39.68, -5.32, 60.84, -13.07, 3.99, 
-41.00, -46.05, 98.62, -39.89, -5.32, 60.57, -13.08, 4.00, 
-40.00, -46.07, 97.40, -40.08, -5.31, 60.31, -13.10, 3.99, 
-39.00, -46.15, 97.43, -40.17, -5.30, 60.05, -13.12, 3.99, 
-38.00, -46.07, 97.56, -40.24, -5.29, 59.78, -13.14, 3.99, 
-37.00, -46.18, 96.69, -39.86, -5.28, 59.52, -13.16, 3.99, 
-36.00, -46.20, 97.23, -39.99, -5.27, 59.26, -13.18, 3.99, 
-35.00, -46.17, 96.26, -39.76, -5.26, 58.99, -13.20, 3.99, 
-34.00, -46.36, 96.49, -40.04, -5.25, 58.73, -13.21, 3.99, 
-33.00, -46.41, 96.72, -39.99, -5.25, 58.47, -13.23, 3.99, 
-32.00, -46.45, 96.02, -39.54, -5.24, 58.20, -13.25, 3.99, 
-31.00, -46.19, 96.35, -39.42, -5.23, 57.94, -13.27, 3.99, 
-30.00, -46.56, 95.00, -39.65, -5.22, 57.68, -13.29, 3.99, 
-29.00, -46.15, 95.19, -40.04, -5.21, 57.41, -13.31, 3.99, 
-28.00, -46.29, 94.72, -40.15, -5.20, 57.15, -13.33, 3.99, 
-27.00, -46.33, 94.51, -40.25, -5.19, 56.88, -13.35, 3.99, 
-26.00, -46.27, 94.57, -40.06, -5.18, 56.62, -13.36, 3.99, 
-25.00, -46.31, 93.98, -40.14, -5.18, 56.36, -13.38, 3.99, 
-24.00, -46.40, 94.12, -39.85, -5.17, 56.09, -13.40, 3.99, 
-23.00, -46.43, 93.49, -40.05, -5.16, 55.83, -13.42, 3.99, 
-22.00, -46.19, 93.81, -39.76, -5.15, 55.57, -13.44, 4.00, 
-21.00, -45.77, 93.24, -40.20, -5.14, 55.30, -13.46, 3.99, 
-20.00, -46.07, 92.73, -40.16, -5.13, 55.04, -13.48, 3.99, 
-19.00, -45.91, 92.68, -39.79, -5.12, 54.77, -13.50, 4.00, 
-18.00, -45.97, 92.62, -39.82, -5.11, 54.51, -13.51, 4.00, 
-17.00, -45.75, 92.43, -40.44, -5.10, 54.25, -13.53, 4.00, 
-16.00, -45.86, 92.48, -39.87, -5.10, 53.98, -13.55, 3.99, 
-15.00, -46.16, 91.60, -40.43, -5.09, 53.72, -13.57, 3.99, 
-14.00, -46.22, 91.52, -40.63, -5.08, 53.45, -13.59, 4.00, 
-13.00, -46.18, 90.87, -40.56, -5.07, 53.19, -13.61, 4.00, 
-12.00, -46.24, 91.30, -40.67, -5.06, 52.92, -13.63, 4.00, 
-11.00, -46.16, 90.72, -40.51, -5.05, 52.66, -13.65, 3.99, 
-10.00, -46.05, 90.53, -40.67, -5.04, 52.40, -13.67, 4.00, 
-9.00, -46.14, 90.58, -40.64, -5.03, 52.13, -13.68, 4.00, 
-8.00, -46.07, 89.70, -40.98, -5.03, 51.87, -13.70, 3.99, 
-7.00, -46.16, 90.07, -40.33, -5.02, 51.60, -13.72, 4.00, 
-6.00, -46.06, 89.72, -40.54, -5.01, 51.34, -13.74, 3.99, 
-5.00, -45.88, 89.40, -40.23, -5.00, 51.07, -13.76, 4.00, 
-4.00, -46.17, 89.83, -40.56, -4.99, 50.81, -13.78, 3.99, 
-3.00, -45.99, 88.82, -40.43, -4.98, 50.55, -13.80, 3.99, 
-2.00, -46.07, 88.67, -40.21, -4.97, 50.28, -13.82, 4.00, 
-1.00, -46.07, 87.99, -40.23, -4.96, 50.02, -13.84, 4.00, 
0.00, -46.05, 87.95, -40.02, -4.95, 49.75, -13.86, 4.00, 
1.00, -45.78, 87.62, -40.25, -4.95, 49.49, -13.87, 4.00, 
2.00, -45.51, 87.39, -40.23, -4.94, 49.22, -13.89, 4.00, 
3.00, -45.38, 87.36, -40.71, -4.93, 48.96, -13.91, 3.99, 
4.00, -45.55, 87.00, -40.10, -4.92, 48.69, -13.93, 3.99, 
5.00, -45.77, 86.89, -40.93, -4.91, 48.43, -13.95, 4.00, 
6.00, -45.93, 86.50, -40.57, -4.90, 48.16, -13.97, 3.99, 
7.00, -45.71, 86.38, -40.46, -4.89, 47.90, -13.99, 4.00, 
8.00, -45.93, 86.49, -40.54, -4.88, 47.63, -14.01, 4.00, 
9.00, -45.57, 86.02, -40.56, -4.88, 47.37, -14.03, 3.99, 
10.00, -45.61, 85.65, -40.28, -4.87, 47.11, -14.05, 4.00, 
11.00, -45.25, 85.53, -40.08, -4.86, 46.84, -14.07, 4.00, 
12.00, -45.56, 85.15, -40.77, -4.85, 46.58, -14.09, 4.00, 
13.00, -45.74, 84.73, -40.46, -4.84, 46.31, -14.10, 3.99, 
14.00, -45.59, 84.69, -40.36, -4.83, 46.05, -14.12, 3.99, 
15.00, -45.50, 84.41, -40.12, -4.82, 45.78, -14.14, 3.99, 
16.00, -45.75, 84.81, -40.78, -4.81, 45.52, -14.16, 3.99, 
17.00, -45.63, 84.09, -40.80, -4.80, 45.25, -14.18, 3.99, 
18.00, -45.75, 83.94, -40.54, -4.80, 44.99, -14.20, 3.99, 
19.00, -45.32, 83.25, -40.65, -4.79, 44.72, -14.22, 3.99, 
20.00, -45.37, 83.41, -40.15, -4.78, 44.46, -14.24, 3.99, 
21.00, -45.47, 82.67, -40.42, -4.77, 44.19, -14.26, 3.99, 
22.00, -45.43, 82.32, -40.75, -4.76, 43.93, -14.28, 3.99, 
23.00, -45.54, 82.84, -40.35, -4.75, 43.66, -14.30, 3.99, 
24.00, -45.50, 81.40, -40.23, -4.74, 43.40, -14.32, 3.99, 
25.00, -45.66, 82.08, -40.89, -4.73, 43.13, -14.34, 3.99, 
26.00, -45.69, 81.48, -41.15, -4.72, 42.87, -14.36, 3.99, 
27.00, -45.79, 81.19, -41.11, -4.72, 42.60, -14.37, 3.99, 
28.00, -45.63, 81.52, -40.76, -4.71, 42.34, -14.39, 3.99, 
29.00, -45.62, 81.34, -40.36, -4.70, 42.07, -14.41, 3.99, 
30.00, -45.54, 80.99, -40.35, -4.69, 41.81, -14.43, 3.99, 
31.00, -45.94, 80.50, -40.63, -4.68, 41.54, -14.45, 4.00, 
32.00, -45.61, 80.66, -40.71, -4.67, 41.28, -14.47, 3.99, 
33.00, -45.47, 79.83, -40.72, -4.66, 41.02, -14.49, 3.99, 
34.00, -45.50, 80.12, -41.19, -4.65, 40.75, -14.51, 3.99, 
35.00, -45.34, 79.79, -40.93, -4.65, 40.49, -14.53, 3.99, 
36.00, -45.04, 79.66, -40.99, -4.64, 40.22, -14.55, 3.99, 
37.00, -44.92, 78.73, -41.00, -4.63, 39.96, -14.57, 3.99, 
38.00, -45.24, 78.80, -40.84, -4.62, 39.69, -14.59, 4.00, 
39.00, -45.54, 79.16, -40.60, -4.61, 39.43, -14.61, 3.99, 
40.00, -45.18, 78.56, -40.70, -4.60, 39.16, -14.63, 3.99, 
41.00, -45.17, 78.90, -40.90, -4.59, 38.90, -14.65, 3.99, 
42.00, -45.60, 77.70, -41.04, -4.58, 38.63, -14.67, 3.99, 
43.00, -45.57, 78.11, -41.15, -4.57, 38.37, -14.69, 3.99, 
44.00, -45.56, 77.90, -40.89, -4.57, 38.10, -14.71, 3.99, 
45.00, -45.30, 76.44, -41.17, -4.56, 37.84, -14.73, 3.99, 
46.00, -45.21, 77.02, -41.05, -4.55, 37.57, -14.74, 3.99, 
47.00, -45.48, 76.52, -40.84, -4.54, 37.31, -14.76, 3.99, 
48.00, -45.51, 77.11, -41.10, -4.53, 37.04, -14.78, 3.99, 
49.00, -45.27, 75.92, -41.18, -4.52, 36.78, -14.80, 3.99, 
50.00, -45.06, 76.51, -41.02, -4.51, 36.51, -14.82, 3.99, 
51.00, -45.10, 75.16, -40.91, -4.50, 36.25, -14.84, 3.99, 
52.00, -45.40, 75.16, -40.86, -4.50, 35.98, -14.86, 3.99, 
53.00, -45.32, 74.77, -41.00, -4.49, 35.72, -14.88, 3.99, 
54.00, -45.20, 74.48, -40.64, -4.48, 35.45, -14.90, 3.99, 
55.00, -45.35, 75.17, -41.26, -4.47, 35.19, -14.92, 3.99, 
56.00, -45.16, 73.99, -41.06, -4.46, 34.92, -14.94, 3.99, 
57.00, -45.29, 74.65, -41.50, -4.45, 34.66, -14.96, 3.99, 
58.00, -45.38, 73.13, -41.19, -4.44, 34.39, -14.98, 3.99, 
59.00, -45.31, 72.76, -41.06, -4.43, 34.13, -15.00, 3.99, 
60.00, -45.21, 73.94, -41.01, -4.42, 33.87, -15.02, 3.99, 
61.00, -45.17, 72.86, -41.03, -4.42, 33.60, -15.04, 3.99, 
62.00, -45.12, 72.86, -40.94, -4.41, 33.34, -15.06, 3.99, 
63.00, -45.17, 72.97, -41.09, -4.40, 33.07, -15.08, 3.99, 
64.00, -45.35, 72.18, -41.27, -4.39, 32.81, -15.10, 3.99, 
65.00, -45.31, 72.26, -41.24, -4.38, 32.54, -15.12, 3.99, 
66.00, -45.36, 72.52, -41.32, -4.37, 32.28, -15.14, 4.00, 
67.00, -46.03, 71.00, -41.18, -4.36, 32.01, -15.16, 3.99, 
68.00, -45.17, 71.88, -41.30, -4.35, 31.75, -15.18, 4.00, 
69.00, -45.52, 70.51, -41.24, -4.35, 31.48, -15.20, 3.99, 
70.00, -45.52, 69.66, -41.47, -4.34, 31.22, -15.22, 3.99, 
71.00, -45.35, 71.29, -41.02, -4.33, 30.95, -15.24, 3.99, 
72.00, -45.40, 70.27, -40.94, -4.32, 30.69, -15.26, 3.99, 
73.00, -45.24, 70.01, -41.38, -4.31, 30.43, -15.28, 3.99, 
74.00, -45.13, 70.57, -41.24, -4.30, 30.16, -15.30, 4.00, 
75.00, -45.49, 69.41, -40.79, -4.29, 29.90, -15.32, 3.99, 
76.00, -45.59, 69.64, -41.36, -4.28, 29.63, -15.34, 3.99, 
77.00, -45.27, 69.13, -41.07, -4.28, 29.37, -15.36, 3.99, 
78.00, -45.24, 68.96, -41.43, -4.27, 29.10, -15.38, 3.99, 
79.00, -45.31, 69.62, -41.34, -4.26, 28.84, -15.40, 3.99, 
80.00, -45.55, 68.13, -41.56, -4.25, 28.57, -15.42, 3.99, 
81.00, -45.43, 67.97, -41.59, -4.24, 28.31, -15.44, 3.99, 
82.00, -45.49, 68.05, -41.66, -4.23, 28.05, -15.46, 3.99, 
83.00, -45.50, 67.05, -41.70, -4.22, 27.78, -15.48, 3.99, 
84.00, -45.41, 67.75, -41.61, -4.21, 27.52, -15.50, 3.99, 
85.00, -45.24, 67.05, -41.71, -4.21, 27.25, -15.52, 3.99, 
86.00, -45.19, 65.59, -41.77, -4.20, 26.99, -15.54, 3.99, 
87.00, -45.07, 67.52, -41.58, -4.19, 26.72, -15.56, 3.99, 
88.00, -45.25, 66.51, -41.59, -4.18, 26.46, -15.58, 3.99, 
89.00, -45.28, 66.90, -41.67, -4.17, 26.20, -15.60, 3.99, 
90.00, -45.34, 66.87, -41.59, -4.16, 25.93, -15.62, 3.99, 
91.00, -45.09, 65.67, -41.84, -4.15, 25.67, -15.64, 3.99, 
92.00, -45.06, 66.07, -41.75, -4.14, 25.40, -15.66, 3.99, 
93.00, -45.12, 64.74, -41.71, -4.14, 25.14, -15.68, 3.99, 
94.00, -45.16, 64.41, -41.96, -4.13, 24.88, -15.70, 3.99, 
95.00, -45.47, 64.98, -41.51, -4.12, 24.61, -15.72, 3.99, 
96.00, -45.27, 64.16, -41.82, -4.11, 24.35, -15.74, 3.99, 
97.00, -45.38, 64.97, -42.12, -4.10, 24.08, -15.76, 3.99, 
98.00, -45.42, 63.96, -42.16, -4.09, 23.82, -15.78, 3.99, 
99.00, -45.75, 62.95, -41.59, -4.08, 23.56, -15.80, 3.99, 
100.00, -45.43, 63.93, -42.10, -4.07, 23.29, -15.82, 3.99, 
101.00, -45.06, 62.26, -41.89, -4.07, 23.03, -15.84, 3.99, 
102.00, -45.46, 62.89, -41.77, -4.06, 22.77, -15.86, 3.99, 
103.00, -45.40, 63.93, -41.94, -4.05, 22.50, -15.88, 3.99, 
104.00, -45.39, 61.98, -41.67, -4.04, 22.24, -15.90, 3.98, 
105.00, -45.16, 62.27, -41.06, -4.03, 21.97, -15.92, 3.98, 
106.00, -45.43, 61.87, -41.19, -4.02, 21.71, -15.94, 3.99, 
107.00, -45.04, 61.19, -41.22, -4.01, 21.45, -15.96, 3.99, 
108.00, -45.13, 62.82, -41.46, -4.00, 21.18, -15.98, 3.98, 
109.00, -45.06, 60.77, -41.16, -4.00, 20.92, -16.00, 3.98, 
110.00, -45.24, 60.27, -41.32, -3.99, 20.66, -16.02, 3.99, 
111.00, -45.36, 61.09, -41.10, -3.98, 20.39, -16.04, 3.99, 
112.00, -45.36, 60.03, -41.48, -3.97, 20.13, -16.06, 3.98, 
113.00, -45.23, 61.15, -41.69, -3.96, 19.87, -16.08, 3.98, 
114.00, -45.05, 60.37, -41.59, -3.95, 19.60, -16.10, 3.98, 
115.00, -44.98, 58.37, -41.40, -3.94, 19.34, -16.13, 3.99, 
116.00, -44.98, 59.61, -41.65, -3.94, 19.08, -16.15, 3.99, 
117.00, -44.85, 59.09, -41.60, -3.93, 18.81, -16.17, 3.98, 
118.00, -45.12, 59.73, -41.95, -3.92, 18.55, -16.19, 3.98, 
119.00, -45.21, 60.17, -41.96, -3.91, 18.29, -16.21, 3.98, 
120.00, -44.84, 57.85, -41.87, -3.90, 18.03, -16.23, 3.99, 
121.00, -44.03, 58.44, -41.62, -3.89, 17.76, -16.25, 3.99, 
122.00, -45.71, 58.63, -41.39, -3.88, 17.50, -16.27, 3.98, 
123.00, -44.98, 57.74, -42.02, -3.87, 17.24, -16.29, 3.98, 
124.00, -45.02, 58.85, -41.84, -3.87, 16.97, -16.31, 3.99, 
125.00, -45.34, 56.69, -42.08, -3.86, 16.71, -16.33, 3.99, 
126.00, -45.36, 56.43, -41.93, -3.85, 16.45, -16.35, 3.98, 
127.00, -45.01, 57.74, -41.84, -3.84, 16.19, -16.37, 3.98, 
128.00, -45.18, 56.58, -42.20, -3.83, 15.92, -16.39, 3.98, 
129.00, -45.29, 57.61, -41.80, -3.82, 15.66, -16.41, 3.99, 
130.00, -45.27, 56.63, -42.44, -3.81, 15.40, -16.43, 3.99, 
131.00, -45.17, 55.85, -42.29, -3.81, 15.14, -16.45, 3.98, 
132.00, -45.21, 56.57, -42.18, -3.80, 14.87, -16.47, 3.98, 
133.00, -44.89, 54.85, -42.12, -3.79, 14.61, -16.49, 3.98, 
134.00, -45.01, 55.50, -42.09, -3.78, 14.35, -16.52, 3.98, 
135.00, -45.24, 56.47, -42.16, -3.77, 14.09, -16.54, 3.99, 
136.00, -44.93, 54.09, -42.82, -3.76, 13.83, -16.56, 3.98, 
137.00, -45.24, 54.55, -42.30, -3.75, 13.56, -16.58, 3.98, 
138.00, -45.30, 53.40, -42.41, -3.75, 13.30, -16.60, 3.98, 
139.00, -45.11, 53.44, -42.16, -3.74, 13.04, -16.62, 3.99, 
140.00, -45.00, 55.11, -41.98, -3.73, 12.78, -16.64, 3.98, 
141.00, -44.97, 53.79, -42.29, -3.72, 12.52, -16.66, 3.98, 
142.00, -45.06, 53.88, -42.38, -3.71, 12.25, -16.68, 3.98, 
143.00, -45.06, 53.08, -42.12, -3.70, 11.99, -16.70, 3.99, 
144.00, -45.24, 51.91, -42.28, -3.69, 11.73, -16.72, 3.99, 
145.00, -45.47, 53.84, -42.07, -3.69, 11.47, -16.74, 3.98, 
146.00, -44.90, 52.45, -41.83, -3.68, 11.21, -16.76, 3.98, 
147.00, -44.91, 52.15, -42.33, -3.67, 10.95, -16.78, 3.98, 
148.00, -44.93, 52.05, -42.26, -3.66, 10.68, -16.80, 3.98, 
149.00, -45.13, 50.78, -41.94, -3.65, 10.42, -16.83, 3.98, 
150.00, -45.37, 51.97, -42.29, -3.64, 10.16, -16.85, 3.98, 
151.00, -45.20, 52.51, -42.35, -3.63, 9.90, -16.87, 3.98, 
152.00, -45.11, 50.54, -42.29, -3.63, 9.64, -16.89, 3.98, 
153.00, -45.14, 51.21, -42.05, -3.62, 9.38, -16.91, 3.97, 
154.00, -45.38, 50.08, -41.63, -3.61, 9.12, -16.93, 3.98, 
155.00, -45.31, 50.12, -42.18, -3.60, 8.86, -16.95, 3.98, 
156.00, -45.29, 50.16, -42.01, -3.59, 8.59, -16.97, 3.97, 
157.00, -44.47, 48.42, -41.86, -3.58, 8.33, -16.99, 3.97, 
158.00, -45.25, 49.30, -42.18, -3.58, 8.07, -17.01, 3.98, 
159.00, -44.92, 49.56, -42.14, -3.57, 7.81, -17.03, 3.98, 
160.00, -45.28, 48.86, -41.89, -3.56, 7.55, -17.06, 3.97, 
161.00, -45.35, 49.28, -42.39, -3.55, 7.29, -17.08, 3.98, 
162.00, -45.07, 47.44, -42.13, -3.54, 7.03, -17.10, 3.98, 
163.00, -45.19, 47.71, -42.55, -3.53, 6.77, -17.12, 3.97, 
164.00, -45.35, 48.88, -42.91, -3.52, 6.51, -17.14, 3.98, 
165.00, -45.12, 47.10, -42.44, -3.52, 6.25, -17.16, 3.98, 
166.00, -45.11, 47.60, -43.00, -3.51, 5.99, -17.18, 3.97, 
167.00, -45.32, 47.14, -42.83, -3.50, 5.73, -17.20, 3.98, 
168.00, -45.40, 47.61, -42.98, -3.49, 5.47, -17.22, 3.98, 
169.00, -45.13, 47.42, -42.85, -3.48, 5.21, -17.24, 3.97, 
170.00, -44.77, 45.66, -42.65, -3.47, 4.95, -17.26, 3.98, 
171.00, -45.20, 47.52, -42.48, -3.47, 4.69, -17.29, 3.97, 
172.00, -45.23, 47.19, -42.76, -3.46, 4.43, -17.31, 3.98, 
173.00, -45.33, 45.55, -43.36, -3.45, 4.17, -17.33, 3.98, 
174.00, -45.08, 46.31, -43.31, -3.44, 3.91, -17.35, 3.98, 
175.00, -45.93, 45.30, -43.31, -3.43, 3.65, -17.37, 3.98, 
176.00, -45.23, 46.03, -43.63, -3.42, 3.39, -17.39, 3.97, 
177.00, -45.03, 44.55, -43.26, -3.42, 3.13, -17.41, 3.98, 
178.00, -45.09, 45.22, -43.54, -3.41, 2.87, -17.43, 3.97, 
179.00, -45.22, 45.86, -42.98, -3.40, 2.61, -17.45, 3.98, 
180.00, -45.29, 43.85, -43.02, -3.39, 2.35, -17.48, 3.97, 
181.00, -45.19, 44.98, -43.27, -3.38, 2.09, -17.50, 3.98, 
182.00, -45.13, 43.31, -43.27, -3.37, 1.83, -17.52, 3.98, 
183.00, -45.01, 43.29, -43.36, -3.37, 1.57, -17.54, 3.97, 
184.00, -45.13, 43.16, -43.28, -3.36, 1.32, -17.56, 3.98, 
185.00, -45.17, 42.70, -43.25, -3.35, 1.06, -17.58, 3.97, 
186.00, -44.90, 44.04, -43.36, -3.34, 0.80, -17.60, 3.98, 
187.00, -45.19, 42.17, -43.29, -3.33, 0.54, -17.62, 3.97, 
188.00, -45.00, 43.04, -42.86, -3.32, 0.28, -17.65, 3.97, 
189.00, -45.01, 41.56, -43.00, -3.32, 0.02, -17.67, 3.97, 
190.00, -45.23, 42.07, -43.37, -3.31, -0.24, -17.69, 3.97, 
191.00, -45.26, 41.70, -43.53, -3.30, -0.49, -17.71, 3.96, 
192.00, -44.97, 40.93, -43.36, -3.29, -0.75, -17.73, 3.97, 
193.00, -45.12, 42.08, -43.66, -3.28, -1.01, -17.75, 3.96, 
194.00, -45.17, 40.00, -43.17, -3.27, -1.27, -17.77, 3.97, 
195.00, -44.97, 40.18, -43.08, -3.27, -1.53, -17.79, 3.97, 
196.00, -45.12, 41.20, -43.04, -3.26, -1.78, -17.82, 3.97, 
197.00, -45.10, 39.24, -42.91, -3.25, -2.04, -17.84, 3.96, 
198.00, -45.33, 40.15, -42.73, -3.24, -2.30, -17.86, 3.97, 
199.00, -45.03, 39.68, -42.85, -3.23, -2.56, -17.88, 3.96, 
200.00, -45.18, 39.59, -43.41, -3.22, -2.82, -17.90, 3.97, 
201.00, -45.23, 39.66, -43.46, -3.22, -3.07, -17.92, 3.97, 
202.00, -45.31, 38.75, -43.10, -3.21, -3.33, -17.94, 3.97, 
203.00, -45.19, 39.39, -42.91, -3.20, -3.59, -17.96, 3.97, 
204.00, -45.28, 38.57, -42.56, -3.19, -3.84, -17.99, 3.97, 
205.00, -45.31, 38.06, -43.19, -3.18, -4.10, -18.01, 3.97, 
206.00, -45.28, 38.34, -42.65, -3.18, -4.36, -18.03, 3.97, 
207.00, -45.50, 37.72, -42.66, -3.17, -4.62, -18.05, 3.97, 
208.00, -45.08, 37.79, -42.59, -3.16, -4.87, -18.07, 3.97, 
209.00, -45.02, 37.36, -43.32, -3.15, -5.13, -18.09, 3.97, 
210.00, -45.36, 37.02, -43.15, -3.14, -5.39, -18.11, 3.96, 
211.00, -45.12, 37.16, -42.93, -3.14, -5.64, -18.14, 3.97, 
212.00, -44.83, 36.49, -43.22, -3.13, -5.90, -18.16, 3.97, 
213.00, -45.28, 37.09, -42.84, -3.12, -6.16, -18.18, 3.97, 
214.00, -45.06, 36.34, -42.85, -3.11, -6.41, -18.20, 3.97, 
215.00, -45.27, 36.16, -42.61, -3.10, -6.67, -18.22, 3.96, 
216.00, -45.61, 35.47, -43.01, -3.09, -6.92, -18.24, 3.97, 
217.00, -45.24, 35.51, -43.06, -3.09, -7.18, -18.27, 3.97, 
218.00, -45.44, 35.61, -42.63, -3.08, -7.44, -18.29, 3.96, 
219.00, -45.33, 34.92, -42.66, -3.07, -7.69, -18.31, 3.97, 
220.00, -45.41, 34.84, -43.12, -3.06, -7.95, -18.33, 3.97, 
221.00, -45.40, 34.11, -43.47, -3.05, -8.20, -18.35, 3.96, 
222.00, -45.39, 34.35, -43.47, -3.05, -8.46, -18.37, 3.97, 
223.00, -45.36, 33.62, -43.38, -3.04, -8.71, -18.39, 3.97, 
224.00, -45.45, 33.69, -43.43, -3.03, -8.97, -18.42, 3.96, 
225.00, -45.55, 33.45, -43.31, -3.02, -9.22, -18.44, 3.97, 
226.00, -45.54, 33.03, -43.09, -3.01, -9.48, -18.46, 3.96, 
227.00, -45.44, 33.36, -43.21, -3.01, -9.73, -18.48, 3.96, 
228.00, -45.55, 32.48, -43.20, -3.00, -9.99, -18.50, 3.96, 
229.00, -45.45, 33.23, -43.65, -2.99, -10.24, -18.52, 3.96, 
230.00, -45.34, 32.33, -43.35, -2.98, -10.50, -18.55, 3.96, 
231.00, -45.21, 32.64, -43.47, -2.97, -10.75, -18.57, 3.96, 
232.00, -45.11, 32.05, -43.31, -2.97, -11.01, -18.59, 3.96, 
233.00, -45.03, 31.43, -43.42, -2.96, -11.26, -18.61, 3.96, 
234.00, -44.86, 31.60, -42.89, -2.95, -11.52, -18.63, 3.96, 
235.00, -45.06, 31.56, -43.05, -2.94, -11.77, -18.66, 3.96, 
236.00, -45.12, 31.01, -43.05, -2.93, -12.02, -18.68, 3.96, 
237.00, -44.89, 30.96, -43.23, -2.93, -12.28, -18.70, 3.96, 
238.00, -45.49, 30.40, -43.27, -2.92, -12.53, -18.72, 3.96, 
239.00, -45.21, 30.57, -43.17, -2.91, -12.78, -18.74, 3.96, 
240.00, -45.23, 30.10, -43.17, -2.90, -13.04, -18.76, 3.96, 
241.00, -45.38, 30.03, -43.60, -2.90, -13.29, -18.79, 3.96, 
242.00, -45.81, 29.74, -43.49, -2.89, -13.54, -18.81, 3.96, 
243.00, -45.43, 29.84, -43.43, -2.88, -13.80, -18.83, 3.96, 
244.00, -45.33, 29.18, -43.21, -2.87, -14.05, -18.85, 3.95, 
245.00, -45.73, 29.17, -43.48, -2.86, -14.30, -18.87, 3.96, 
246.00, -45.37, 29.24, -43.23, -2.86, -14.56, -18.89, 3.96, 
247.00, -45.37, 28.37, -43.13, -2.85, -14.81, -18.92, 3.96, 
248.00, -45.41, 28.68, -42.82, -2.84, -15.06, -18.94, 3.96, 
249.00, -45.17, 28.07, -42.64, -2.83, -15.31, -18.96, 3.95, 
250.00, -45.16, 27.72, -43.08, -2.82, -15.57, -18.98, 3.96, 
251.00, -45.01, 27.57, -43.26, -2.82, -15.82, -19.00, 3.96, 
252.00, -45.08, 27.22, -42.80, -2.81, -16.07, -19.03, 3.96, 
253.00, -45.17, 27.04, -42.98, -2.80, -16.32, -19.05, 3.96, 
254.00, -44.88, 26.65, -42.82, -2.79, -16.58, -19.07, 3.96, 
255.00, -44.98, 26.36, -43.35, -2.79, -16.83, -19.09, 3.96, 
