---START---
-255.00, -54.32, 153.35, -44.77, -7.07, 115.05, -9.40, 3.77, 
-254.00, -46.26, 147.57, -36.28, -7.06, 114.81, -9.42, 3.77, 
-253.00, -46.30, 147.46, -35.86, -7.05, 114.57, -9.43, 3.77, 
-252.00, -46.17, 147.28, -35.96, -7.05, 114.33, -9.45, 3.76, 
-251.00, -46.24, 146.96, -36.14, -7.04, 114.08, -9.46, 3.76, 
-250.00, -46.41, 146.76, -35.86, -7.03, 113.84, -9.48, 3.77, 
-249.00, -46.54, 146.87, -35.70, -7.02, 113.60, -9.49, 3.77, 
-248.00, -46.13, 146.76, -36.07, -7.02, 113.36, -9.51, 3.77, 
-247.00, -45.99, 146.69, -35.74, -7.01, 113.11, -9.53, 3.77, 
-246.00, -46.25, 146.01, -36.05, -7.00, 112.87, -9.54, 3.77, 
-245.00, -46.01, 146.24, -35.82, -6.99, 112.63, -9.56, 3.77, 
-244.00, -46.35, 145.74, -36.19, -6.99, 112.38, -9.57, 3.77, 
-243.00, -46.58, 145.60, -36.14, -6.98, 112.14, -9.59, 3.77, 
-242.00, -46.76, 145.62, -36.18, -6.97, 111.90, -9.61, 3.77, 
-241.00, -46.45, 145.44, -36.19, -6.96, 111.65, -9.62, 3.77, 
-240.00, -46.55, 145.35, -36.38, -6.96, 111.41, -9.64, 3.77, 
-239.00, -46.64, 145.02, -35.91, -6.95, 111.17, -9.65, 3.77, 
-238.00, -46.57, 144.44, -35.86, -6.94, 110.92, -9.67, 3.76, 
-237.00, -46.23, 144.36, -36.12, -6.93, 110.68, -9.69, 3.77, 
-236.00, -46.46, 143.43, -35.96, -6.93, 110.43, -9.70, 3.77, 
-235.00, -46.60, 143.32, -36.63, -6.92, 110.19, -9.72, 3.77, 
-234.00, -47.08, 142.71, -36.71, -6.91, 109.94, -9.73, 3.77, 
-233.00, -47.02, 142.10, -36.58, -6.90, 109.70, -9.75, 3.77, 
-232.00, -46.49, 143.03, -36.09, -6.90, 109.45, -9.77, 3.77, 
-231.00, -46.49, 142.70, -36.09, -6.89, 109.21, -9.78, 3.76, 
-230.00, -46.76, 142.10, -35.90, -6.88, 108.96, -9.80, 3.77, 
-229.00, -46.68, 142.31, -35.65, -6.87, 108.72, -9.82, 3.77, 
-228.00, -46.45, 141.63, -36.06, -6.87, 108.47, -9.83, 3.77, 
-227.00, -46.53, 141.31, -36.04, -6.86, 108.22, -9.85, 3.77, 
-226.00, -46.80, 141.46, -35.96, -6.85, 107.98, -9.86, 3.77, 
-225.00, -46.29, 140.86, -35.90, -6.84, 107.73, -9.88, 3.77, 
-224.00, -46.26, 140.91, -35.90, -6.84, 107.49, -9.90, 3.77, 
-223.00, -46.55, 139.82, -36.07, -6.83, 107.24, -9.91, 3.76, 
-222.00, -46.50, 140.23, -35.97, -6.82, 106.99, -9.93, 3.77, 
-221.00, -46.39, 139.63, -36.24, -6.81, 106.75, -9.95, 3.77, 
-220.00, -46.28, 139.06, -36.52, -6.81, 106.50, -9.96, 3.77, 
-219.00, -45.97, 139.85, -35.95, -6.80, 106.25, -9.98, 3.77, 
-218.00, -45.91, 139.27, -36.01, -6.79, 106.00, -9.99, 3.77, 
-217.00, -46.07, 139.49, -36.17, -6.78, 105.76, -10.01, 3.77, 
-216.00, -46.10, 139.32, -36.01, -6.77, 105.51, -10.03, 3.77, 
-215.00, -46.25, 138.90, -36.22, -6.77, 105.26, -10.04, 3.77, 
-214.00, -45.99, 139.21, -36.33, -6.76, 105.01, -10.06, 3.77, 
-213.00, -46.18, 137.78, -36.02, -6.75, 104.77, -10.08, 3.77, 
-212.00, -46.15, 137.97, -35.88, -6.74, 104.52, -10.09, 3.77, 
-211.00, -46.32, 137.07, -35.95, -6.74, 104.27, -10.11, 3.77, 
-210.00, -46.24, 137.07, -35.75, -6.73, 104.02, -10.13, 3.77, 
-209.00, -46.24, 137.09, -35.74, -6.72, 103.77, -10.14, 3.77, 
-208.00, -46.28, 136.47, -36.02, -6.71, 103.53, -10.16, 3.77, 
-207.00, -46.32, 137.29, -36.29, -6.71, 103.28, -10.17, 3.77, 
-206.00, -46.13, 136.73, -35.97, -6.70, 103.03, -10.19, 3.77, 
-205.00, -46.10, 136.19, -35.87, -6.69, 102.78, -10.21, 3.77, 
-204.00, -46.07, 136.50, -35.96, -6.68, 102.53, -10.22, 3.77, 
-203.00, -46.16, 135.81, -35.91, -6.67, 102.28, -10.24, 3.77, 
-202.00, -46.12, 136.17, -36.10, -6.67, 102.03, -10.26, 3.77, 
-201.00, -45.96, 136.02, -35.97, -6.66, 101.78, -10.27, 3.78, 
-200.00, -46.13, 135.27, -35.75, -6.65, 101.53, -10.29, 3.77, 
-199.00, -46.33, 135.71, -35.77, -6.64, 101.28, -10.31, 3.77, 
-198.00, -46.19, 134.91, -36.59, -6.63, 101.03, -10.32, 3.77, 
-197.00, -46.32, 134.20, -36.17, -6.63, 100.78, -10.34, 3.78, 
-196.00, -46.38, 135.23, -36.01, -6.62, 100.53, -10.36, 3.78, 
-195.00, -46.43, 134.33, -35.50, -6.61, 100.28, -10.37, 3.77, 
-194.00, -46.30, 134.75, -36.13, -6.60, 100.03, -10.39, 3.78, 
-193.00, -46.31, 133.17, -36.39, -6.60, 99.78, -10.41, 3.78, 
-192.00, -46.39, 132.98, -36.62, -6.59, 99.53, -10.42, 3.77, 
-191.00, -46.35, 134.24, -36.31, -6.58, 99.28, -10.44, 3.78, 
-190.00, -46.45, 132.84, -36.41, -6.57, 99.03, -10.46, 3.78, 
-189.00, -46.38, 133.19, -36.77, -6.56, 98.78, -10.47, 3.78, 
-188.00, -46.82, 132.61, -36.46, -6.56, 98.53, -10.49, 3.77, 
-187.00, -46.48, 131.54, -36.54, -6.55, 98.28, -10.51, 3.77, 
-186.00, -46.39, 133.06, -36.62, -6.54, 98.02, -10.52, 3.78, 
-185.00, -46.39, 132.13, -36.73, -6.53, 97.77, -10.54, 3.78, 
-184.00, -46.46, 132.42, -36.91, -6.52, 97.52, -10.56, 3.77, 
-183.00, -46.39, 131.53, -37.02, -6.52, 97.27, -10.57, 3.78, 
-182.00, -46.57, 131.26, -36.52, -6.51, 97.02, -10.59, 3.78, 
-181.00, -46.64, 132.12, -36.44, -6.50, 96.77, -10.61, 3.78, 
-180.00, -46.19, 130.05, -36.59, -6.49, 96.51, -10.62, 3.78, 
-179.00, -46.52, 130.92, -36.95, -6.48, 96.26, -10.64, 3.77, 
-178.00, -46.46, 129.77, -36.38, -6.48, 96.01, -10.66, 3.77, 
-177.00, -46.43, 129.93, -36.63, -6.47, 95.76, -10.67, 3.78, 
-176.00, -46.18, 130.74, -36.26, -6.46, 95.50, -10.69, 3.78, 
-175.00, -46.30, 130.13, -36.09, -6.45, 95.25, -10.71, 3.78, 
-174.00, -46.19, 130.49, -36.81, -6.44, 95.00, -10.73, 3.78, 
-173.00, -46.42, 129.69, -36.59, -6.44, 94.75, -10.74, 3.77, 
-172.00, -46.24, 129.80, -36.85, -6.43, 94.49, -10.76, 3.78, 
-171.00, -45.98, 129.33, -37.07, -6.42, 94.24, -10.78, 3.78, 
-170.00, -46.04, 128.09, -36.99, -6.41, 93.99, -10.79, 3.78, 
-169.00, -46.13, 129.03, -37.07, -6.40, 93.73, -10.81, 3.78, 
-168.00, -46.03, 127.79, -36.53, -6.39, 93.48, -10.83, 3.77, 
-167.00, -45.91, 129.55, -36.66, -6.39, 93.23, -10.84, 3.78, 
-166.00, -45.62, 128.25, -36.73, -6.38, 92.97, -10.86, 3.78, 
-165.00, -45.68, 127.69, -36.87, -6.37, 92.72, -10.88, 3.78, 
-164.00, -45.52, 128.39, -36.78, -6.36, 92.47, -10.90, 3.78, 
-163.00, -45.58, 127.60, -36.74, -6.35, 92.21, -10.91, 3.78, 
-162.00, -45.68, 128.59, -36.81, -6.35, 91.96, -10.93, 3.78, 
-161.00, -45.57, 127.01, -36.93, -6.34, 91.70, -10.95, 3.77, 
-160.00, -45.63, 127.09, -36.49, -6.33, 91.45, -10.96, 3.78, 
-159.00, -45.78, 127.59, -36.85, -6.32, 91.19, -10.98, 3.77, 
-158.00, -45.94, 125.74, -37.57, -6.31, 90.94, -11.00, 3.78, 
-157.00, -45.90, 126.33, -37.42, -6.30, 90.69, -11.01, 3.78, 
-156.00, -45.80, 124.76, -37.49, -6.30, 90.43, -11.03, 3.78, 
-155.00, -45.83, 123.87, -37.82, -6.29, 90.18, -11.05, 3.79, 
-154.00, -45.84, 125.60, -37.23, -6.28, 89.92, -11.07, 3.79, 
-153.00, -45.57, 123.81, -37.49, -6.27, 89.67, -11.08, 3.79, 
-152.00, -45.84, 125.61, -38.16, -6.26, 89.41, -11.10, 3.79, 
-151.00, -45.77, 125.25, -37.30, -6.26, 89.16, -11.12, 3.78, 
-150.00, -46.14, 124.48, -37.54, -6.25, 88.90, -11.13, 3.78, 
-149.00, -46.06, 125.22, -37.41, -6.24, 88.64, -11.15, 3.78, 
-148.00, -45.62, 123.69, -37.67, -6.23, 88.39, -11.17, 3.78, 
-147.00, -45.84, 124.44, -38.09, -6.22, 88.13, -11.19, 3.78, 
-146.00, -46.10, 124.35, -37.61, -6.21, 87.88, -11.20, 3.78, 
-145.00, -46.00, 122.81, -37.50, -6.21, 87.62, -11.22, 3.78, 
-144.00, -45.85, 123.46, -37.58, -6.20, 87.37, -11.24, 3.78, 
-143.00, -46.03, 121.93, -37.87, -6.19, 87.11, -11.26, 3.79, 
-142.00, -45.94, 121.11, -37.54, -6.18, 86.85, -11.27, 3.79, 
-141.00, -45.71, 122.60, -37.70, -6.17, 86.60, -11.29, 3.79, 
-140.00, -45.57, 120.64, -37.22, -6.16, 86.34, -11.31, 3.79, 
-139.00, -45.80, 122.17, -37.33, -6.16, 86.08, -11.32, 3.78, 
-138.00, -45.93, 121.66, -37.99, -6.15, 85.83, -11.34, 3.78, 
-137.00, -45.99, 120.56, -37.54, -6.14, 85.57, -11.36, 3.78, 
-136.00, -46.01, 121.73, -38.22, -6.13, 85.31, -11.38, 3.78, 
-135.00, -45.84, 120.08, -38.49, -6.12, 85.06, -11.39, 3.79, 
-134.00, -46.00, 119.85, -38.35, -6.11, 84.80, -11.41, 3.79, 
-133.00, -46.17, 120.19, -37.63, -6.11, 84.54, -11.43, 3.79, 
-132.00, -45.71, 119.04, -37.74, -6.10, 84.29, -11.45, 3.79, 
-131.00, -45.47, 120.92, -37.73, -6.09, 84.03, -11.46, 3.78, 
-130.00, -45.88, 120.18, -37.63, -6.08, 83.77, -11.48, 3.78, 
-129.00, -45.72, 119.70, -37.68, -6.07, 83.51, -11.50, 3.79, 
-128.00, -45.87, 120.13, -37.59, -6.06, 83.26, -11.52, 3.79, 
-127.00, -45.64, 118.25, -37.90, -6.06, 83.00, -11.53, 3.79, 
-126.00, -45.62, 119.00, -37.95, -6.05, 82.74, -11.55, 3.78, 
-125.00, -45.80, 118.21, -37.63, -6.04, 82.48, -11.57, 3.78, 
-124.00, -45.64, 117.55, -38.19, -6.03, 82.23, -11.59, 3.78, 
-123.00, -45.46, 119.10, -38.22, -6.02, 81.97, -11.60, 3.79, 
-122.00, -45.94, 117.75, -38.26, -6.01, 81.71, -11.62, 3.79, 
-121.00, -45.82, 117.32, -37.90, -6.01, 81.45, -11.64, 3.79, 
-120.00, -45.74, 117.51, -37.95, -6.00, 81.19, -11.66, 3.78, 
-119.00, -45.61, 116.26, -37.58, -5.99, 80.94, -11.67, 3.78, 
-118.00, -45.69, 116.90, -38.16, -5.98, 80.68, -11.69, 3.78, 
-117.00, -45.78, 117.00, -38.65, -5.97, 80.42, -11.71, 3.79, 
-116.00, -45.60, 116.20, -38.79, -5.96, 80.16, -11.73, 3.79, 
-115.00, -45.77, 116.71, -38.72, -5.95, 79.90, -11.74, 3.79, 
-114.00, -45.82, 114.96, -38.04, -5.95, 79.64, -11.76, 3.78, 
-113.00, -45.76, 115.59, -37.93, -5.94, 79.38, -11.78, 3.78, 
-112.00, -45.74, 116.58, -37.79, -5.93, 79.13, -11.80, 3.79, 
-111.00, -45.59, 115.25, -37.95, -5.92, 78.87, -11.82, 3.79, 
-110.00, -45.88, 115.17, -37.80, -5.91, 78.61, -11.83, 3.79, 
-109.00, -45.61, 115.56, -36.79, -5.90, 78.35, -11.85, 3.79, 
-108.00, -45.63, 113.98, -37.81, -5.90, 78.09, -11.87, 3.79, 
-107.00, -45.72, 114.71, -37.85, -5.89, 77.83, -11.89, 3.79, 
-106.00, -45.92, 113.85, -37.46, -5.88, 77.57, -11.90, 3.79, 
-105.00, -45.79, 114.64, -37.99, -5.87, 77.31, -11.92, 3.80, 
-104.00, -45.55, 114.81, -37.66, -5.86, 77.05, -11.94, 3.79, 
-103.00, -45.76, 112.27, -37.92, -5.85, 76.79, -11.96, 3.79, 
-102.00, -45.44, 113.27, -37.47, -5.84, 76.53, -11.98, 3.79, 
-101.00, -45.48, 112.89, -37.66, -5.84, 76.27, -11.99, 3.79, 
-100.00, -45.24, 112.81, -37.32, -5.83, 76.01, -12.01, 3.79, 
-99.00, -45.45, 113.68, -38.11, -5.82, 75.75, -12.03, 3.79, 
-98.00, -45.54, 111.53, -37.64, -5.81, 75.49, -12.05, 3.79, 
-97.00, -45.88, 112.39, -37.76, -5.80, 75.23, -12.06, 3.79, 
-96.00, -45.55, 113.00, -37.66, -5.79, 74.97, -12.08, 3.79, 
-95.00, -45.62, 111.56, -37.90, -5.78, 74.71, -12.10, 3.79, 
-94.00, -45.76, 112.26, -38.35, -5.78, 74.45, -12.12, 3.79, 
-93.00, -45.79, 110.50, -38.26, -5.77, 74.19, -12.14, 3.79, 
-92.00, -45.71, 111.10, -37.78, -5.76, 73.93, -12.15, 3.79, 
-91.00, -45.68, 111.76, -37.42, -5.75, 73.67, -12.17, 3.79, 
-90.00, -45.81, 111.06, -37.83, -5.74, 73.41, -12.19, 3.80, 
-89.00, -45.99, 110.99, -38.20, -5.73, 73.15, -12.21, 3.79, 
-88.00, -45.76, 110.01, -38.12, -5.72, 72.89, -12.23, 3.79, 
-87.00, -45.64, 109.34, -38.03, -5.72, 72.63, -12.24, 3.79, 
-86.00, -45.56, 109.89, -38.11, -5.71, 72.37, -12.26, 3.79, 
-85.00, -45.57, 108.92, -37.97, -5.70, 72.11, -12.28, 3.80, 
-84.00, -45.44, 109.77, -37.90, -5.69, 71.85, -12.30, 3.80, 
-83.00, -45.44, 109.93, -38.26, -5.68, 71.59, -12.32, 3.79, 
-82.00, -45.20, 108.31, -38.39, -5.67, 71.33, -12.33, 3.79, 
-81.00, -45.23, 108.52, -38.07, -5.66, 71.06, -12.35, 3.79, 
-80.00, -44.86, 107.92, -38.40, -5.66, 70.80, -12.37, 3.79, 
-79.00, -45.15, 107.48, -38.28, -5.65, 70.54, -12.39, 3.80, 
-78.00, -45.19, 108.52, -38.21, -5.64, 70.28, -12.41, 3.79, 
-77.00, -45.17, 107.55, -38.16, -5.63, 70.02, -12.42, 3.79, 
-76.00, -45.03, 107.80, -38.16, -5.62, 69.76, -12.44, 3.79, 
-75.00, -44.83, 107.08, -38.19, -5.61, 69.50, -12.46, 3.79, 
-74.00, -45.09, 105.83, -38.37, -5.60, 69.23, -12.48, 3.80, 
-73.00, -44.92, 106.94, -38.54, -5.59, 68.97, -12.50, 3.79, 
-72.00, -45.29, 106.91, -38.18, -5.59, 68.71, -12.51, 3.79, 
-71.00, -45.18, 106.88, -38.29, -5.58, 68.45, -12.53, 3.79, 
-70.00, -44.97, 106.60, -38.07, -5.57, 68.19, -12.55, 3.80, 
-69.00, -44.84, 104.80, -38.61, -5.56, 67.93, -12.57, 3.79, 
-68.00, -44.93, 105.72, -38.69, -5.55, 67.66, -12.59, 3.79, 
-67.00, -44.94, 104.58, -38.26, -5.54, 67.40, -12.61, 3.79, 
-66.00, -44.98, 105.16, -38.52, -5.53, 67.14, -12.62, 3.79, 
-65.00, -45.01, 105.09, -38.56, -5.53, 66.88, -12.64, 3.79, 
-64.00, -44.89, 103.49, -38.45, -5.52, 66.62, -12.66, 3.79, 
-63.00, -44.92, 104.54, -38.70, -5.51, 66.35, -12.68, 3.79, 
-62.00, -45.13, 104.03, -38.66, -5.50, 66.09, -12.70, 3.79, 
-61.00, -44.94, 104.65, -38.87, -5.49, 65.83, -12.72, 3.80, 
-60.00, -45.05, 104.28, -38.76, -5.48, 65.57, -12.73, 3.79, 
-59.00, -45.22, 102.82, -38.84, -5.47, 65.30, -12.75, 3.79, 
-58.00, -45.21, 103.35, -38.72, -5.46, 65.04, -12.77, 3.79, 
-57.00, -45.15, 102.37, -39.38, -5.46, 64.78, -12.79, 3.79, 
-56.00, -44.94, 103.24, -38.79, -5.45, 64.52, -12.81, 3.79, 
-55.00, -45.56, 102.94, -38.79, -5.44, 64.25, -12.83, 3.79, 
-54.00, -45.14, 102.17, -38.94, -5.43, 63.99, -12.84, 3.79, 
-53.00, -44.96, 102.39, -38.69, -5.42, 63.73, -12.86, 3.79, 
-52.00, -45.02, 101.08, -39.27, -5.41, 63.47, -12.88, 3.80, 
-51.00, -44.83, 101.94, -38.97, -5.40, 63.20, -12.90, 3.79, 
-50.00, -44.93, 100.36, -39.16, -5.39, 62.94, -12.92, 3.79, 
-49.00, -44.77, 100.71, -39.18, -5.39, 62.68, -12.94, 3.80, 
-48.00, -44.51, 101.27, -39.12, -5.38, 62.42, -12.95, 3.79, 
-47.00, -44.59, 100.05, -38.92, -5.37, 62.15, -12.97, 3.79, 
-46.00, -44.50, 100.45, -38.65, -5.36, 61.89, -12.99, 3.80, 
-45.00, -44.83, 99.85, -38.74, -5.35, 61.63, -13.01, 3.79, 
-44.00, -44.23, 100.17, -38.81, -5.34, 61.36, -13.03, 3.79, 
-43.00, -45.05, 100.07, -39.00, -5.33, 61.10, -13.05, 3.79, 
-42.00, -45.29, 98.61, -39.11, -5.32, 60.84, -13.07, 3.79, 
-41.00, -43.49, 99.50, -39.12, -5.32, 60.57, -13.08, 3.79, 
-40.00, -45.04, 99.80, -38.89, -5.31, 60.31, -13.10, 3.79, 
-39.00, -45.06, 98.47, -38.82, -5.30, 60.05, -13.12, 3.80, 
-38.00, -45.23, 99.08, -38.88, -5.29, 59.78, -13.14, 3.80, 
-37.00, -45.32, 98.81, -38.83, -5.28, 59.52, -13.16, 3.80, 
-36.00, -44.87, 98.06, -39.43, -5.27, 59.26, -13.18, 3.80, 
-35.00, -44.91, 97.88, -39.22, -5.26, 58.99, -13.20, 3.80, 
-34.00, -45.17, 97.79, -38.87, -5.25, 58.73, -13.21, 3.80, 
-33.00, -45.22, 97.95, -39.03, -5.25, 58.47, -13.23, 3.80, 
-32.00, -45.16, 97.04, -38.86, -5.24, 58.20, -13.25, 3.79, 
-31.00, -45.31, 97.39, -39.51, -5.23, 57.94, -13.27, 3.80, 
-30.00, -45.23, 96.73, -39.26, -5.22, 57.68, -13.29, 3.80, 
-29.00, -44.98, 96.03, -39.43, -5.21, 57.41, -13.31, 3.80, 
-28.00, -45.04, 96.57, -39.29, -5.20, 57.15, -13.33, 3.80, 
-27.00, -45.22, 95.76, -39.76, -5.19, 56.88, -13.35, 3.80, 
-26.00, -45.20, 95.96, -40.20, -5.18, 56.62, -13.36, 3.80, 
-25.00, -44.93, 95.95, -39.86, -5.18, 56.36, -13.38, 3.80, 
-24.00, -44.96, 95.27, -39.54, -5.17, 56.09, -13.40, 3.80, 
-23.00, -45.13, 95.65, -39.17, -5.16, 55.83, -13.42, 3.80, 
-22.00, -45.13, 95.11, -39.39, -5.15, 55.57, -13.44, 3.80, 
-21.00, -45.19, 95.18, -39.52, -5.14, 55.30, -13.46, 3.80, 
-20.00, -45.09, 94.75, -39.25, -5.13, 55.04, -13.48, 3.80, 
-19.00, -45.11, 94.64, -39.42, -5.12, 54.77, -13.50, 3.80, 
-18.00, -45.18, 94.52, -39.53, -5.11, 54.51, -13.51, 3.80, 
-17.00, -45.05, 93.76, -39.93, -5.10, 54.25, -13.53, 3.80, 
-16.00, -45.42, 93.61, -40.15, -5.10, 53.98, -13.55, 3.80, 
-15.00, -45.51, 93.47, -40.40, -5.09, 53.72, -13.57, 3.80, 
-14.00, -45.26, 93.51, -39.99, -5.08, 53.45, -13.59, 3.80, 
-13.00, -45.07, 93.19, -39.99, -5.07, 53.19, -13.61, 3.80, 
-12.00, -44.89, 92.42, -39.86, -5.06, 52.92, -13.63, 3.80, 
-11.00, -44.76, 93.10, -39.84, -5.05, 52.66, -13.65, 3.80, 
-10.00, -45.02, 92.34, -40.54, -5.04, 52.40, -13.67, 3.80, 
-9.00, -44.19, 92.06, -40.20, -5.03, 52.13, -13.68, 3.80, 
-8.00, -44.74, 91.68, -40.13, -5.03, 51.87, -13.70, 3.80, 
-7.00, -45.02, 91.21, -40.54, -5.02, 51.60, -13.72, 3.80, 
-6.00, -45.01, 91.38, -40.63, -5.01, 51.34, -13.74, 3.80, 
-5.00, -45.06, 90.89, -40.12, -5.00, 51.07, -13.76, 3.80, 
-4.00, -45.10, 90.71, -39.94, -4.99, 50.81, -13.78, 3.80, 
-3.00, -45.05, 90.68, -39.91, -4.98, 50.55, -13.80, 3.80, 
-2.00, -45.03, 90.29, -40.02, -4.97, 50.28, -13.82, 3.80, 
-1.00, -45.06, 90.16, -39.57, -4.96, 50.02, -13.84, 3.80, 
0.00, -45.13, 89.62, -40.38, -4.95, 49.75, -13.86, 3.80, 
1.00, -45.19, 89.54, -39.71, -4.95, 49.49, -13.87, 3.80, 
2.00, -45.26, 89.59, -40.06, -4.94, 49.22, -13.89, 3.80, 
3.00, -45.15, 89.55, -39.87, -4.93, 48.96, -13.91, 3.80, 
4.00, -45.31, 89.09, -39.63, -4.92, 48.69, -13.93, 3.80, 
5.00, -45.20, 88.49, -39.79, -4.91, 48.43, -13.95, 3.80, 
6.00, -45.01, 88.01, -39.68, -4.90, 48.16, -13.97, 3.80, 
7.00, -45.08, 87.99, -39.94, -4.89, 47.90, -13.99, 3.80, 
8.00, -45.11, 87.55, -40.33, -4.88, 47.63, -14.01, 3.80, 
9.00, -45.05, 86.95, -40.36, -4.88, 47.37, -14.03, 3.80, 
10.00, -44.91, 87.17, -40.22, -4.87, 47.11, -14.05, 3.80, 
11.00, -44.83, 86.82, -40.03, -4.86, 46.84, -14.07, 3.80, 
12.00, -44.77, 86.71, -40.20, -4.85, 46.58, -14.09, 3.80, 
13.00, -44.81, 86.59, -40.15, -4.84, 46.31, -14.10, 3.80, 
14.00, -44.92, 86.24, -40.61, -4.83, 46.05, -14.12, 3.80, 
15.00, -44.93, 86.72, -40.34, -4.82, 45.78, -14.14, 3.80, 
16.00, -44.78, 85.76, -40.25, -4.81, 45.52, -14.16, 3.80, 
17.00, -45.28, 85.90, -40.50, -4.80, 45.25, -14.18, 3.80, 
18.00, -45.01, 85.39, -40.49, -4.80, 44.99, -14.20, 3.80, 
19.00, -45.00, 85.04, -40.12, -4.79, 44.72, -14.22, 3.80, 
20.00, -44.67, 85.28, -40.62, -4.78, 44.46, -14.24, 3.80, 
21.00, -44.98, 84.82, -40.18, -4.77, 44.19, -14.26, 3.80, 
22.00, -44.70, 84.68, -40.21, -4.76, 43.93, -14.28, 3.80, 
23.00, -44.58, 84.44, -40.28, -4.75, 43.66, -14.30, 3.80, 
24.00, -44.48, 83.83, -40.50, -4.74, 43.40, -14.32, 3.80, 
25.00, -44.40, 84.28, -40.27, -4.73, 43.13, -14.34, 3.80, 
26.00, -44.54, 83.11, -40.38, -4.72, 42.87, -14.36, 3.80, 
27.00, -44.18, 83.43, -40.72, -4.72, 42.60, -14.37, 3.80, 
28.00, -44.42, 82.88, -40.19, -4.71, 42.34, -14.39, 3.80, 
29.00, -44.35, 82.81, -40.47, -4.70, 42.07, -14.41, 3.80, 
30.00, -44.70, 82.77, -40.38, -4.69, 41.81, -14.43, 3.80, 
31.00, -44.65, 82.27, -40.85, -4.68, 41.54, -14.45, 3.80, 
32.00, -44.81, 82.90, -40.29, -4.67, 41.28, -14.47, 3.80, 
33.00, -44.77, 81.98, -40.33, -4.66, 41.02, -14.49, 3.80, 
34.00, -45.16, 82.26, -40.40, -4.65, 40.75, -14.51, 3.80, 
35.00, -44.73, 81.34, -40.65, -4.65, 40.49, -14.53, 3.80, 
36.00, -44.68, 81.57, -40.64, -4.64, 40.22, -14.55, 3.79, 
37.00, -44.65, 81.30, -40.79, -4.63, 39.96, -14.57, 3.79, 
38.00, -44.48, 80.71, -40.82, -4.62, 39.69, -14.59, 3.80, 
39.00, -44.30, 81.24, -40.76, -4.61, 39.43, -14.61, 3.80, 
40.00, -44.10, 80.20, -40.63, -4.60, 39.16, -14.63, 3.80, 
41.00, -44.36, 80.50, -40.43, -4.59, 38.90, -14.65, 3.79, 
42.00, -44.35, 79.49, -40.59, -4.58, 38.63, -14.67, 3.79, 
43.00, -44.67, 79.57, -40.90, -4.57, 38.37, -14.69, 3.79, 
44.00, -44.35, 79.19, -40.66, -4.57, 38.10, -14.71, 3.79, 
45.00, -44.42, 79.13, -40.36, -4.56, 37.84, -14.73, 3.79, 
46.00, -44.49, 78.96, -40.35, -4.55, 37.57, -14.74, 3.80, 
47.00, -44.57, 78.68, -40.57, -4.54, 37.31, -14.76, 3.79, 
48.00, -44.70, 78.80, -40.54, -4.53, 37.04, -14.78, 3.79, 
49.00, -44.58, 78.82, -40.54, -4.52, 36.78, -14.80, 3.79, 
50.00, -44.80, 77.90, -40.86, -4.51, 36.51, -14.82, 3.79, 
51.00, -44.87, 78.60, -40.97, -4.50, 36.25, -14.84, 3.79, 
52.00, -44.80, 77.59, -40.73, -4.50, 35.98, -14.86, 3.79, 
53.00, -44.70, 77.98, -41.11, -4.49, 35.72, -14.88, 3.80, 
54.00, -44.79, 77.26, -40.93, -4.48, 35.45, -14.90, 3.80, 
55.00, -44.71, 76.52, -41.19, -4.47, 35.19, -14.92, 3.79, 
56.00, -44.52, 77.40, -40.72, -4.46, 34.92, -14.94, 3.79, 
57.00, -44.86, 76.01, -41.24, -4.45, 34.66, -14.96, 3.79, 
58.00, -44.84, 76.90, -41.46, -4.44, 34.39, -14.98, 3.79, 
59.00, -44.50, 75.31, -40.84, -4.43, 34.13, -15.00, 3.79, 
60.00, -44.46, 75.72, -41.22, -4.42, 33.87, -15.02, 3.79, 
61.00, -44.41, 75.57, -41.46, -4.42, 33.60, -15.04, 3.79, 
62.00, -44.36, 74.46, -41.41, -4.41, 33.34, -15.06, 3.79, 
63.00, -44.33, 75.25, -41.54, -4.40, 33.07, -15.08, 3.80, 
64.00, -44.57, 74.16, -41.22, -4.39, 32.81, -15.10, 3.79, 
65.00, -44.29, 75.58, -41.03, -4.38, 32.54, -15.12, 3.79, 
66.00, -44.34, 73.72, -40.99, -4.37, 32.28, -15.14, 3.79, 
67.00, -44.68, 75.17, -41.66, -4.36, 32.01, -15.16, 3.79, 
68.00, -44.37, 73.00, -41.28, -4.35, 31.75, -15.18, 3.79, 
69.00, -44.25, 74.14, -41.47, -4.35, 31.48, -15.20, 3.79, 
70.00, -44.20, 73.36, -41.23, -4.34, 31.22, -15.22, 3.79, 
71.00, -44.34, 72.76, -41.49, -4.33, 30.95, -15.24, 3.79, 
72.00, -44.68, 73.73, -41.14, -4.32, 30.69, -15.26, 3.79, 
73.00, -44.72, 72.12, -41.15, -4.31, 30.43, -15.28, 3.79, 
74.00, -44.52, 73.71, -41.03, -4.30, 30.16, -15.30, 3.79, 
75.00, -44.24, 71.66, -41.41, -4.29, 29.90, -15.32, 3.79, 
76.00, -44.62, 72.40, -41.50, -4.28, 29.63, -15.34, 3.79, 
77.00, -44.47, 71.96, -41.21, -4.28, 29.37, -15.36, 3.79, 
78.00, -44.44, 70.94, -40.64, -4.27, 29.10, -15.38, 3.79, 
79.00, -44.41, 72.06, -40.85, -4.26, 28.84, -15.40, 3.79, 
80.00, -44.31, 71.27, -41.34, -4.25, 28.57, -15.42, 3.79, 
81.00, -44.49, 71.64, -41.25, -4.24, 28.31, -15.44, 3.79, 
82.00, -44.42, 70.44, -41.13, -4.23, 28.05, -15.46, 3.79, 
83.00, -44.25, 71.46, -41.08, -4.22, 27.78, -15.48, 3.79, 
84.00, -44.64, 70.12, -41.10, -4.21, 27.52, -15.50, 3.79, 
85.00, -44.71, 70.36, -40.65, -4.21, 27.25, -15.52, 3.79, 
86.00, -44.26, 69.01, -40.65, -4.20, 26.99, -15.54, 3.79, 
87.00, -44.30, 68.18, -40.89, -4.19, 26.72, -15.56, 3.79, 
88.00, -44.60, 69.86, -40.28, -4.18, 26.46, -15.58, 3.79, 
89.00, -45.48, 68.99, -40.27, -4.17, 26.20, -15.60, 3.79, 
90.00, -44.64, 68.47, -40.54, -4.16, 25.93, -15.62, 3.79, 
91.00, -44.48, 68.43, -40.65, -4.15, 25.67, -15.64, 3.79, 
92.00, -44.31, 67.24, -40.88, -4.14, 25.40, -15.66, 3.79, 
93.00, -44.34, 68.57, -41.20, -4.14, 25.14, -15.68, 3.79, 
94.00, -44.13, 67.02, -40.97, -4.13, 24.88, -15.70, 3.79, 
95.00, -44.41, 67.60, -40.64, -4.12, 24.61, -15.72, 3.79, 
96.00, -44.51, 67.82, -40.86, -4.11, 24.35, -15.74, 3.79, 
97.00, -44.28, 66.39, -41.16, -4.10, 24.08, -15.76, 3.79, 
98.00, -44.29, 66.91, -41.17, -4.09, 23.82, -15.78, 3.79, 
99.00, -44.41, 67.29, -40.94, -4.08, 23.56, -15.80, 3.79, 
100.00, -44.07, 65.35, -40.54, -4.07, 23.29, -15.82, 3.80, 
101.00, -44.22, 66.27, -40.94, -4.07, 23.03, -15.84, 3.79, 
102.00, -44.41, 65.71, -40.94, -4.06, 22.77, -15.86, 3.79, 
103.00, -44.44, 64.70, -41.20, -4.05, 22.50, -15.88, 3.79, 
104.00, -45.38, 66.70, -41.07, -4.04, 22.24, -15.90, 3.79, 
105.00, -44.42, 64.28, -41.17, -4.03, 21.97, -15.92, 3.79, 
106.00, -44.24, 65.58, -41.53, -4.02, 21.71, -15.94, 3.79, 
107.00, -44.10, 65.29, -41.24, -4.01, 21.45, -15.96, 3.79, 
108.00, -44.28, 64.28, -41.57, -4.00, 21.18, -15.98, 3.79, 
109.00, -44.31, 65.22, -41.08, -4.00, 20.92, -16.00, 3.79, 
110.00, -44.44, 63.50, -41.49, -3.99, 20.66, -16.02, 3.78, 
111.00, -44.31, 63.25, -41.32, -3.98, 20.39, -16.04, 3.78, 
112.00, -44.20, 63.00, -41.35, -3.97, 20.13, -16.06, 3.79, 
113.00, -44.55, 61.91, -41.94, -3.96, 19.87, -16.08, 3.79, 
114.00, -44.03, 63.57, -41.41, -3.95, 19.60, -16.10, 3.79, 
115.00, -44.15, 62.69, -41.48, -3.94, 19.34, -16.13, 3.79, 
116.00, -44.30, 63.30, -41.86, -3.94, 19.08, -16.15, 3.79, 
117.00, -43.93, 63.21, -41.70, -3.93, 18.81, -16.17, 3.79, 
118.00, -44.17, 61.31, -41.71, -3.92, 18.55, -16.19, 3.78, 
119.00, -44.09, 62.33, -41.76, -3.91, 18.29, -16.21, 3.78, 
120.00, -44.20, 61.75, -41.67, -3.90, 18.03, -16.23, 3.78, 
121.00, -44.35, 60.07, -41.62, -3.89, 17.76, -16.25, 3.78, 
122.00, -44.17, 61.64, -41.98, -3.88, 17.50, -16.27, 3.78, 
123.00, -44.01, 60.05, -41.51, -3.87, 17.24, -16.29, 3.79, 
124.00, -44.35, 60.54, -41.61, -3.87, 16.97, -16.31, 3.79, 
125.00, -44.01, 61.55, -41.64, -3.86, 16.71, -16.33, 3.79, 
126.00, -44.11, 59.75, -41.60, -3.85, 16.45, -16.35, 3.79, 
127.00, -44.13, 60.43, -41.95, -3.84, 16.19, -16.37, 3.78, 
128.00, -44.35, 59.87, -41.82, -3.83, 15.92, -16.39, 3.78, 
129.00, -44.43, 58.39, -41.95, -3.82, 15.66, -16.41, 3.78, 
130.00, -44.34, 59.35, -41.72, -3.81, 15.40, -16.43, 3.78, 
131.00, -44.23, 58.24, -41.72, -3.81, 15.14, -16.45, 3.79, 
132.00, -44.21, 58.69, -41.69, -3.80, 14.87, -16.47, 3.79, 
133.00, -44.25, 59.01, -41.73, -3.79, 14.61, -16.49, 3.79, 
134.00, -44.25, 58.43, -41.93, -3.78, 14.35, -16.52, 3.78, 
135.00, -44.36, 59.11, -41.86, -3.77, 14.09, -16.54, 3.78, 
136.00, -44.12, 57.80, -42.14, -3.76, 13.83, -16.56, 3.78, 
137.00, -44.10, 58.54, -42.48, -3.75, 13.56, -16.58, 3.79, 
138.00, -44.03, 56.23, -42.18, -3.75, 13.30, -16.60, 3.79, 
139.00, -44.28, 56.56, -42.30, -3.74, 13.04, -16.62, 3.78, 
140.00, -44.11, 56.28, -41.99, -3.73, 12.78, -16.64, 3.78, 
141.00, -43.93, 55.93, -42.62, -3.72, 12.52, -16.66, 3.79, 
142.00, -44.22, 57.85, -42.47, -3.71, 12.25, -16.68, 3.79, 
143.00, -44.09, 56.39, -42.10, -3.70, 11.99, -16.70, 3.78, 
144.00, -44.14, 57.02, -42.74, -3.69, 11.73, -16.72, 3.78, 
145.00, -43.91, 56.58, -42.02, -3.69, 11.47, -16.74, 3.78, 
146.00, -44.29, 54.95, -42.29, -3.68, 11.21, -16.76, 3.78, 
147.00, -43.98, 55.74, -42.28, -3.67, 10.95, -16.78, 3.79, 
148.00, -43.79, 54.26, -41.82, -3.66, 10.68, -16.80, 3.79, 
149.00, -44.10, 55.36, -42.19, -3.65, 10.42, -16.83, 3.78, 
150.00, -44.08, 54.19, -42.67, -3.64, 10.16, -16.85, 3.78, 
151.00, -44.15, 54.61, -42.37, -3.63, 9.90, -16.87, 3.78, 
152.00, -43.91, 54.79, -42.34, -3.63, 9.64, -16.89, 3.78, 
153.00, -43.98, 53.18, -42.43, -3.62, 9.38, -16.91, 3.79, 
154.00, -43.76, 54.89, -42.32, -3.61, 9.12, -16.93, 3.78, 
155.00, -43.83, 53.73, -42.42, -3.60, 8.86, -16.95, 3.78, 
156.00, -43.76, 54.33, -42.53, -3.59, 8.59, -16.97, 3.78, 
157.00, -43.79, 52.20, -42.91, -3.58, 8.33, -16.99, 3.79, 
158.00, -43.85, 52.54, -42.06, -3.58, 8.07, -17.01, 3.78, 
159.00, -44.10, 52.08, -41.73, -3.57, 7.81, -17.03, 3.78, 
160.00, -43.96, 51.49, -42.01, -3.56, 7.55, -17.06, 3.78, 
161.00, -43.77, 52.53, -42.05, -3.55, 7.29, -17.08, 3.78, 
162.00, -43.90, 51.50, -42.39, -3.54, 7.03, -17.10, 3.78, 
163.00, -43.74, 52.26, -41.59, -3.53, 6.77, -17.12, 3.77, 
164.00, -43.99, 52.33, -42.20, -3.52, 6.51, -17.14, 3.78, 
165.00, -43.99, 50.96, -42.51, -3.52, 6.25, -17.16, 3.78, 
166.00, -44.23, 51.54, -42.52, -3.51, 5.99, -17.18, 3.77, 
167.00, -44.35, 49.96, -42.39, -3.50, 5.73, -17.20, 3.77, 
168.00, -44.10, 51.08, -42.36, -3.49, 5.47, -17.22, 3.78, 
169.00, -43.85, 51.36, -42.25, -3.48, 5.21, -17.24, 3.78, 
170.00, -43.88, 50.16, -42.07, -3.47, 4.95, -17.26, 3.78, 
171.00, -44.19, 50.71, -42.17, -3.47, 4.69, -17.29, 3.78, 
172.00, -44.01, 48.70, -42.48, -3.46, 4.43, -17.31, 3.77, 
173.00, -44.04, 48.90, -42.42, -3.45, 4.17, -17.33, 3.78, 
174.00, -44.01, 48.41, -42.36, -3.44, 3.91, -17.35, 3.78, 
175.00, -44.16, 49.33, -42.42, -3.43, 3.65, -17.37, 3.77, 
176.00, -44.18, 49.70, -41.86, -3.42, 3.39, -17.39, 3.77, 
177.00, -43.79, 47.65, -41.79, -3.42, 3.13, -17.41, 3.78, 
178.00, -43.75, 48.77, -41.86, -3.41, 2.87, -17.43, 3.78, 
179.00, -43.75, 47.54, -41.80, -3.40, 2.61, -17.45, 3.78, 
180.00, -44.13, 47.25, -42.20, -3.39, 2.35, -17.48, 3.77, 
181.00, -44.16, 48.21, -41.91, -3.38, 2.09, -17.50, 3.77, 
182.00, -44.13, 46.62, -41.95, -3.37, 1.83, -17.52, 3.78, 
183.00, -44.05, 47.74, -42.36, -3.37, 1.57, -17.54, 3.78, 
184.00, -43.81, 46.74, -42.15, -3.36, 1.32, -17.56, 3.77, 
185.00, -43.91, 46.21, -42.17, -3.35, 1.06, -17.58, 3.77, 
186.00, -43.96, 46.75, -41.97, -3.34, 0.80, -17.60, 3.78, 
187.00, -43.89, 45.54, -41.72, -3.33, 0.54, -17.62, 3.78, 
188.00, -43.79, 46.65, -41.63, -3.32, 0.28, -17.65, 3.77, 
189.00, -43.93, 46.31, -41.78, -3.32, 0.02, -17.67, 3.77, 
190.00, -43.91, 45.03, -42.31, -3.31, -0.24, -17.69, 3.78, 
191.00, -43.97, 45.54, -42.19, -3.30, -0.49, -17.71, 3.78, 
192.00, -43.77, 44.44, -42.31, -3.29, -0.75, -17.73, 3.77, 
193.00, -44.13, 45.35, -42.26, -3.28, -1.01, -17.75, 3.77, 
194.00, -44.06, 45.47, -42.56, -3.27, -1.27, -17.77, 3.78, 
195.00, -44.26, 44.22, -42.20, -3.27, -1.53, -17.79, 3.78, 
196.00, -43.95, 44.83, -42.10, -3.26, -1.78, -17.82, 3.77, 
197.00, -43.83, 44.55, -42.10, -3.25, -2.04, -17.84, 3.78, 
198.00, -43.91, 44.52, -42.88, -3.24, -2.30, -17.86, 3.78, 
199.00, -43.98, 43.87, -43.17, -3.23, -2.56, -17.88, 3.77, 
200.00, -43.94, 42.26, -43.10, -3.22, -2.82, -17.90, 3.77, 
201.00, -44.03, 43.00, -42.79, -3.22, -3.07, -17.92, 3.78, 
202.00, -43.67, 42.39, -42.36, -3.21, -3.33, -17.94, 3.77, 
203.00, -43.75, 42.49, -42.70, -3.20, -3.59, -17.96, 3.77, 
204.00, -43.56, 42.21, -42.95, -3.19, -3.84, -17.99, 3.77, 
205.00, -43.86, 41.35, -43.38, -3.18, -4.10, -18.01, 3.77, 
206.00, -43.53, 42.63, -43.65, -3.18, -4.36, -18.03, 3.77, 
207.00, -43.76, 41.77, -42.94, -3.17, -4.62, -18.05, 3.77, 
208.00, -43.90, 41.29, -42.73, -3.16, -4.87, -18.07, 3.77, 
209.00, -44.07, 41.43, -42.97, -3.15, -5.13, -18.09, 3.77, 
210.00, -43.81, 40.11, -43.18, -3.14, -5.39, -18.11, 3.77, 
211.00, -43.76, 40.43, -43.24, -3.14, -5.64, -18.14, 3.77, 
212.00, -43.74, 41.10, -43.02, -3.13, -5.90, -18.16, 3.77, 
213.00, -43.88, 40.24, -42.76, -3.12, -6.16, -18.18, 3.77, 
214.00, -43.69, 40.35, -42.67, -3.11, -6.41, -18.20, 3.77, 
215.00, -44.07, 39.64, -42.65, -3.10, -6.67, -18.22, 3.77, 
216.00, -44.19, 39.68, -42.79, -3.09, -6.92, -18.24, 3.77, 
217.00, -44.26, 39.49, -42.72, -3.09, -7.18, -18.27, 3.77, 
218.00, -44.28, 39.26, -42.93, -3.08, -7.44, -18.29, 3.76, 
219.00, -43.95, 39.40, -43.04, -3.07, -7.69, -18.31, 3.77, 
220.00, -44.22, 38.46, -43.20, -3.06, -7.95, -18.33, 3.77, 
221.00, -44.05, 38.66, -43.22, -3.05, -8.20, -18.35, 3.77, 
222.00, -44.10, 37.60, -43.46, -3.05, -8.46, -18.37, 3.77, 
223.00, -44.00, 37.87, -43.05, -3.04, -8.71, -18.39, 3.77, 
224.00, -44.18, 37.92, -43.41, -3.03, -8.97, -18.42, 3.77, 
225.00, -44.36, 37.22, -43.26, -3.02, -9.22, -18.44, 3.77, 
226.00, -44.36, 37.67, -42.99, -3.01, -9.48, -18.46, 3.77, 
227.00, -43.83, 37.21, -42.91, -3.01, -9.73, -18.48, 3.77, 
228.00, -44.36, 37.32, -43.29, -3.00, -9.99, -18.50, 3.77, 
229.00, -44.21, 36.39, -42.91, -2.99, -10.24, -18.52, 3.77, 
230.00, -44.10, 36.44, -43.32, -2.98, -10.50, -18.55, 3.77, 
231.00, -43.87, 36.86, -43.45, -2.97, -10.75, -18.57, 3.77, 
232.00, -44.21, 35.83, -43.13, -2.97, -11.01, -18.59, 3.77, 
233.00, -43.92, 36.12, -42.74, -2.96, -11.26, -18.61, 3.77, 
234.00, -44.21, 35.65, -43.05, -2.95, -11.52, -18.63, 3.77, 
235.00, -43.91, 35.40, -42.77, -2.94, -11.77, -18.66, 3.77, 
236.00, -43.97, 35.40, -42.77, -2.93, -12.02, -18.68, 3.77, 
237.00, -43.80, 34.77, -43.10, -2.93, -12.28, -18.70, 3.77, 
238.00, -44.29, 35.09, -42.98, -2.92, -12.53, -18.72, 3.77, 
239.00, -44.08, 34.36, -43.28, -2.91, -12.78, -18.74, 3.77, 
240.00, -43.73, 34.78, -42.84, -2.90, -13.04, -18.76, 3.77, 
241.00, -43.89, 34.60, -42.97, -2.90, -13.29, -18.79, 3.77, 
242.00, -43.70, 33.87, -42.70, -2.89, -13.54, -18.81, 3.77, 
243.00, -43.74, 33.92, -42.51, -2.88, -13.80, -18.83, 3.77, 
244.00, -43.83, 33.52, -42.70, -2.87, -14.05, -18.85, 3.77, 
245.00, -43.93, 33.33, -43.00, -2.86, -14.30, -18.87, 3.77, 
246.00, -43.93, 32.98, -43.05, -2.86, -14.56, -18.89, 3.76, 
247.00, -44.12, 33.28, -42.71, -2.85, -14.81, -18.92, 3.77, 
248.00, -43.96, 33.02, -42.96, -2.84, -15.06, -18.94, 3.77, 
249.00, -43.77, 32.62, -42.82, -2.83, -15.31, -18.96, 3.77, 
250.00, -43.93, 32.42, -43.34, -2.82, -15.57, -18.98, 3.77, 
251.00, -44.22, 32.37, -43.12, -2.82, -15.82, -19.00, 3.77, 
252.00, -43.90, 31.67, -43.11, -2.81, -16.07, -19.03, 3.77, 
253.00, -43.77, 31.58, -43.02, -2.80, -16.32, -19.05, 3.76, 
254.00, -43.72, 31.49, -42.74, -2.79, -16.58, -19.07, 3.76, 
255.00, -43.84, 31.29, -42.72, -2.79, -16.83, -19.09, 3.76, 
