---START---
-255.00, -50.95, 155.77, -45.30, -7.07, 115.05, -9.40, 3.68, 
-254.00, -43.05, 149.01, -36.97, -7.06, 114.81, -9.42, 3.67, 
-253.00, -43.19, 148.80, -36.95, -7.05, 114.57, -9.43, 3.67, 
-252.00, -42.94, 148.89, -37.01, -7.05, 114.33, -9.45, 3.67, 
-251.00, -42.92, 148.33, -36.89, -7.04, 114.08, -9.46, 3.67, 
-250.00, -42.48, 148.19, -36.76, -7.03, 113.84, -9.48, 3.67, 
-249.00, -42.45, 148.02, -36.63, -7.02, 113.60, -9.49, 3.67, 
-248.00, -42.84, 147.92, -36.91, -7.02, 113.36, -9.51, 3.67, 
-247.00, -42.56, 147.92, -36.82, -7.01, 113.11, -9.53, 3.67, 
-246.00, -42.59, 147.45, -37.54, -7.00, 112.87, -9.54, 3.67, 
-245.00, -42.48, 147.33, -36.85, -6.99, 112.63, -9.56, 3.67, 
-244.00, -42.16, 147.47, -36.65, -6.99, 112.38, -9.57, 3.67, 
-243.00, -42.47, 147.34, -36.40, -6.98, 112.14, -9.59, 3.67, 
-242.00, -42.40, 147.19, -36.09, -6.97, 111.90, -9.61, 3.67, 
-241.00, -42.67, 146.80, -36.98, -6.96, 111.65, -9.62, 3.67, 
-240.00, -42.56, 146.31, -36.50, -6.96, 111.41, -9.64, 3.67, 
-239.00, -42.77, 146.41, -36.54, -6.95, 111.17, -9.65, 3.67, 
-238.00, -42.63, 145.56, -36.71, -6.94, 110.92, -9.67, 3.67, 
-237.00, -42.55, 145.81, -36.93, -6.93, 110.68, -9.69, 3.68, 
-236.00, -42.77, 145.29, -36.90, -6.93, 110.43, -9.70, 3.68, 
-235.00, -42.84, 145.11, -36.11, -6.92, 110.19, -9.72, 3.68, 
-234.00, -42.78, 145.07, -36.52, -6.91, 109.94, -9.73, 3.68, 
-233.00, -42.92, 144.38, -36.81, -6.90, 109.70, -9.75, 3.68, 
-232.00, -42.55, 144.15, -36.99, -6.90, 109.45, -9.77, 3.68, 
-231.00, -42.61, 144.23, -37.29, -6.89, 109.21, -9.78, 3.66, 
-230.00, -42.41, 144.27, -36.79, -6.88, 108.96, -9.80, 3.68, 
-229.00, -42.13, 144.45, -36.99, -6.87, 108.72, -9.82, 3.68, 
-228.00, -42.59, 144.07, -37.36, -6.87, 108.47, -9.83, 3.68, 
-227.00, -42.44, 143.93, -37.41, -6.86, 108.22, -9.85, 3.68, 
-226.00, -42.63, 144.55, -36.89, -6.85, 107.98, -9.86, 3.68, 
-225.00, -42.62, 143.56, -37.28, -6.84, 107.73, -9.88, 3.66, 
-224.00, -42.43, 143.30, -36.92, -6.84, 107.49, -9.90, 3.68, 
-223.00, -42.52, 143.07, -37.29, -6.83, 107.24, -9.91, 3.68, 
-222.00, -42.88, 142.89, -37.34, -6.82, 106.99, -9.93, 3.68, 
-221.00, -42.68, 143.61, -37.50, -6.81, 106.75, -9.95, 3.68, 
-220.00, -43.05, 143.03, -37.41, -6.81, 106.50, -9.96, 3.68, 
-219.00, -42.80, 142.39, -37.41, -6.80, 106.25, -9.98, 3.68, 
-218.00, -42.86, 143.14, -37.54, -6.79, 106.00, -9.99, 3.68, 
-217.00, -43.06, 141.88, -37.25, -6.78, 105.76, -10.01, 3.66, 
-216.00, -42.93, 141.49, -37.57, -6.77, 105.51, -10.03, 3.68, 
-215.00, -43.14, 140.89, -36.94, -6.77, 105.26, -10.04, 3.68, 
-214.00, -43.45, 140.53, -37.13, -6.76, 105.01, -10.06, 3.68, 
-213.00, -43.57, 141.40, -37.28, -6.75, 104.77, -10.08, 3.68, 
-212.00, -43.62, 140.59, -37.28, -6.74, 104.52, -10.09, 3.68, 
-211.00, -43.62, 140.43, -37.50, -6.74, 104.27, -10.11, 3.68, 
-210.00, -43.49, 140.73, -37.22, -6.73, 104.02, -10.13, 3.68, 
-209.00, -43.47, 139.44, -36.92, -6.72, 103.77, -10.14, 3.67, 
-208.00, -43.68, 139.71, -37.25, -6.71, 103.53, -10.16, 3.68, 
-207.00, -43.38, 139.22, -36.98, -6.71, 103.28, -10.17, 3.68, 
-206.00, -43.69, 138.42, -36.83, -6.70, 103.03, -10.19, 3.68, 
-205.00, -43.46, 139.46, -37.16, -6.69, 102.78, -10.21, 3.68, 
-204.00, -43.47, 138.79, -37.02, -6.68, 102.53, -10.22, 3.69, 
-203.00, -43.52, 139.09, -36.86, -6.67, 102.28, -10.24, 3.67, 
-202.00, -43.46, 138.41, -37.85, -6.67, 102.03, -10.26, 3.68, 
-201.00, -43.51, 137.73, -36.74, -6.66, 101.78, -10.27, 3.68, 
-200.00, -43.26, 138.32, -36.48, -6.65, 101.53, -10.29, 3.69, 
-199.00, -43.38, 136.89, -36.94, -6.64, 101.28, -10.31, 3.69, 
-198.00, -43.46, 137.20, -37.25, -6.63, 101.03, -10.32, 3.69, 
-197.00, -43.72, 137.52, -36.83, -6.63, 100.78, -10.34, 3.67, 
-196.00, -43.43, 136.88, -37.69, -6.62, 100.53, -10.36, 3.68, 
-195.00, -43.61, 137.47, -37.35, -6.61, 100.28, -10.37, 3.69, 
-194.00, -43.62, 136.44, -37.64, -6.60, 100.03, -10.39, 3.69, 
-193.00, -43.51, 136.47, -37.43, -6.60, 99.78, -10.41, 3.69, 
-192.00, -43.26, 135.50, -37.61, -6.59, 99.53, -10.42, 3.67, 
-191.00, -43.71, 134.93, -37.97, -6.58, 99.28, -10.44, 3.68, 
-190.00, -43.45, 135.66, -37.50, -6.57, 99.03, -10.46, 3.68, 
-189.00, -43.34, 135.37, -37.75, -6.56, 98.78, -10.47, 3.69, 
-188.00, -42.94, 135.83, -37.48, -6.56, 98.53, -10.49, 3.69, 
-187.00, -43.54, 135.68, -36.93, -6.55, 98.28, -10.51, 3.67, 
-186.00, -43.62, 134.55, -37.07, -6.54, 98.02, -10.52, 3.68, 
-185.00, -43.51, 135.05, -37.13, -6.53, 97.77, -10.54, 3.69, 
-184.00, -43.31, 134.07, -36.68, -6.52, 97.52, -10.56, 3.69, 
-183.00, -43.22, 134.25, -37.20, -6.52, 97.27, -10.57, 3.67, 
-182.00, -43.52, 134.61, -37.07, -6.51, 97.02, -10.59, 3.67, 
-181.00, -43.60, 133.43, -37.15, -6.50, 96.77, -10.61, 3.68, 
-180.00, -43.65, 133.28, -37.64, -6.49, 96.51, -10.62, 3.69, 
-179.00, -43.70, 133.72, -37.93, -6.48, 96.26, -10.64, 3.69, 
-178.00, -43.56, 132.56, -38.22, -6.48, 96.01, -10.66, 3.69, 
-177.00, -43.54, 133.69, -37.57, -6.47, 95.76, -10.67, 3.69, 
-176.00, -43.34, 133.07, -37.57, -6.46, 95.50, -10.69, 3.67, 
-175.00, -43.48, 132.77, -37.03, -6.45, 95.25, -10.71, 3.67, 
-174.00, -43.57, 133.05, -37.02, -6.44, 95.00, -10.73, 3.69, 
-173.00, -43.47, 131.41, -37.82, -6.44, 94.75, -10.74, 3.69, 
-172.00, -43.33, 131.93, -37.99, -6.43, 94.49, -10.76, 3.69, 
-171.00, -43.24, 130.84, -37.39, -6.42, 94.24, -10.78, 3.69, 
-170.00, -43.27, 130.61, -37.95, -6.41, 93.99, -10.79, 3.67, 
-169.00, -43.46, 131.40, -37.85, -6.40, 93.73, -10.81, 3.67, 
-168.00, -43.39, 130.79, -37.65, -6.39, 93.48, -10.83, 3.69, 
-167.00, -43.80, 132.22, -37.42, -6.39, 93.23, -10.84, 3.69, 
-166.00, -43.74, 130.80, -37.00, -6.38, 92.97, -10.86, 3.69, 
-165.00, -43.56, 129.77, -37.21, -6.37, 92.72, -10.88, 3.67, 
-164.00, -43.54, 131.36, -37.26, -6.36, 92.47, -10.90, 3.68, 
-163.00, -43.28, 129.30, -37.09, -6.35, 92.21, -10.91, 3.69, 
-162.00, -43.53, 129.91, -37.54, -6.35, 91.96, -10.93, 3.69, 
-161.00, -43.49, 129.30, -37.59, -6.34, 91.70, -10.95, 3.70, 
-160.00, -43.27, 129.50, -37.33, -6.33, 91.45, -10.96, 3.69, 
-159.00, -43.34, 129.70, -37.97, -6.32, 91.19, -10.98, 3.68, 
-158.00, -43.22, 128.25, -38.10, -6.31, 90.94, -11.00, 3.69, 
-157.00, -43.25, 129.84, -37.76, -6.30, 90.69, -11.01, 3.69, 
-156.00, -43.24, 128.09, -37.73, -6.30, 90.43, -11.03, 3.70, 
-155.00, -43.08, 128.34, -38.47, -6.29, 90.18, -11.05, 3.68, 
-154.00, -42.97, 127.51, -37.91, -6.28, 89.92, -11.07, 3.68, 
-153.00, -43.13, 126.62, -38.10, -6.27, 89.67, -11.08, 3.69, 
-152.00, -43.11, 128.06, -38.41, -6.26, 89.41, -11.10, 3.70, 
-151.00, -42.92, 126.73, -38.11, -6.26, 89.16, -11.12, 3.70, 
-150.00, -43.05, 127.20, -38.14, -6.25, 88.90, -11.13, 3.68, 
-149.00, -42.86, 127.25, -38.17, -6.24, 88.64, -11.15, 3.68, 
-148.00, -43.16, 125.72, -38.61, -6.23, 88.39, -11.17, 3.69, 
-147.00, -42.86, 126.14, -38.08, -6.22, 88.13, -11.19, 3.70, 
-146.00, -42.67, 124.90, -38.02, -6.21, 87.88, -11.20, 3.68, 
-145.00, -43.15, 126.00, -38.45, -6.21, 87.62, -11.22, 3.70, 
-144.00, -43.17, 124.59, -38.00, -6.20, 87.37, -11.24, 3.70, 
-143.00, -43.33, 124.68, -38.22, -6.19, 87.11, -11.26, 3.70, 
-142.00, -43.10, 125.37, -37.77, -6.18, 86.85, -11.27, 3.69, 
-141.00, -43.18, 122.93, -37.99, -6.17, 86.60, -11.29, 3.70, 
-140.00, -43.07, 124.51, -38.52, -6.16, 86.34, -11.31, 3.70, 
-139.00, -43.13, 122.80, -38.40, -6.16, 86.08, -11.32, 3.70, 
-138.00, -43.33, 122.96, -38.46, -6.15, 85.83, -11.34, 3.68, 
-137.00, -43.12, 123.52, -38.50, -6.14, 85.57, -11.36, 3.68, 
-136.00, -43.28, 122.24, -38.42, -6.13, 85.31, -11.38, 3.68, 
-135.00, -43.21, 123.17, -38.72, -6.12, 85.06, -11.39, 3.68, 
-134.00, -43.08, 122.16, -38.72, -6.11, 84.80, -11.41, 3.68, 
-133.00, -42.95, 122.08, -38.59, -6.11, 84.54, -11.43, 3.68, 
-132.00, -42.93, 122.93, -37.97, -6.10, 84.29, -11.45, 3.68, 
-131.00, -42.95, 122.08, -38.53, -6.09, 84.03, -11.46, 3.68, 
-130.00, -43.33, 122.55, -38.98, -6.08, 83.77, -11.48, 3.68, 
-129.00, -42.95, 122.32, -38.68, -6.07, 83.51, -11.50, 3.69, 
-128.00, -43.06, 120.39, -38.99, -6.06, 83.26, -11.52, 3.68, 
-127.00, -43.00, 122.44, -38.30, -6.06, 83.00, -11.53, 3.68, 
-126.00, -43.04, 120.27, -38.48, -6.05, 82.74, -11.55, 3.69, 
-125.00, -43.02, 120.82, -38.71, -6.04, 82.48, -11.57, 3.69, 
-124.00, -42.92, 121.30, -38.75, -6.03, 82.23, -11.59, 3.70, 
-123.00, -43.10, 119.40, -38.65, -6.02, 81.97, -11.60, 3.70, 
-122.00, -43.17, 120.00, -38.94, -6.01, 81.71, -11.62, 3.70, 
-121.00, -42.93, 119.45, -38.90, -6.01, 81.45, -11.64, 3.70, 
-120.00, -43.00, 118.43, -38.66, -6.00, 81.19, -11.66, 3.70, 
-119.00, -42.96, 120.13, -38.86, -5.99, 80.94, -11.67, 3.69, 
-118.00, -42.86, 119.47, -39.02, -5.98, 80.68, -11.69, 3.69, 
-117.00, -42.96, 118.85, -39.32, -5.97, 80.42, -11.71, 3.69, 
-116.00, -43.56, 119.66, -39.12, -5.96, 80.16, -11.73, 3.69, 
-115.00, -43.77, 117.80, -38.70, -5.95, 79.90, -11.74, 3.69, 
-114.00, -43.41, 119.05, -38.88, -5.95, 79.64, -11.76, 3.69, 
-113.00, -43.36, 117.99, -38.48, -5.94, 79.38, -11.78, 3.70, 
-112.00, -43.00, 117.22, -38.59, -5.93, 79.13, -11.80, 3.70, 
-111.00, -43.31, 118.44, -38.75, -5.92, 78.87, -11.82, 3.70, 
-110.00, -42.85, 116.18, -38.62, -5.91, 78.61, -11.83, 3.69, 
-109.00, -43.13, 117.75, -39.11, -5.90, 78.35, -11.85, 3.69, 
-108.00, -43.08, 116.39, -38.83, -5.90, 78.09, -11.87, 3.69, 
-107.00, -43.28, 115.93, -38.86, -5.89, 77.83, -11.89, 3.69, 
-106.00, -43.01, 117.66, -38.99, -5.88, 77.57, -11.90, 3.69, 
-105.00, -43.00, 115.88, -39.21, -5.87, 77.31, -11.92, 3.70, 
-104.00, -43.04, 116.95, -38.78, -5.86, 77.05, -11.94, 3.70, 
-103.00, -43.09, 116.54, -38.50, -5.85, 76.79, -11.96, 3.69, 
-102.00, -43.26, 114.66, -38.69, -5.84, 76.53, -11.98, 3.69, 
-101.00, -43.09, 115.36, -38.73, -5.84, 76.27, -11.99, 3.69, 
-100.00, -42.96, 114.57, -38.91, -5.83, 76.01, -12.01, 3.69, 
-99.00, -42.98, 114.60, -38.64, -5.82, 75.75, -12.03, 3.69, 
-98.00, -43.15, 115.50, -38.84, -5.81, 75.49, -12.05, 3.70, 
-97.00, -43.03, 114.17, -38.80, -5.80, 75.23, -12.06, 3.70, 
-96.00, -43.27, 114.55, -38.87, -5.79, 74.97, -12.08, 3.69, 
-95.00, -43.05, 114.27, -39.10, -5.78, 74.71, -12.10, 3.69, 
-94.00, -43.24, 112.63, -39.54, -5.78, 74.45, -12.12, 3.69, 
-93.00, -42.66, 113.39, -39.35, -5.77, 74.19, -12.14, 3.69, 
-92.00, -42.70, 112.56, -39.52, -5.76, 73.93, -12.15, 3.69, 
-91.00, -42.85, 112.84, -38.81, -5.75, 73.67, -12.17, 3.70, 
-90.00, -42.77, 113.29, -39.12, -5.74, 73.41, -12.19, 3.71, 
-89.00, -43.15, 110.98, -38.85, -5.73, 73.15, -12.21, 3.69, 
-88.00, -42.76, 112.36, -39.05, -5.72, 72.89, -12.23, 3.69, 
-87.00, -42.87, 112.11, -39.25, -5.72, 72.63, -12.24, 3.69, 
-86.00, -42.56, 110.87, -38.99, -5.71, 72.37, -12.26, 3.70, 
-85.00, -42.21, 112.36, -38.66, -5.70, 72.11, -12.28, 3.71, 
-84.00, -42.78, 112.20, -38.48, -5.69, 71.85, -12.30, 3.71, 
-83.00, -42.84, 110.84, -38.78, -5.68, 71.59, -12.32, 3.69, 
-82.00, -43.01, 111.34, -38.70, -5.67, 71.33, -12.33, 3.69, 
-81.00, -43.14, 110.23, -38.61, -5.66, 71.06, -12.35, 3.69, 
-80.00, -42.78, 111.50, -38.68, -5.66, 70.80, -12.37, 3.70, 
-79.00, -42.81, 111.88, -38.84, -5.65, 70.54, -12.39, 3.69, 
-78.00, -42.76, 109.39, -38.39, -5.64, 70.28, -12.41, 3.69, 
-77.00, -42.70, 109.92, -38.66, -5.63, 70.02, -12.42, 3.69, 
-76.00, -42.72, 109.49, -38.63, -5.62, 69.76, -12.44, 3.69, 
-75.00, -43.09, 109.09, -37.93, -5.61, 69.50, -12.46, 3.70, 
-74.00, -42.91, 109.97, -38.61, -5.60, 69.23, -12.48, 3.69, 
-73.00, -42.95, 109.21, -38.38, -5.59, 68.97, -12.50, 3.70, 
-72.00, -43.19, 109.28, -38.51, -5.59, 68.71, -12.51, 3.69, 
-71.00, -43.14, 108.82, -38.88, -5.58, 68.45, -12.53, 3.70, 
-70.00, -42.73, 107.84, -39.33, -5.57, 68.19, -12.55, 3.69, 
-69.00, -42.62, 108.73, -38.70, -5.56, 67.93, -12.57, 3.70, 
-68.00, -43.02, 107.27, -39.06, -5.55, 67.66, -12.59, 3.69, 
-67.00, -42.84, 107.78, -38.68, -5.54, 67.40, -12.61, 3.70, 
-66.00, -42.98, 107.14, -39.13, -5.53, 67.14, -12.62, 3.70, 
-65.00, -42.79, 107.36, -39.10, -5.53, 66.88, -12.64, 3.70, 
-64.00, -42.61, 107.66, -39.18, -5.52, 66.62, -12.66, 3.70, 
-63.00, -42.80, 106.91, -39.52, -5.51, 66.35, -12.68, 3.69, 
-62.00, -43.11, 107.21, -39.20, -5.50, 66.09, -12.70, 3.70, 
-61.00, -42.92, 105.89, -39.03, -5.49, 65.83, -12.72, 3.70, 
-60.00, -42.94, 106.02, -38.83, -5.48, 65.57, -12.73, 3.70, 
-59.00, -43.20, 106.16, -38.90, -5.47, 65.30, -12.75, 3.70, 
-58.00, -42.92, 104.86, -38.93, -5.46, 65.04, -12.77, 3.70, 
-57.00, -42.99, 105.42, -39.05, -5.46, 64.78, -12.79, 3.71, 
-56.00, -43.06, 105.40, -39.01, -5.45, 64.52, -12.81, 3.70, 
-55.00, -42.88, 105.10, -39.15, -5.44, 64.25, -12.83, 3.70, 
-54.00, -42.93, 105.51, -39.11, -5.43, 63.99, -12.84, 3.70, 
-53.00, -42.96, 104.04, -39.19, -5.42, 63.73, -12.86, 3.70, 
-52.00, -42.80, 103.94, -39.28, -5.41, 63.47, -12.88, 3.71, 
-51.00, -42.59, 104.31, -39.23, -5.40, 63.20, -12.90, 3.70, 
-50.00, -43.00, 103.53, -39.04, -5.39, 62.94, -12.92, 3.70, 
-49.00, -42.99, 104.01, -39.25, -5.39, 62.68, -12.94, 3.70, 
-48.00, -42.83, 103.12, -39.12, -5.38, 62.42, -12.95, 3.70, 
-47.00, -42.90, 102.91, -39.57, -5.37, 62.15, -12.97, 3.71, 
-46.00, -42.81, 102.94, -38.97, -5.36, 61.89, -12.99, 3.70, 
-45.00, -42.85, 102.19, -39.31, -5.35, 61.63, -13.01, 3.70, 
-44.00, -42.98, 102.91, -38.62, -5.34, 61.36, -13.03, 3.70, 
-43.00, -43.14, 102.80, -39.01, -5.33, 61.10, -13.05, 3.71, 
-42.00, -43.00, 101.62, -38.95, -5.32, 60.84, -13.07, 3.70, 
-41.00, -43.02, 102.01, -39.30, -5.32, 60.57, -13.08, 3.70, 
-40.00, -42.70, 101.39, -39.39, -5.31, 60.31, -13.10, 3.70, 
-39.00, -42.74, 101.75, -39.42, -5.30, 60.05, -13.12, 3.70, 
-38.00, -42.66, 101.64, -39.77, -5.29, 59.78, -13.14, 3.70, 
-37.00, -42.70, 101.03, -39.90, -5.28, 59.52, -13.16, 3.70, 
-36.00, -42.70, 100.65, -39.50, -5.27, 59.26, -13.18, 3.70, 
-35.00, -42.67, 99.60, -39.32, -5.26, 58.99, -13.20, 3.70, 
-34.00, -42.87, 99.81, -39.77, -5.25, 58.73, -13.21, 3.70, 
-33.00, -42.68, 100.29, -39.50, -5.25, 58.47, -13.23, 3.70, 
-32.00, -42.58, 99.44, -39.01, -5.24, 58.20, -13.25, 3.70, 
-31.00, -42.84, 99.51, -38.92, -5.23, 57.94, -13.27, 3.70, 
-30.00, -42.63, 98.98, -39.23, -5.22, 57.68, -13.29, 3.70, 
-29.00, -42.58, 99.18, -39.32, -5.21, 57.41, -13.31, 3.70, 
-28.00, -42.79, 98.62, -39.24, -5.20, 57.15, -13.33, 3.70, 
-27.00, -42.99, 98.51, -39.68, -5.19, 56.88, -13.35, 3.71, 
-26.00, -42.67, 97.96, -39.53, -5.18, 56.62, -13.36, 3.70, 
-25.00, -42.91, 97.89, -39.90, -5.18, 56.36, -13.38, 3.70, 
-24.00, -42.86, 97.97, -40.06, -5.17, 56.09, -13.40, 3.70, 
-23.00, -42.79, 97.72, -39.61, -5.16, 55.83, -13.42, 3.70, 
-22.00, -42.89, 96.97, -39.63, -5.15, 55.57, -13.44, 3.70, 
-21.00, -42.91, 97.08, -39.15, -5.14, 55.30, -13.46, 3.70, 
-20.00, -42.51, 96.59, -39.47, -5.13, 55.04, -13.48, 3.70, 
-19.00, -42.54, 96.50, -39.67, -5.12, 54.77, -13.50, 3.70, 
-18.00, -42.72, 96.81, -39.94, -5.11, 54.51, -13.51, 3.70, 
-17.00, -42.73, 96.00, -40.13, -5.10, 54.25, -13.53, 3.70, 
-16.00, -42.82, 96.31, -40.10, -5.10, 53.98, -13.55, 3.70, 
-15.00, -42.79, 95.80, -39.77, -5.09, 53.72, -13.57, 3.70, 
-14.00, -42.76, 95.85, -40.12, -5.08, 53.45, -13.59, 3.70, 
-13.00, -42.49, 95.76, -39.89, -5.07, 53.19, -13.61, 3.70, 
-12.00, -42.87, 95.02, -39.86, -5.06, 52.92, -13.63, 3.70, 
-11.00, -42.58, 95.00, -39.78, -5.05, 52.66, -13.65, 3.70, 
-10.00, -42.50, 94.53, -40.40, -5.04, 52.40, -13.67, 3.70, 
-9.00, -42.53, 94.07, -39.91, -5.03, 52.13, -13.68, 3.70, 
-8.00, -42.42, 94.20, -40.54, -5.03, 51.87, -13.70, 3.70, 
-7.00, -42.55, 93.74, -40.64, -5.02, 51.60, -13.72, 3.70, 
-6.00, -42.43, 93.59, -40.53, -5.01, 51.34, -13.74, 3.70, 
-5.00, -42.27, 93.27, -40.23, -5.00, 51.07, -13.76, 3.70, 
-4.00, -42.34, 93.31, -40.21, -4.99, 50.81, -13.78, 3.70, 
-3.00, -42.47, 93.00, -40.76, -4.98, 50.55, -13.80, 3.70, 
-2.00, -42.26, 92.92, -40.47, -4.97, 50.28, -13.82, 3.70, 
-1.00, -42.00, 93.01, -40.63, -4.96, 50.02, -13.84, 3.70, 
0.00, -41.92, 92.41, -40.70, -4.95, 49.75, -13.86, 3.70, 
1.00, -41.97, 92.17, -40.18, -4.95, 49.49, -13.87, 3.70, 
2.00, -41.84, 91.86, -39.85, -4.94, 49.22, -13.89, 3.70, 
3.00, -42.06, 91.40, -40.01, -4.93, 48.96, -13.91, 3.70, 
4.00, -41.98, 91.05, -40.18, -4.92, 48.69, -13.93, 3.70, 
5.00, -41.99, 90.72, -40.11, -4.91, 48.43, -13.95, 3.70, 
6.00, -41.90, 90.94, -40.46, -4.90, 48.16, -13.97, 3.70, 
7.00, -42.14, 90.61, -40.42, -4.89, 47.90, -13.99, 3.70, 
8.00, -42.13, 90.75, -40.08, -4.88, 47.63, -14.01, 3.70, 
9.00, -42.00, 90.45, -40.12, -4.88, 47.37, -14.03, 3.70, 
10.00, -42.01, 89.96, -40.46, -4.87, 47.11, -14.05, 3.70, 
11.00, -42.16, 88.72, -40.27, -4.86, 46.84, -14.07, 3.70, 
12.00, -42.32, 89.01, -39.93, -4.85, 46.58, -14.09, 3.70, 
13.00, -42.27, 89.50, -40.39, -4.84, 46.31, -14.10, 3.70, 
14.00, -42.05, 88.67, -40.50, -4.83, 46.05, -14.12, 3.70, 
15.00, -41.90, 88.72, -40.31, -4.82, 45.78, -14.14, 3.70, 
16.00, -41.67, 88.25, -40.21, -4.81, 45.52, -14.16, 3.70, 
17.00, -41.60, 88.03, -40.68, -4.80, 45.25, -14.18, 3.70, 
18.00, -41.63, 88.18, -40.57, -4.80, 44.99, -14.20, 3.70, 
19.00, -41.81, 87.91, -40.66, -4.79, 44.72, -14.22, 3.70, 
20.00, -41.84, 87.69, -40.99, -4.78, 44.46, -14.24, 3.70, 
21.00, -41.49, 87.44, -40.87, -4.77, 44.19, -14.26, 3.70, 
22.00, -41.69, 86.83, -40.43, -4.76, 43.93, -14.28, 3.71, 
23.00, -41.89, 87.27, -40.64, -4.75, 43.66, -14.30, 3.70, 
24.00, -41.83, 86.50, -40.52, -4.74, 43.40, -14.32, 3.70, 
25.00, -42.18, 87.09, -40.94, -4.73, 43.13, -14.34, 3.70, 
26.00, -42.10, 86.12, -40.88, -4.72, 42.87, -14.36, 3.70, 
27.00, -42.22, 86.18, -40.93, -4.72, 42.60, -14.37, 3.70, 
28.00, -42.01, 85.42, -40.29, -4.71, 42.34, -14.39, 3.70, 
29.00, -42.12, 84.92, -40.48, -4.70, 42.07, -14.41, 3.70, 
30.00, -42.01, 85.83, -40.84, -4.69, 41.81, -14.43, 3.70, 
31.00, -42.18, 84.97, -40.66, -4.68, 41.54, -14.45, 3.70, 
32.00, -42.08, 84.64, -40.76, -4.67, 41.28, -14.47, 3.70, 
33.00, -42.14, 84.28, -40.50, -4.66, 41.02, -14.49, 3.70, 
34.00, -41.96, 84.43, -40.40, -4.65, 40.75, -14.51, 3.70, 
35.00, -42.05, 84.39, -40.80, -4.65, 40.49, -14.53, 3.70, 
36.00, -42.30, 83.49, -40.51, -4.64, 40.22, -14.55, 3.70, 
37.00, -42.08, 84.21, -40.57, -4.63, 39.96, -14.57, 3.70, 
38.00, -42.08, 82.95, -40.88, -4.62, 39.69, -14.59, 3.70, 
39.00, -42.20, 82.96, -41.19, -4.61, 39.43, -14.61, 3.70, 
40.00, -42.20, 82.70, -40.81, -4.60, 39.16, -14.63, 3.71, 
41.00, -42.15, 82.62, -40.72, -4.59, 38.90, -14.65, 3.70, 
42.00, -41.96, 82.93, -40.79, -4.58, 38.63, -14.67, 3.70, 
43.00, -42.06, 82.55, -40.92, -4.57, 38.37, -14.69, 3.71, 
44.00, -42.12, 82.06, -40.95, -4.57, 38.10, -14.71, 3.70, 
45.00, -42.06, 82.48, -41.07, -4.56, 37.84, -14.73, 3.70, 
46.00, -42.34, 81.54, -40.99, -4.55, 37.57, -14.74, 3.70, 
47.00, -42.30, 82.01, -40.60, -4.54, 37.31, -14.76, 3.70, 
48.00, -42.31, 81.11, -40.61, -4.53, 37.04, -14.78, 3.70, 
49.00, -42.13, 81.15, -40.57, -4.52, 36.78, -14.80, 3.70, 
50.00, -42.45, 81.40, -40.98, -4.51, 36.51, -14.82, 3.70, 
51.00, -42.14, 80.26, -40.81, -4.50, 36.25, -14.84, 3.70, 
52.00, -41.97, 80.96, -40.46, -4.50, 35.98, -14.86, 3.70, 
53.00, -42.03, 79.35, -40.37, -4.49, 35.72, -14.88, 3.70, 
54.00, -41.87, 79.75, -40.84, -4.48, 35.45, -14.90, 3.70, 
55.00, -42.05, 79.26, -40.37, -4.47, 35.19, -14.92, 3.70, 
56.00, -41.90, 79.23, -40.30, -4.46, 34.92, -14.94, 3.70, 
57.00, -42.06, 79.80, -40.36, -4.45, 34.66, -14.96, 3.70, 
58.00, -42.24, 78.66, -40.72, -4.44, 34.39, -14.98, 3.70, 
59.00, -42.04, 78.68, -40.95, -4.43, 34.13, -15.00, 3.70, 
60.00, -42.04, 78.61, -40.52, -4.42, 33.87, -15.02, 3.70, 
61.00, -41.66, 77.40, -40.62, -4.42, 33.60, -15.04, 3.70, 
62.00, -41.78, 78.64, -40.55, -4.41, 33.34, -15.06, 3.70, 
63.00, -41.69, 77.20, -40.96, -4.40, 33.07, -15.08, 3.71, 
64.00, -41.66, 77.86, -41.28, -4.39, 32.81, -15.10, 3.70, 
65.00, -41.58, 76.73, -40.64, -4.38, 32.54, -15.12, 3.70, 
66.00, -41.46, 77.32, -40.83, -4.37, 32.28, -15.14, 3.70, 
67.00, -41.98, 76.87, -40.48, -4.36, 32.01, -15.16, 3.69, 
68.00, -42.02, 76.29, -41.06, -4.35, 31.75, -15.18, 3.70, 
69.00, -42.07, 77.05, -41.01, -4.35, 31.48, -15.20, 3.69, 
70.00, -42.08, 76.24, -41.04, -4.34, 31.22, -15.22, 3.69, 
71.00, -41.81, 75.86, -40.94, -4.33, 30.95, -15.24, 3.69, 
72.00, -41.73, 75.48, -41.02, -4.32, 30.69, -15.26, 3.69, 
73.00, -42.00, 75.02, -41.02, -4.31, 30.43, -15.28, 3.71, 
74.00, -41.77, 76.14, -40.87, -4.30, 30.16, -15.30, 3.70, 
75.00, -41.98, 74.07, -40.74, -4.29, 29.90, -15.32, 3.69, 
76.00, -41.95, 75.86, -41.06, -4.28, 29.63, -15.34, 3.69, 
77.00, -42.01, 74.43, -41.18, -4.28, 29.37, -15.36, 3.69, 
78.00, -41.77, 74.64, -41.36, -4.27, 29.10, -15.38, 3.70, 
79.00, -41.72, 74.45, -41.18, -4.26, 28.84, -15.40, 3.70, 
80.00, -41.96, 73.27, -40.77, -4.25, 28.57, -15.42, 3.70, 
81.00, -41.57, 74.32, -41.01, -4.24, 28.31, -15.44, 3.69, 
82.00, -41.93, 72.64, -41.59, -4.23, 28.05, -15.46, 3.69, 
83.00, -42.14, 74.07, -41.46, -4.22, 27.78, -15.48, 3.69, 
84.00, -41.93, 72.36, -41.07, -4.21, 27.52, -15.50, 3.69, 
85.00, -42.10, 73.50, -41.80, -4.21, 27.25, -15.52, 3.69, 
86.00, -41.74, 72.16, -41.80, -4.20, 26.99, -15.54, 3.71, 
87.00, -42.15, 72.22, -41.55, -4.19, 26.72, -15.56, 3.70, 
88.00, -41.71, 72.46, -41.30, -4.18, 26.46, -15.58, 3.70, 
89.00, -42.22, 71.64, -41.53, -4.17, 26.20, -15.60, 3.69, 
90.00, -42.08, 72.39, -41.06, -4.16, 25.93, -15.62, 3.69, 
91.00, -42.16, 71.45, -41.51, -4.15, 25.67, -15.64, 3.69, 
92.00, -42.34, 71.37, -41.68, -4.14, 25.40, -15.66, 3.69, 
93.00, -42.20, 71.16, -41.76, -4.14, 25.14, -15.68, 3.69, 
94.00, -41.90, 70.49, -41.90, -4.13, 24.88, -15.70, 3.69, 
95.00, -42.15, 70.77, -41.63, -4.12, 24.61, -15.72, 3.69, 
96.00, -42.43, 68.87, -41.75, -4.11, 24.35, -15.74, 3.71, 
97.00, -42.42, 70.13, -42.05, -4.10, 24.08, -15.76, 3.70, 
98.00, -42.31, 68.89, -42.11, -4.09, 23.82, -15.78, 3.70, 
99.00, -42.27, 69.58, -41.62, -4.08, 23.56, -15.80, 3.70, 
100.00, -42.24, 69.87, -41.95, -4.07, 23.29, -15.82, 3.70, 
101.00, -41.91, 69.37, -41.75, -4.07, 23.03, -15.84, 3.70, 
102.00, -42.00, 69.94, -41.56, -4.06, 22.77, -15.86, 3.69, 
103.00, -41.88, 68.66, -41.27, -4.05, 22.50, -15.88, 3.69, 
104.00, -42.20, 69.51, -41.37, -4.04, 22.24, -15.90, 3.69, 
105.00, -42.21, 68.21, -41.26, -4.03, 21.97, -15.92, 3.69, 
106.00, -42.39, 68.60, -40.82, -4.02, 21.71, -15.94, 3.69, 
107.00, -42.20, 67.21, -41.23, -4.01, 21.45, -15.96, 3.69, 
108.00, -42.13, 67.64, -41.73, -4.00, 21.18, -15.98, 3.69, 
109.00, -42.28, 67.92, -41.87, -4.00, 20.92, -16.00, 3.69, 
110.00, -41.94, 66.30, -41.51, -3.99, 20.66, -16.02, 3.69, 
111.00, -42.04, 67.00, -41.61, -3.98, 20.39, -16.04, 3.69, 
112.00, -41.98, 66.54, -41.45, -3.97, 20.13, -16.06, 3.69, 
113.00, -42.04, 65.50, -41.16, -3.96, 19.87, -16.08, 3.69, 
114.00, -42.01, 67.47, -41.29, -3.95, 19.60, -16.10, 3.69, 
115.00, -41.72, 65.76, -41.83, -3.94, 19.34, -16.13, 3.69, 
116.00, -41.89, 66.08, -41.88, -3.94, 19.08, -16.15, 3.69, 
117.00, -41.70, 66.88, -41.78, -3.93, 18.81, -16.17, 3.69, 
118.00, -41.78, 65.14, -41.98, -3.92, 18.55, -16.19, 3.69, 
119.00, -41.91, 65.79, -41.80, -3.91, 18.29, -16.21, 3.69, 
120.00, -41.69, 65.85, -41.76, -3.90, 18.03, -16.23, 3.69, 
121.00, -41.71, 63.57, -41.98, -3.89, 17.76, -16.25, 3.69, 
122.00, -41.67, 64.50, -42.01, -3.88, 17.50, -16.27, 3.69, 
123.00, -41.73, 64.16, -41.85, -3.87, 17.24, -16.29, 3.69, 
124.00, -41.96, 63.29, -41.89, -3.87, 16.97, -16.31, 3.69, 
125.00, -42.03, 64.56, -41.37, -3.86, 16.71, -16.33, 3.70, 
126.00, -41.81, 64.15, -41.70, -3.85, 16.45, -16.35, 3.70, 
127.00, -41.75, 63.68, -42.18, -3.84, 16.19, -16.37, 3.70, 
128.00, -41.80, 64.27, -42.18, -3.83, 15.92, -16.39, 3.70, 
129.00, -41.96, 63.34, -42.37, -3.82, 15.66, -16.41, 3.70, 
130.00, -42.07, 62.63, -42.50, -3.81, 15.40, -16.43, 3.70, 
131.00, -41.85, 62.82, -42.48, -3.81, 15.14, -16.45, 3.70, 
132.00, -41.73, 61.51, -42.01, -3.80, 14.87, -16.47, 3.70, 
133.00, -42.06, 62.09, -41.68, -3.79, 14.61, -16.49, 3.68, 
134.00, -41.82, 62.65, -41.48, -3.78, 14.35, -16.52, 3.68, 
135.00, -42.01, 60.82, -42.08, -3.77, 14.09, -16.54, 3.68, 
136.00, -41.95, 62.59, -41.86, -3.76, 13.83, -16.56, 3.68, 
137.00, -41.50, 61.44, -42.02, -3.75, 13.56, -16.58, 3.68, 
138.00, -41.33, 60.77, -41.98, -3.75, 13.30, -16.60, 3.68, 
139.00, -41.59, 61.34, -41.71, -3.74, 13.04, -16.62, 3.69, 
140.00, -41.89, 59.18, -41.94, -3.73, 12.78, -16.64, 3.69, 
141.00, -42.05, 59.66, -42.37, -3.72, 12.52, -16.66, 3.70, 
142.00, -41.97, 60.42, -42.28, -3.71, 12.25, -16.68, 3.70, 
143.00, -41.64, 59.37, -42.15, -3.70, 11.99, -16.70, 3.70, 
144.00, -41.75, 59.94, -42.07, -3.69, 11.73, -16.72, 3.70, 
145.00, -41.75, 60.76, -41.85, -3.69, 11.47, -16.74, 3.70, 
146.00, -41.81, 58.83, -41.86, -3.68, 11.21, -16.76, 3.68, 
147.00, -42.01, 59.66, -42.02, -3.67, 10.95, -16.78, 3.68, 
148.00, -41.82, 58.22, -41.99, -3.66, 10.68, -16.80, 3.68, 
149.00, -41.62, 57.57, -41.92, -3.65, 10.42, -16.83, 3.69, 
150.00, -41.60, 58.85, -41.67, -3.64, 10.16, -16.85, 3.69, 
151.00, -41.74, 57.95, -41.75, -3.63, 9.90, -16.87, 3.70, 
152.00, -41.98, 57.76, -41.85, -3.63, 9.64, -16.89, 3.70, 
153.00, -41.95, 58.69, -41.93, -3.62, 9.38, -16.91, 3.70, 
154.00, -42.05, 56.93, -42.00, -3.61, 9.12, -16.93, 3.68, 
155.00, -41.98, 57.55, -42.27, -3.60, 8.86, -16.95, 3.68, 
156.00, -41.92, 56.33, -41.91, -3.59, 8.59, -16.97, 3.68, 
157.00, -41.96, 55.63, -41.96, -3.58, 8.33, -16.99, 3.69, 
158.00, -41.84, 56.62, -41.93, -3.58, 8.07, -17.01, 3.69, 
159.00, -42.21, 55.99, -42.43, -3.57, 7.81, -17.03, 3.70, 
160.00, -42.08, 56.78, -42.15, -3.56, 7.55, -17.06, 3.68, 
161.00, -41.89, 56.49, -42.30, -3.55, 7.29, -17.08, 3.68, 
162.00, -41.97, 54.99, -42.58, -3.54, 7.03, -17.10, 3.68, 
163.00, -41.90, 55.91, -42.49, -3.53, 6.77, -17.12, 3.69, 
164.00, -41.93, 55.28, -42.14, -3.52, 6.51, -17.14, 3.69, 
165.00, -41.86, 54.73, -42.44, -3.52, 6.25, -17.16, 3.70, 
166.00, -41.79, 56.32, -42.96, -3.51, 5.99, -17.18, 3.67, 
167.00, -41.75, 54.99, -42.57, -3.50, 5.73, -17.20, 3.68, 
168.00, -41.71, 54.49, -42.76, -3.49, 5.47, -17.22, 3.69, 
169.00, -41.98, 54.66, -41.99, -3.48, 5.21, -17.24, 3.69, 
170.00, -41.59, 53.02, -42.51, -3.47, 4.95, -17.26, 3.69, 
171.00, -41.51, 54.62, -42.78, -3.47, 4.69, -17.29, 3.69, 
172.00, -41.34, 53.79, -42.51, -3.46, 4.43, -17.31, 3.67, 
173.00, -41.76, 53.50, -42.61, -3.45, 4.17, -17.33, 3.67, 
174.00, -41.77, 53.55, -42.81, -3.44, 3.91, -17.35, 3.69, 
175.00, -41.65, 51.72, -42.89, -3.43, 3.65, -17.37, 3.69, 
176.00, -41.65, 52.50, -42.39, -3.42, 3.39, -17.39, 3.69, 
177.00, -41.42, 53.13, -42.26, -3.42, 3.13, -17.41, 3.67, 
178.00, -41.44, 52.07, -42.67, -3.41, 2.87, -17.43, 3.67, 
179.00, -41.65, 52.01, -42.78, -3.40, 2.61, -17.45, 3.68, 
180.00, -42.10, 51.41, -42.72, -3.39, 2.35, -17.48, 3.69, 
181.00, -42.00, 50.43, -42.53, -3.38, 2.09, -17.50, 3.69, 
182.00, -41.94, 51.53, -42.77, -3.37, 1.83, -17.52, 3.67, 
183.00, -41.83, 50.49, -42.90, -3.37, 1.57, -17.54, 3.68, 
184.00, -41.73, 50.67, -42.90, -3.36, 1.32, -17.56, 3.69, 
185.00, -41.94, 50.37, -42.85, -3.35, 1.06, -17.58, 3.69, 
186.00, -42.11, 49.13, -42.40, -3.34, 0.80, -17.60, 3.69, 
187.00, -41.97, 49.79, -42.50, -3.33, 0.54, -17.62, 3.67, 
188.00, -41.88, 50.22, -42.32, -3.32, 0.28, -17.65, 3.67, 
189.00, -42.03, 49.27, -42.30, -3.32, 0.02, -17.67, 3.68, 
190.00, -42.01, 49.68, -42.36, -3.31, -0.24, -17.69, 3.69, 
191.00, -41.98, 48.47, -42.17, -3.30, -0.49, -17.71, 3.69, 
192.00, -42.00, 48.22, -42.23, -3.29, -0.75, -17.73, 3.69, 
193.00, -41.95, 48.60, -42.06, -3.28, -1.01, -17.75, 3.67, 
194.00, -42.33, 47.40, -41.83, -3.27, -1.27, -17.77, 3.67, 
195.00, -41.99, 48.12, -42.38, -3.27, -1.53, -17.79, 3.67, 
196.00, -42.01, 48.68, -42.37, -3.26, -1.78, -17.82, 3.68, 
197.00, -42.20, 47.04, -42.70, -3.25, -2.04, -17.84, 3.69, 
198.00, -42.10, 47.28, -42.68, -3.24, -2.30, -17.86, 3.69, 
199.00, -42.23, 47.15, -42.88, -3.23, -2.56, -17.88, 3.69, 
200.00, -42.13, 46.54, -42.33, -3.22, -2.82, -17.90, 3.67, 
201.00, -41.91, 47.21, -42.84, -3.22, -3.07, -17.92, 3.68, 
202.00, -42.02, 46.40, -42.60, -3.21, -3.33, -17.94, 3.69, 
203.00, -41.74, 46.47, -42.72, -3.20, -3.59, -17.96, 3.69, 
204.00, -41.68, 46.38, -42.65, -3.19, -3.84, -17.99, 3.69, 
205.00, -41.50, 45.31, -42.45, -3.18, -4.10, -18.01, 3.67, 
206.00, -42.04, 45.45, -42.49, -3.18, -4.36, -18.03, 3.68, 
207.00, -41.53, 45.54, -42.76, -3.17, -4.62, -18.05, 3.68, 
208.00, -41.96, 44.90, -42.43, -3.16, -4.87, -18.07, 3.69, 
209.00, -41.82, 44.86, -42.62, -3.15, -5.13, -18.09, 3.67, 
210.00, -41.95, 44.06, -42.59, -3.14, -5.39, -18.11, 3.68, 
211.00, -41.95, 43.94, -42.25, -3.14, -5.64, -18.14, 3.68, 
212.00, -42.10, 44.55, -42.70, -3.13, -5.90, -18.16, 3.69, 
213.00, -41.91, 43.80, -42.96, -3.12, -6.16, -18.18, 3.67, 
214.00, -41.95, 43.53, -42.51, -3.11, -6.41, -18.20, 3.68, 
215.00, -41.79, 43.33, -42.56, -3.10, -6.67, -18.22, 3.68, 
216.00, -42.02, 43.60, -42.39, -3.09, -6.92, -18.24, 3.68, 
217.00, -41.67, 43.61, -42.37, -3.09, -7.18, -18.27, 3.68, 
218.00, -41.71, 42.14, -42.41, -3.08, -7.44, -18.29, 3.68, 
219.00, -41.65, 42.91, -42.66, -3.07, -7.69, -18.31, 3.68, 
220.00, -41.73, 42.81, -42.57, -3.06, -7.95, -18.33, 3.66, 
221.00, -41.81, 42.00, -42.56, -3.05, -8.20, -18.35, 3.68, 
222.00, -41.66, 42.55, -42.72, -3.05, -8.46, -18.37, 3.68, 
223.00, -42.08, 41.33, -42.75, -3.04, -8.71, -18.39, 3.68, 
224.00, -41.68, 41.53, -42.88, -3.03, -8.97, -18.42, 3.68, 
225.00, -41.80, 41.74, -42.42, -3.02, -9.22, -18.44, 3.68, 
226.00, -41.68, 41.26, -42.66, -3.01, -9.48, -18.46, 3.66, 
227.00, -41.96, 41.34, -42.28, -3.01, -9.73, -18.48, 3.68, 
228.00, -41.84, 40.75, -42.52, -3.00, -9.99, -18.50, 3.68, 
229.00, -41.82, 40.89, -42.87, -2.99, -10.24, -18.52, 3.66, 
230.00, -41.97, 40.70, -42.66, -2.98, -10.50, -18.55, 3.68, 
231.00, -41.84, 39.56, -42.41, -2.97, -10.75, -18.57, 3.68, 
232.00, -41.37, 40.19, -42.37, -2.97, -11.01, -18.59, 3.68, 
233.00, -41.48, 40.25, -42.72, -2.96, -11.26, -18.61, 3.68, 
234.00, -41.83, 39.34, -42.49, -2.95, -11.52, -18.63, 3.68, 
235.00, -41.57, 39.15, -42.55, -2.94, -11.77, -18.66, 3.68, 
236.00, -41.34, 38.94, -42.33, -2.93, -12.02, -18.68, 3.68, 
237.00, -41.70, 39.00, -42.17, -2.93, -12.28, -18.70, 3.67, 
238.00, -41.52, 38.94, -42.59, -2.92, -12.53, -18.72, 3.68, 
239.00, -41.30, 38.31, -42.45, -2.91, -12.78, -18.74, 3.68, 
240.00, -41.64, 38.30, -42.76, -2.90, -13.04, -18.76, 3.68, 
241.00, -41.45, 37.62, -43.15, -2.90, -13.29, -18.79, 3.68, 
242.00, -41.67, 37.79, -43.00, -2.89, -13.54, -18.81, 3.67, 
243.00, -41.76, 37.45, -42.74, -2.88, -13.80, -18.83, 3.68, 
244.00, -41.84, 36.48, -42.71, -2.87, -14.05, -18.85, 3.67, 
245.00, -41.77, 37.44, -42.87, -2.86, -14.30, -18.87, 3.67, 
246.00, -41.63, 37.02, -42.98, -2.86, -14.56, -18.89, 3.67, 
247.00, -42.11, 36.93, -43.42, -2.85, -14.81, -18.92, 3.67, 
248.00, -41.69, 36.70, -43.27, -2.84, -15.06, -18.94, 3.67, 
249.00, -41.43, 36.26, -43.38, -2.83, -15.31, -18.96, 3.67, 
250.00, -41.67, 35.98, -42.98, -2.82, -15.57, -18.98, 3.67, 
251.00, -41.25, 35.66, -43.13, -2.82, -15.82, -19.00, 3.67, 
252.00, -41.37, 35.65, -42.99, -2.81, -16.07, -19.03, 3.67, 
253.00, -41.18, 35.34, -43.23, -2.80, -16.32, -19.05, 3.67, 
254.00, -41.15, 34.94, -42.90, -2.79, -16.58, -19.07, 3.67, 
255.00, -41.24, 34.74, -43.07, -2.79, -16.83, -19.09, 3.67, 
