1768846394
-255
-75.02
65.52
-52.06
3.88
1768846394
-245
-75.64
65.25
-52.08
3.89
1768846394
-235
-75.49
65.64
-51.80
3.89
1768846394
-225
-74.91
65.81
-51.77
3.90
1768846394
-215
-75.09
65.69
-51.65
3.90
1768846394
-205
-74.77
65.53
-50.84
3.90
1768846394
-195
-73.81
65.74
-50.58
3.91
1768846394
-185
-72.94
65.82
-50.72
3.91
1768846394
-175
-72.84
65.88
-50.37
3.91
1768846394
-165
-72.78
66.03
-49.94
3.92
1768846394
-155
-72.60
65.86
-49.36
3.92
1768846394
-145
-72.42
66.17
-49.11
3.92
1768846394
-135
-73.10
66.47
-49.22
3.93
1768846394
-125
-72.40
66.21
-48.64
3.93
1768846394
-115
-71.90
66.44
-48.80
3.93
1768846394
-105
-71.54
66.50
-48.11
3.93
1768846394
-95
-71.01
66.78
-47.98
3.94
1768846394
-85
-69.72
66.95
-48.03
3.94
1768846394
-75
-69.32
67.18
-48.21
3.94
1768846394
-65
-69.47
67.08
-47.26
3.94
1768846394
-55
-68.75
67.04
-47.27
3.94
1768846394
-45
-67.86
67.43
-47.29
3.95
1768846394
-35
-67.75
67.48
-47.23
3.95
1768846394
-25
-67.61
67.32
-46.95
3.95
1768846394
-15
-67.32
67.48
-46.55
3.95
1768846394
-5
-66.87
67.61
-46.77
3.95
1768846394
5
-66.74
67.70
-46.88
3.95
1768846394
15
-66.13
67.73
-46.75
3.95
1768846394
25
-65.83
67.59
-46.27
3.95
1768846394
35
-65.47
67.63
-46.06
3.95
1768846394
45
-65.33
67.68
-45.69
3.95
1768846394
55
-65.29
68.21
-45.71
3.94
1768846394
65
-64.67
68.58
-45.41
3.94
1768846394
75
-63.28
68.38
-45.54
3.94
1768846394
85
-62.63
68.43
-45.79
3.94
1768846394
95
-62.64
68.74
-45.59
3.94
1768846394
105
-62.17
68.85
-45.33
3.94
1768846394
115
-61.49
69.13
-45.54
3.93
1768846394
125
-60.81
69.19
-44.75
3.93
1768846394
135
-60.78
69.46
-45.13
3.93
1768846394
145
-60.63
69.57
-45.00
3.92
1768846394
155
-60.48
69.78
-44.74
3.92
1768846394
165
-59.74
69.92
-44.92
3.92
1768846394
175
-59.06
69.56
-44.89
3.92
1768846394
185
-58.49
69.96
-44.81
3.91
1768846394
195
-59.14
70.21
-45.10
3.91
1768846394
205
-58.34
70.04
-44.61
3.90
1768846394
215
-58.74
70.35
-45.10
3.90
1768846394
225
-58.10
70.70
-44.99
3.90
1768846394
235
-58.28
70.84
-45.06
3.89
1768846394
245
-57.83
71.13
-45.19
3.89
1768846394
255
-57.31
71.15
-45.39
3.88