1768846394
-255
-72.19
70.43
-50.94
3.59
1768846394
-245
-73.10
70.43
-51.35
3.59
1768846394
-235
-72.62
70.36
-50.76
3.60
1768846394
-225
-72.28
70.77
-50.80
3.60
1768846394
-215
-71.65
70.83
-50.08
3.60
1768846394
-205
-71.31
70.51
-49.57
3.61
1768846394
-195
-70.72
70.53
-49.76
3.61
1768846394
-185
-70.97
70.56
-48.92
3.61
1768846394
-175
-71.59
70.73
-48.90
3.62
1768846394
-165
-71.49
70.94
-48.16
3.62
1768846394
-155
-70.66
70.65
-47.84
3.62
1768846394
-145
-69.57
70.82
-47.97
3.62
1768846394
-135
-68.56
70.79
-48.12
3.62
1768846394
-125
-68.16
71.17
-47.62
3.63
1768846394
-115
-69.03
71.17
-47.61
3.63
1768846394
-105
-68.68
71.24
-47.38
3.63
1768846394
-95
-68.39
71.27
-46.66
3.64
1768846394
-85
-67.91
71.22
-46.84
3.64
1768846394
-75
-67.69
71.43
-46.55
3.64
1768846394
-65
-67.21
71.46
-46.33
3.64
1768846394
-55
-67.13
71.81
-46.12
3.64
1768846394
-45
-66.77
71.79
-46.14
3.64
1768846394
-35
-65.98
72.07
-45.98
3.65
1768846394
-25
-65.87
71.86
-45.52
3.65
1768846394
-15
-65.30
72.22
-45.33
3.65
1768846394
-5
-65.24
72.06
-45.42
3.65
1768846394
5
-64.95
72.07
-45.47
3.65
1768846394
15
-64.29
72.49
-45.60
3.65
1768846394
25
-64.05
72.40
-45.33
3.65
1768846394
35
-63.95
72.77
-45.37
3.65
1768846394
45
-63.48
72.76
-44.99
3.64
1768846394
55
-63.06
73.08
-44.86
3.64
1768846394
65
-62.12
73.38
-44.84
3.64
1768846394
75
-61.89
73.92
-44.49
3.64
1768846394
85
-62.30
73.68
-44.54
3.64
1768846394
95
-61.25
73.64
-44.12
3.63
1768846394
105
-60.36
73.57
-44.23
3.63
1768846394
115
-60.65
73.39
-44.32
3.63
1768846394
125
-60.53
73.69
-44.32
3.63
1768846394
135
-59.28
74.32
-44.02
3.63
1768846394
145
-59.28
74.42
-43.58
3.63
1768846394
155
-59.35
74.71
-44.36
3.62
1768846394
165
-59.79
74.40
-44.35
3.62
1768846394
175
-58.93
74.29
-44.43
3.62
1768846394
185
-58.07
74.79
-44.50
3.61
1768846394
195
-58.24
75.03
-43.94
3.61
1768846394
205
-58.10
75.10
-44.60
3.61
1768846394
215
-57.66
75.59
-44.54
3.60
1768846394
225
-57.08
75.59
-44.57
3.60
1768846394
235
-56.89
75.72
-44.14
3.60
1768846394
245
-56.49
75.89
-44.24
3.59
1768846394
255
-56.19
76.13
-43.86
3.59