1768846394
-255
-76.85
66.53
-52.92
4.20
1768846394
-245
-77.81
66.24
-53.27
4.20
1768846394
-235
-77.53
66.34
-53.02
4.21
1768846394
-225
-77.03
66.35
-52.23
4.21
1768846394
-215
-76.28
66.11
-51.94
4.22
1768846394
-205
-76.51
66.21
-51.58
4.22
1768846394
-195
-76.37
66.60
-51.40
4.22
1768846394
-185
-75.76
66.35
-51.49
4.22
1768846394
-175
-75.11
66.59
-50.78
4.22
1768846394
-165
-74.97
66.81
-50.68
4.23
1768846394
-155
-74.50
66.67
-50.50
4.23
1768846394
-145
-74.71
66.63
-50.19
4.23
1768846394
-135
-74.62
67.30
-49.96
4.23
1768846394
-125
-73.92
66.77
-49.25
4.23
1768846394
-115
-73.15
67.23
-49.07
4.24
1768846394
-105
-72.50
67.04
-48.87
4.24
1768846394
-95
-72.34
67.16
-48.66
4.24
1768846394
-85
-71.58
67.33
-48.94
4.24
1768846394
-75
-71.13
67.52
-48.29
4.24
1768846394
-65
-70.65
67.26
-47.91
4.25
1768846394
-55
-70.79
67.59
-47.68
4.25
1768846394
-45
-69.82
67.53
-47.57
4.25
1768846394
-35
-69.51
68.04
-47.85
4.25
1768846394
-25
-68.92
67.84
-47.44
4.25
1768846394
-15
-68.50
67.88
-47.16
4.25
1768846394
-5
-68.19
67.98
-46.99
4.25
1768846394
5
-67.90
67.78
-47.47
4.25
1768846394
15
-67.39
68.34
-46.75
4.25
1768846394
25
-67.13
68.50
-46.78
4.25
1768846394
35
-66.11
68.63
-46.79
4.25
1768846394
45
-65.48
68.49
-46.43
4.25
1768846394
55
-65.36
68.73
-46.68
4.25
1768846394
65
-65.14
69.09
-46.68
4.25
1768846394
75
-64.50
68.89
-46.79
4.24
1768846394
85
-64.69
69.30
-46.58
4.24
1768846394
95
-63.44
69.23
-45.91
4.24
1768846394
105
-63.61
69.50
-46.35
4.24
1768846394
115
-62.89
69.28
-46.02
4.23
1768846394
125
-61.95
69.97
-46.46
4.23
1768846394
135
-62.73
69.99
-46.11
4.23
1768846394
145
-61.48
70.36
-45.74
4.23
1768846394
155
-61.24
70.48
-45.96
4.23
1768846394
165
-60.85
70.66
-45.61
4.23
1768846394
175
-60.49
70.75
-45.91
4.23
1768846394
185
-60.74
70.68
-45.95
4.22
1768846394
195
-59.83
71.16
-46.01
4.22
1768846394
205
-59.18
71.31
-45.62
4.22
1768846394
215
-59.34
71.29
-45.59
4.21
1768846394
225
-58.81
71.52
-45.22
4.21
1768846394
235
-57.98
71.85
-45.13
4.21
1768846394
245
-58.17
71.85
-45.67
4.20
1768846394
255
-57.53
72.10
-45.45
4.20