1768846394
-255
-75.50
65.80
-52.48
3.99
1768846394
-245
-76.25
65.50
-52.68
4.00
1768846394
-235
-76.12
65.62
-52.39
4.01
1768846394
-225
-75.12
65.56
-51.82
4.01
1768846394
-215
-74.83
65.69
-51.44
4.01
1768846394
-205
-74.30
65.84
-51.56
4.02
1768846394
-195
-74.91
65.93
-50.97
4.02
1768846394
-185
-73.95
65.94
-50.39
4.02
1768846394
-175
-73.19
66.15
-50.86
4.02
1768846394
-165
-73.06
66.25
-50.37
4.03
1768846394
-155
-74.32
66.31
-49.51
4.03
1768846394
-145
-72.23
65.78
-49.35
4.04
1768846394
-135
-71.44
66.25
-49.34
4.04
1768846394
-125
-72.43
66.42
-49.22
4.04
1768846394
-115
-72.32
66.40
-48.62
4.04
1768846394
-105
-70.83
66.59
-48.63
4.04
1768846394
-95
-71.30
66.61
-47.90
4.04
1768846394
-85
-69.44
67.16
-48.12
4.05
1768846394
-75
-70.14
67.11
-47.52
4.05
1768846394
-65
-69.81
67.05
-47.34
4.05
1768846394
-55
-69.52
67.11
-47.08
4.05
1768846394
-45
-69.24
66.83
-47.34
4.05
1768846394
-35
-68.10
67.05
-47.18
4.05
1768846394
-25
-67.70
67.04
-47.24
4.06
1768846394
-15
-67.49
67.10
-47.03
4.05
1768846394
-5
-67.29
67.46
-46.95
4.05
1768846394
5
-66.73
67.62
-46.43
4.05
1768846394
15
-66.28
67.80
-46.22
4.06
1768846394
25
-65.81
67.83
-45.83
4.05
1768846394
35
-65.36
67.99
-45.56
4.05
1768846394
45
-64.74
68.18
-45.17
4.05
1768846394
55
-65.19
68.39
-45.42
4.05
1768846394
65
-64.53
68.42
-45.41
4.05
1768846394
75
-63.29
68.61
-45.10
4.05
1768846394
85
-63.68
68.89
-44.98
4.04
1768846394
95
-62.68
68.61
-44.68
4.04
1768846394
105
-62.29
69.04
-44.72
4.04
1768846394
115
-61.40
69.35
-44.95
4.04
1768846394
125
-61.09
69.30
-44.85
4.04
1768846394
135
-61.66
69.61
-44.95
4.04
1768846394
145
-62.16
69.44
-45.73
4.03
1768846394
155
-61.70
69.13
-45.26
4.03
1768846394
165
-60.22
69.66
-44.75
4.03
1768846394
175
-59.22
69.78
-45.11
4.03
1768846394
185
-59.76
70.70
-45.09
4.02
1768846394
195
-60.06
70.27
-45.62
4.02
1768846394
205
-59.34
70.28
-45.35
4.02
1768846394
215
-58.83
70.29
-45.45
4.01
1768846394
225
-57.71
70.59
-45.28
4.01
1768846394
235
-57.80
71.11
-45.19
4.01
1768846394
245
-57.52
70.71
-45.36
4.00
1768846394
255
-56.87
70.73
-45.49
4.00