1768846394
-255
-73.31
69.39
-51.18
3.79
1768846394
-245
-73.86
69.15
-52.23
3.79
1768846394
-235
-73.64
69.58
-51.77
3.80
1768846394
-225
-73.24
69.36
-51.54
3.80
1768846394
-215
-73.44
69.52
-50.86
3.80
1768846394
-205
-72.41
69.47
-51.20
3.81
1768846394
-195
-72.91
69.71
-50.89
3.81
1768846394
-185
-71.58
69.63
-50.77
3.81
1768846394
-175
-72.23
69.75
-50.06
3.82
1768846394
-165
-70.90
69.89
-50.12
3.82
1768846394
-155
-71.53
69.99
-49.71
3.82
1768846394
-145
-70.34
70.09
-49.53
3.83
1768846394
-135
-70.94
70.29
-48.99
3.83
1768846394
-125
-69.17
70.04
-49.18
3.83
1768846394
-115
-68.52
70.44
-49.04
3.83
1768846394
-105
-69.52
70.82
-48.59
3.83
1768846394
-95
-69.35
70.43
-48.40
3.84
1768846394
-85
-68.93
70.73
-48.08
3.84
1768846394
-75
-68.54
70.65
-47.38
3.84
1768846394
-65
-67.77
70.60
-47.32
3.84
1768846394
-55
-66.63
70.89
-47.10
3.85
1768846394
-45
-66.50
71.06
-46.94
3.85
1768846394
-35
-66.24
71.46
-46.52
3.85
1768846394
-25
-66.29
71.41
-46.12
3.85
1768846394
-15
-65.98
71.55
-46.49
3.85
1768846394
-5
-65.35
71.65
-46.02
3.85
1768846394
5
-65.09
71.63
-45.80
3.85
1768846394
15
-64.62
71.67
-45.74
3.85
1768846394
25
-64.02
71.89
-45.55
3.85
1768846394
35
-63.16
72.12
-45.74
3.85
1768846394
45
-62.90
72.29
-45.78
3.85
1768846394
55
-62.29
72.33
-45.65
3.84
1768846394
65
-62.30
72.25
-45.63
3.85
1768846394
75
-62.93
72.27
-45.88
3.84
1768846394
85
-61.88
71.91
-45.27
3.84
1768846394
95
-61.17
72.23
-45.21
3.84
1768846394
105
-60.35
72.43
-45.01
3.83
1768846394
115
-60.01
72.48
-45.33
3.83
1768846394
125
-59.74
72.65
-46.31
3.83
1768846394
135
-59.37
72.72
-44.88
3.83
1768846394
145
-58.74
73.06
-45.28
3.82
1768846394
155
-58.42
73.37
-45.23
3.82
1768846394
165
-58.54
73.75
-44.99
3.82
1768846394
175
-58.94
74.13
-45.36
3.82
1768846394
185
-58.65
74.19
-45.23
3.82
1768846394
195
-57.84
74.04
-45.00
3.81
1768846394
205
-56.72
74.16
-44.76
3.81
1768846394
215
-57.16
74.60
-45.44
3.80
1768846394
225
-56.88
74.52
-45.29
3.80
1768846394
235
-56.08
74.73
-45.01
3.80
1768846394
245
-55.88
75.02
-45.21
3.79
1768846394
255
-55.81
74.85
-45.31
3.79