1768846394
-255
-74.31
68.16
-51.60
4.04
1768846394
-245
-75.10
67.79
-52.16
4.04
1768846394
-235
-74.76
67.83
-51.48
4.05
1768846394
-225
-74.36
68.05
-50.89
4.06
1768846394
-215
-73.98
67.86
-50.89
4.06
1768846394
-205
-73.45
67.63
-50.84
4.07
1768846394
-195
-73.31
67.90
-50.43
4.07
1768846394
-185
-73.35
68.12
-50.51
4.08
1768846394
-175
-71.87
67.71
-49.80
4.08
1768846394
-165
-72.07
68.20
-49.42
4.09
1768846394
-155
-71.96
68.04
-49.34
4.09
1768846394
-145
-70.41
68.02
-49.37
4.10
1768846394
-135
-71.48
68.19
-48.94
4.10
1768846394
-125
-69.57
68.10
-48.54
4.11
1768846394
-115
-70.76
68.02
-48.06
4.11
1768846394
-105
-69.29
68.19
-48.20
4.11
1768846394
-95
-69.53
68.14
-47.75
4.12
1768846394
-85
-69.18
68.17
-47.45
4.12
1768846394
-75
-68.15
68.44
-47.15
4.12
1768846394
-65
-67.69
68.65
-47.06
4.13
1768846394
-55
-67.54
69.03
-47.12
4.13
1768846394
-45
-67.07
69.24
-46.63
4.13
1768846394
-35
-66.69
69.37
-46.91
4.13
1768846394
-25
-65.94
69.26
-46.39
4.13
1768846394
-15
-65.76
69.57
-45.99
4.13
1768846394
-5
-67.07
68.80
-46.22
4.14
1768846394
5
-66.45
68.56
-46.15
4.13
1768846394
15
-65.67
68.90
-45.68
4.13
1768846394
25
-65.61
68.93
-45.62
4.13
1768846394
35
-65.43
68.67
-45.54
4.13
1768846394
45
-65.35
69.11
-45.54
4.13
1768846394
55
-65.14
69.32
-45.40
4.13
1768846394
65
-64.59
69.46
-45.37
4.13
1768846394
75
-64.25
69.20
-45.28
4.13
1768846394
85
-62.60
69.20
-45.27
4.12
1768846394
95
-62.36
69.33
-44.87
4.12
1768846394
105
-61.41
69.84
-44.74
4.12
1768846394
115
-61.98
70.15
-44.65
4.11
1768846394
125
-62.21
70.24
-45.00
4.10
1768846394
135
-61.86
70.23
-44.83
4.10
1768846394
145
-61.54
70.37
-44.84
4.10
1768846394
155
-60.97
70.93
-44.50
4.09
1768846394
165
-59.57
71.34
-44.54
4.09
1768846394
175
-59.12
71.52
-44.52
4.09
1768846394
185
-58.75
71.48
-44.61
4.08
1768846394
195
-57.83
71.33
-44.48
4.08
1768846394
205
-57.46
71.58
-44.39
4.07
1768846394
215
-57.78
71.36
-44.27
4.06
1768846394
225
-57.93
71.46
-44.29
4.06
1768846394
235
-57.47
71.78
-44.77
4.05
1768846394
245
-56.99
71.94
-44.51
4.04
1768846394
255
-56.90
72.24
-44.50
4.04