1768846394
-255
-73.66
69.78
-51.44
3.68
1768846394
-245
-73.93
69.91
-51.82
3.68
1768846394
-235
-73.41
69.98
-50.88
3.69
1768846394
-225
-73.44
69.80
-51.20
3.69
1768846394
-215
-73.45
69.86
-50.84
3.70
1768846394
-205
-72.68
69.89
-50.20
3.70
1768846394
-195
-71.89
69.78
-49.81
3.71
1768846394
-185
-71.27
69.99
-49.81
3.71
1768846394
-175
-70.97
70.11
-49.68
3.71
1768846394
-165
-70.40
70.16
-49.72
3.71
1768846394
-155
-70.86
70.04
-49.14
3.72
1768846394
-145
-70.68
70.00
-48.77
3.72
1768846394
-135
-70.34
70.13
-48.10
3.72
1768846394
-125
-70.35
70.24
-48.15
3.73
1768846394
-115
-70.29
70.23
-47.40
3.73
1768846394
-105
-68.65
70.31
-47.62
3.73
1768846394
-95
-69.06
70.67
-47.30
3.73
1768846394
-85
-67.46
70.75
-47.48
3.73
1768846394
-75
-67.97
70.60
-47.00
3.74
1768846394
-65
-67.02
70.55
-46.50
3.74
1768846394
-55
-66.91
70.99
-46.77
3.74
1768846394
-45
-67.01
71.08
-46.80
3.74
1768846394
-35
-66.99
71.20
-46.53
3.75
1768846394
-25
-66.10
71.25
-46.50
3.75
1768846394
-15
-65.52
70.84
-46.97
3.75
1768846394
-5
-65.39
71.01
-46.47
3.75
1768846394
5
-65.00
71.00
-46.08
3.75
1768846394
15
-64.58
71.21
-45.88
3.75
1768846394
25
-63.98
71.64
-45.52
3.74
1768846394
35
-63.63
71.73
-45.25
3.75
1768846394
45
-63.77
71.81
-45.02
3.74
1768846394
55
-62.92
71.53
-44.83
3.74
1768846394
65
-63.49
71.65
-44.67
3.74
1768846394
75
-62.69
71.62
-44.39
3.74
1768846394
85
-62.30
71.85
-45.26
3.73
1768846394
95
-61.35
72.19
-44.93
3.73
1768846394
105
-62.29
72.10
-44.76
3.73
1768846394
115
-61.60
71.76
-44.83
3.73
1768846394
125
-60.84
72.45
-44.69
3.73
1768846394
135
-60.67
72.52
-44.69
3.72
1768846394
145
-59.55
72.70
-44.51
3.72
1768846394
155
-59.30
72.72
-44.45
3.72
1768846394
165
-58.78
73.14
-44.35
3.72
1768846394
175
-58.32
73.34
-44.84
3.71
1768846394
185
-58.08
73.47
-44.79
3.71
1768846394
195
-57.92
74.22
-44.84
3.71
1768846394
205
-57.55
74.14
-44.84
3.70
1768846394
215
-57.15
73.91
-44.85
3.70
1768846394
225
-57.35
74.38
-44.50
3.70
1768846394
235
-57.17
74.30
-44.47
3.69
1768846394
245
-56.66
74.58
-44.64
3.69
1768846394
255
-56.22
74.35
-45.11
3.69